/*--------------------------------*- C++ -*----------------------------------*\
  =========                 |
  \\      /  F ield         | OpenFOAM: The Open Source CFD Toolbox
   \\    /   O peration     | Website:  https://openfoam.org
    \\  /    A nd           | Version:  10
     \\/     M anipulation  |
\*---------------------------------------------------------------------------*/
FoamFile
{
    format      ascii;
    class       volScalarField;
    location    "6.025";
    object      p;
}
// * * * * * * * * * * * * * * * * * * * * * * * * * * * * * * * * * * * * * //

dimensions      [0 2 -2 0 0 0 0];

internalField   nonuniform List<scalar> 
8000
(
4.89751e-06
1.5269e-06
4.56086e-05
0.000125267
0.000246445
0.000410578
0.000619054
0.00087276
0.00117191
0.00151502
0.00189827
0.00231472
0.00275346
0.00319916
0.00363138
0.0040261
0.00435728
0.00459993
0.00474797
0.00475956
9.66345e-06
4.81402e-06
5.02797e-05
0.000129276
0.000248539
0.000409767
0.000614644
0.000864465
0.00115961
0.00149892
0.00187898
0.00229323
0.00273082
0.00317684
0.00361172
0.00401071
0.004347
0.00459452
0.00474812
0.00475712
-4.64041e-05
-5.49068e-05
-1.11649e-05
6.49398e-05
0.000180776
0.000338194
0.000539303
0.000786029
0.00107951
0.00141952
0.00180364
0.00222634
0.00267821
0.00314445
0.00360399
0.00403042
0.00439345
0.0046621
0.00482963
0.00483384
-0.000150979
-0.000162173
-0.000120896
-4.89254e-05
6.18125e-05
0.000213509
0.000408951
0.000651043
0.000942152
0.00128354
0.00167452
0.0021113
0.0025856
0.00308342
0.00358398
0.00405731
0.00446747
0.00477449
0.00496768
0.004969
-0.000309856
-0.000323864
-0.000286146
-0.000219834
-0.000116071
2.77702e-05
0.000215321
0.000450707
0.00073795
0.00108041
0.00147986
0.00193523
0.00244067
0.00298362
0.00354306
0.00408543
0.00456705
0.00493464
0.00516956
0.00516925
-0.00052377
-0.000541056
-0.000508099
-0.000449307
-0.000355025
-0.000222178
-4.62099e-05
0.000178386
0.000457599
0.000797452
0.00120312
0.00167749
0.00221898
0.00281784
0.00345262
0.00408974
0.00467449
0.00513416
0.00543474
0.00543612
-0.00079277
-0.000814011
-0.00078718
-0.000738198
-0.000656682
-0.000539224
-0.000380411
-0.000173346
9.00764e-05
0.000418945
0.000822647
0.00130942
0.00188372
0.00254225
0.00326876
0.00402755
0.00475484
0.00535262
0.00575673
0.00577111
-0.00111662
-0.0011426
-0.00112336
-0.00108683
-0.00102208
-0.000925654
-0.000791577
-0.00061182
-0.000376319
-7.28602e-05
0.000312653
0.000795218
0.00138815
0.00209813
0.00292242
0.00382355
0.00473919
0.00554194
0.00611228
0.00617536
-0.00149484
-0.00152634
-0.00151601
-0.00149461
-0.00145098
-0.00138213
-0.00128214
-0.00114249
-0.000951819
-0.000695389
-0.000354652
9.271e-05
0.000671607
0.0014051
0.00230033
0.00334192
0.00449247
0.00559143
0.00643107
0.00663979
-0.001927
-0.00196464
-0.00196391
-0.00195973
-0.00194124
-0.00190667
-0.00185107
-0.00176657
-0.001642
-0.0014618
-0.0012049
-0.00084348
-0.00034231
0.000340391
0.00124611
0.00240227
0.00375168
0.00524918
0.00652338
0.00711124
-0.0024133
-0.00245728
-0.00246544
-0.00247906
-0.0024883
-0.00249359
-0.00249222
-0.00247854
-0.00244367
-0.00237443
-0.00225185
-0.00204845
-0.0017251
-0.00122809
-0.000485921
0.000592392
0.00209035
0.00395705
0.00590994
0.00737442
-0.00295599
-0.00300541
-0.00301914
-0.0030482
-0.0030847
-0.00313256
-0.00319262
-0.00326327
-0.0033407
-0.00341818
-0.00348534
-0.00352572
-0.00351414
-0.00340927
-0.00314291
-0.00258713
-0.00147087
0.000590492
0.0033511
0.00668471
-0.00356246
-0.00361423
-0.00362569
-0.00366296
-0.00372086
-0.00380859
-0.00393173
-0.00409425
-0.00430027
-0.00455444
-0.00486325
-0.00523494
-0.00568124
-0.0062116
-0.00682092
-0.00738754
-0.00744818
-0.00551318
-0.00107524
0.00514868
-0.00424687
-0.00428906
-0.00428031
-0.00431002
-0.00437737
-0.00449672
-0.0046772
-0.00492924
-0.00526646
-0.00570787
-0.0062833
-0.00703704
-0.0080428
-0.00938898
-0.0111572
-0.0130912
-0.0143538
-0.0116251
-0.00508549
0.00342479
-0.00504786
-0.00507607
-0.00503041
-0.00503569
-0.00508724
-0.00521036
-0.00542168
-0.0057391
-0.00618629
-0.00679659
-0.00762483
-0.00874496
-0.0103006
-0.0124161
-0.0152723
-0.0182882
-0.0209038
-0.0181893
-0.0115519
0.000331384
-0.00613029
-0.00593239
-0.00575992
-0.00565462
-0.00565914
-0.00578193
-0.00602814
-0.00640828
-0.00694783
-0.00768585
-0.00870138
-0.0100819
-0.0120464
-0.0147184
-0.0184414
-0.0224452
-0.0277517
-0.0273015
-0.0217504
-0.00329801
-0.00707252
-0.00718514
-0.00687801
-0.00675315
-0.00664538
-0.00665756
-0.0068107
-0.00712952
-0.00764773
-0.00840305
-0.00948329
-0.0109717
-0.013144
-0.0160503
-0.0204112
-0.0250713
-0.033383
-0.0335024
-0.0272384
0.000559033
-0.0109631
-0.00814265
-0.00751125
-0.00682633
-0.00659142
-0.00660359
-0.00682564
-0.00722047
-0.00781128
-0.00861126
-0.00973947
-0.0112341
-0.0134073
-0.016224
-0.0204343
-0.0247678
-0.0316453
-0.029738
-0.0202931
0.0208855
-0.0106325
-0.0115315
-0.0100791
-0.00959471
-0.0088702
-0.00841217
-0.00820314
-0.00824786
-0.00857819
-0.00917841
-0.0101512
-0.0114863
-0.0135296
-0.0160712
-0.019978
-0.0232805
-0.0278928
-0.0196172
-0.000633507
0.0659979
-0.0352238
-0.00983172
-0.00821444
-0.00676665
-0.006022
-0.00591669
-0.00618561
-0.00661176
-0.00727459
-0.00808351
-0.00931291
-0.0107448
-0.0129047
-0.015072
-0.0177654
-0.0175208
-0.0136395
0.0109962
0.0588608
0.168301
1.03904e-05
-4.3688e-06
3.75078e-05
0.000116168
0.000237512
0.000402359
0.000611937
0.000867439
0.00116893
0.00151503
0.00190208
0.0023232
0.00276749
0.00321921
0.00365802
0.00405914
0.00439515
0.00463886
0.00478443
0.0047799
2.44603e-05
9.50969e-06
5.45588e-05
0.000132921
0.000252035
0.000413236
0.000618143
0.000868135
0.00116365
0.00150368
0.00188495
0.00230105
0.00274111
0.00319098
0.00362991
0.00403305
0.0043724
0.00462015
0.00477222
0.00476355
-2.80361e-05
-4.84535e-05
-4.92648e-06
7.05688e-05
0.000186201
0.000343474
0.000544447
0.000791134
0.00108479
0.00142534
0.00181056
0.0022351
0.0026899
0.00316008
0.00362442
0.00405596
0.00442294
0.00469208
0.00485787
0.00484038
-0.000129695
-0.000153938
-0.000112746
-4.13969e-05
6.91244e-05
0.000220647
0.000415917
0.000657892
0.00094909
0.00129098
0.00168311
0.0021219
0.00259925
0.00310254
0.00360925
0.00408929
0.00450476
0.00481263
0.00500376
0.00497906
-0.000286666
-0.000314596
-0.000276885
-0.000211157
-0.000107544
3.62105e-05
0.000223718
0.000459174
0.000746749
0.00109005
0.00149119
0.00194932
0.00245811
0.00300911
0.00357711
0.00412897
0.00461845
0.00498811
0.00522052
0.00518852
-0.000498996
-0.000531032
-0.000498005
-0.000439711
-0.000345454
-0.000212528
-3.63726e-05
0.000188632
0.000468648
0.000809993
0.0012183
0.00169709
0.00224619
0.00285231
0.0035004
0.00415171
0.00474899
0.00521375
0.00551192
0.00547394
-0.00076634
-0.00080324
-0.000776243
-0.000727665
-0.000646033
-0.000528305
-0.000369033
-0.00016115
0.000103676
0.000434895
0.000842461
0.00133543
0.001919
0.00258953
0.00333582
0.00411742
0.00486652
0.00547662
0.0058813
0.00584769
-0.00108833
-0.00113109
-0.00111158
-0.00107538
-0.00101038
-0.000913493
-0.000778684
-0.000597692
-0.000360146
-5.33583e-05
0.000337515
0.00082859
0.00143401
0.00215685
0.00301424
0.00395567
0.00491162
0.00574463
0.00632684
0.0063389
-0.00146441
-0.00151413
-0.00150344
-0.00148232
-0.00143835
-0.00136891
-0.00126796
-0.00112671
-0.000933413
-0.000672699
-0.000324983
0.000133845
0.00073215
0.0015016
0.00243063
0.00354061
0.00476233
0.00593553
0.0068272
0.00702132
-0.00189402
-0.00195173
-0.00195059
-0.00194674
-0.00192794
-0.00189276
-0.0018361
-0.00174977
-0.00162213
-0.00143681
-0.00117134
-0.00079561
-0.00027025
0.000452479
0.00141953
0.0026586
0.00416695
0.00583467
0.00729748
0.00805391
-0.0023771
-0.00244356
-0.00245133
-0.00246549
-0.00247462
-0.00247951
-0.00247719
-0.00246167
-0.00242359
-0.00234883
-0.00221661
-0.00199666
-0.00164517
-0.00110052
-0.000281441
0.000907888
0.00258359
0.0048607
0.0073146
0.00941392
-0.00291523
-0.00299041
-0.00300374
-0.00303379
-0.00307072
-0.00311873
-0.00317831
-0.00324745
-0.00332187
-0.003394
-0.00345138
-0.00347503
-0.00343658
-0.00329263
-0.00297925
-0.00236896
-0.00108864
0.00130026
0.00485785
0.00956843
-0.0035148
-0.00359782
-0.00360945
-0.00364874
-0.00370782
-0.00379619
-0.00391929
-0.00408095
-0.00428463
-0.00453455
-0.00483563
-0.00519519
-0.00562771
-0.00616427
-0.00686884
-0.00773604
-0.00828328
-0.00637446
-0.00175146
0.00639797
-0.0041842
-0.00426346
-0.00425373
-0.00428659
-0.00435778
-0.00448079
-0.00466396
-0.00491692
-0.00525312
-0.00569152
-0.00626173
-0.00701162
-0.00802997
-0.00946985
-0.0115994
-0.0144651
-0.0174302
-0.0163427
-0.0109611
0.000192324
-0.00496224
-0.00505092
-0.00500585
-0.00501946
-0.00507581
-0.00520233
-0.00541544
-0.00573313
-0.00617854
-0.00678504
-0.00760825
-0.00873236
-0.0103237
-0.0126227
-0.0160823
-0.0206613
-0.0262978
-0.0267437
-0.0225704
-0.0080391
-0.00597405
-0.00584418
-0.00568053
-0.00558774
-0.00560824
-0.00574527
-0.00600213
-0.00638881
-0.00692988
-0.00766463
-0.00866797
-0.010044
-0.0120412
-0.0148855
-0.0193125
-0.0250691
-0.0338571
-0.0367344
-0.0352109
-0.0139804
-0.00673173
-0.00707013
-0.00677106
-0.00670407
-0.00661767
-0.00664554
-0.00680665
-0.00712794
-0.0076426
-0.00838126
-0.00943187
-0.010874
-0.0130501
-0.0159879
-0.0209529
-0.026894
-0.0374036
-0.0405519
-0.0393885
-0.00649859
-0.0104376
-0.00779022
-0.00719478
-0.00655845
-0.00641352
-0.00649362
-0.00676327
-0.00718347
-0.00778436
-0.00856126
-0.00965496
-0.0110122
-0.0131303
-0.0159375
-0.0204205
-0.0255576
-0.0334055
-0.0342584
-0.0272845
0.0210634
-0.00792437
-0.010522
-0.00946238
-0.00935199
-0.00881161
-0.00846216
-0.00830673
-0.00836231
-0.00868219
-0.00924219
-0.0101067
-0.0113081
-0.0132251
-0.0156941
-0.0199104
-0.0239188
-0.0295088
-0.0224597
-0.00136206
0.0744753
-0.0329549
-0.00794562
-0.0066132
-0.00572746
-0.00534282
-0.00541103
-0.00581093
-0.00631005
-0.00702588
-0.00782901
-0.00903342
-0.0103893
-0.0124946
-0.0147025
-0.0174868
-0.0176434
-0.0134285
0.0129913
0.0728255
0.199682
2.04204e-05
6.81447e-07
4.14299e-05
0.000119441
0.000240995
0.000406664
0.000617628
0.000875037
0.00117919
0.00152888
0.00192057
0.00234748
0.0027987
0.0032584
0.00370549
0.00411431
0.0044561
0.00470193
0.00484627
0.004832
4.04956e-05
2.01344e-05
6.47461e-05
0.000142512
0.000261531
0.000422983
0.000628517
0.000879621
0.00117689
0.00151948
0.00190429
0.00232504
0.00277103
0.00322765
0.00367393
0.00408418
0.00442901
0.00467894
0.00483051
0.00481254
-8.47943e-06
-3.52115e-05
7.97299e-06
8.27669e-05
0.000198172
0.000355525
0.000556946
0.000804598
0.00109993
0.00144309
0.00183208
0.00226178
0.00272331
0.00320148
0.00367472
0.00411514
0.00448926
0.00476153
0.004927
0.00489792
-0.000106709
-0.000137882
-9.69384e-05
-2.63277e-05
8.39015e-05
0.000235414
0.000431051
0.000673982
0.000966964
0.00131176
0.00170825
0.00215318
0.00263891
0.00315231
0.00367073
0.00416287
0.00458838
0.00490108
0.00509236
0.00505321
-0.000260705
-0.000296127
-0.000258584
-0.000193584
-9.02236e-05
5.35916e-05
0.000241601
0.000478259
0.000768054
0.00111498
0.00152162
0.0019877
0.00250811
0.00307202
0.00365628
0.00422562
0.00473041
0.00510823
0.00534177
0.00529079
-0.000470078
-0.000510202
-0.000477245
-0.000419625
-0.000325515
-0.000192362
-1.54351e-05
0.000211198
0.000494102
0.000840112
0.0012555
0.00174436
0.00230591
0.00293317
0.00360513
0.00428277
0.00490435
0.00538367
0.00568512
0.00562054
-0.000734133
-0.000779813
-0.000752772
-0.000704805
-0.000623208
-0.000505073
-0.000344724
-0.000134716
0.000133798
0.000470972
0.000887732
0.00139432
0.00199767
0.00269533
0.00347535
0.00429707
0.00508575
0.00572305
0.00613646
0.00606327
-0.00105225
-0.00110461
-0.00108496
-0.00104934
-0.00098433
-0.000886939
-0.000750824
-0.000567263
-0.000325242
-1.11384e-05
0.000391255
0.00090008
0.00153267
0.00229836
0.00319783
0.00419955
0.00522047
0.00610541
0.00671103
0.00666288
-0.00142362
-0.0014839
-0.001473
-0.00145255
-0.00140868
-0.00133883
-0.00123656
-0.00109252
-0.000894204
-0.000625106
-0.000263955
0.00021582
0.000844969
0.00165406
0.00265868
0.00386043
0.00518703
0.00646037
0.00741032
0.00752178
-0.0018473
-0.00191673
-0.00191538
-0.00191247
-0.00189412
-0.00185891
-0.00180128
-0.00171241
-0.00157975
-0.00138566
-0.00110562
-0.000706355
-0.000143629
0.000635424
0.00168027
0.00304113
0.00470845
0.00656479
0.00815517
0.0088046
-0.00232265
-0.00240225
-0.00240992
-0.00242553
-0.00243581
-0.0024415
-0.00243909
-0.00242193
-0.00237975
-0.00229714
-0.0021514
-0.00190909
-0.0015213
-0.000920201
-1.89048e-05
0.00126516
0.00312815
0.00570498
0.00840095
0.0102968
-0.0028502
-0.00294021
-0.00295359
-0.00298595
-0.00302526
-0.00307552
-0.00313661
-0.0032059
-0.0032783
-0.00334519
-0.00339297
-0.00340119
-0.00334023
-0.00316916
-0.00283931
-0.00224643
-0.00104161
0.00163891
0.0055486
0.0101508
-0.00343485
-0.0035353
-0.00354773
-0.00359086
-0.00365401
-0.00374651
-0.00387322
-0.0040376
-0.00424261
-0.00449202
-0.00479116
-0.0051498
-0.00559032
-0.00617345
-0.00703702
-0.00824093
-0.00914822
-0.00721996
-0.0022594
0.00571762
-0.00408027
-0.00417929
-0.0041707
-0.00420946
-0.00428788
-0.00441858
-0.00460909
-0.00486856
-0.0052104
-0.00565399
-0.00623124
-0.00699854
-0.00806536
-0.0096468
-0.0121495
-0.0157343
-0.0196708
-0.0191071
-0.0138848
-0.00268012
-0.0048242
-0.0049397
-0.00489657
-0.00492073
-0.00498801
-0.00512582
-0.00534961
-0.00567729
-0.00613219
-0.00674874
-0.00758472
-0.00873702
-0.0103986
-0.0128889
-0.0168228
-0.0222753
-0.0292681
-0.0307643
-0.0268618
-0.0122363
-0.00577528
-0.00567586
-0.00551721
-0.00543867
-0.00547716
-0.00563291
-0.00590755
-0.00631016
-0.00686486
-0.00761261
-0.00862694
-0.0100241
-0.0120652
-0.0150614
-0.0198961
-0.0262538
-0.0355982
-0.0387678
-0.0364483
-0.0164413
-0.00640282
-0.00680259
-0.0065193
-0.00648954
-0.00643164
-0.00648752
-0.00667308
-0.0070156
-0.00754483
-0.00829778
-0.00935121
-0.0107968
-0.0129572
-0.0159467
-0.0211092
-0.0272863
-0.0366902
-0.0394459
-0.0357928
-0.00620963
-0.0100722
-0.0074584
-0.00682756
-0.00620423
-0.00610125
-0.00623252
-0.0065481
-0.00700538
-0.0076212
-0.00842038
-0.00949989
-0.0108824
-0.0129282
-0.0157292
-0.020159
-0.0252234
-0.0316086
-0.0312828
-0.0216441
0.0233229
-0.00684247
-0.00970835
-0.0087699
-0.00877815
-0.00832348
-0.00805369
-0.00795998
-0.00807125
-0.00841883
-0.0089741
-0.0098698
-0.0110736
-0.0129508
-0.0154625
-0.0196749
-0.0237623
-0.0283335
-0.019887
0.00390309
0.0789277
-0.0322512
-0.00714003
-0.00579625
-0.00503091
-0.00476532
-0.00491515
-0.00537157
-0.00592637
-0.00666514
-0.00749728
-0.00869049
-0.0100564
-0.012113
-0.0143567
-0.0170345
-0.0170319
-0.0115963
0.0166753
0.0810938
0.209919
3.15587e-05
9.03129e-06
4.90859e-05
0.000126717
0.000248593
0.000415177
0.00062767
0.000887328
0.00119459
0.00154839
0.00194532
0.00237867
0.00283748
0.00330567
0.00376161
0.00417875
0.00452711
0.00477635
0.0049212
0.00490166
5.50001e-05
3.17379e-05
7.60142e-05
0.000153445
0.000272645
0.00043472
0.000641388
0.000894264
0.0011941
0.00154023
0.00192973
0.00235639
0.00280961
0.00327446
0.00372949
0.00414814
0.00449976
0.00475341
0.00490599
0.00488278
8.55372e-06
-2.15358e-05
2.13678e-05
9.57869e-05
0.000211321
0.000369234
0.000571735
0.000821146
0.00111911
0.00146602
0.00186011
0.00229644
0.00276626
0.00325411
0.00373793
0.0041888
0.00457167
0.00484893
0.00501595
0.0049802
-8.6933e-05
-0.000121795
-8.10741e-05
-1.08524e-05
9.94945e-05
0.000251565
0.000448319
0.000693131
0.000989013
0.00133804
0.00174042
0.00219323
0.00268919
0.00321488
0.00374718
0.00425351
0.00469125
0.00501136
0.00520534
0.00515751
-0.000238331
-0.000277736
-0.000240366
-0.000175739
-7.22056e-05
7.22693e-05
0.000261583
0.000500449
0.000793687
0.00114572
0.00155962
0.00203563
0.00256924
0.00314943
0.00375277
0.00434241
0.00486561
0.00525529
0.00549374
0.00543065
-0.000445008
-0.000489414
-0.000456575
-0.00039929
-0.000304914
-0.000170942
7.56388e-06
0.00023686
0.000523945
0.000876218
0.00130064
0.00180208
0.00238061
0.00303031
0.0037293
0.00443687
0.00508706
0.00558633
0.00589704
0.00581417
-0.000706034
-0.000756333
-0.000729357
-0.000681697
-0.000599756
-0.000480654
-0.000318456
-0.00010531
0.000168187
0.000512942
0.00094086
0.00146318
0.00208636
0.00281657
0.0036349
0.00450113
0.00533507
0.00600721
0.00643875
0.00633606
-0.00102058
-0.00107796
-0.00105834
-0.00102306
-0.000957705
-0.000859296
-0.000721171
-0.000534119
-0.000286437
3.64819e-05
0.000452262
0.000981078
0.00164388
0.00244666
0.00339844
0.00446537
0.00555781
0.00650466
0.00714775
0.00705037
-0.00138759
-0.00145338
-0.00144254
-0.00142256
-0.00137849
-0.00130775
-0.00120355
-0.00105597
-0.000851707
-0.000573083
-0.000197134
0.000305095
0.000967213
0.00182033
0.00289749
0.00419134
0.00562812
0.00701249
0.00803996
0.00807537
-0.00180577
-0.00188131
-0.00188012
-0.00187797
-0.00185978
-0.00182413
-0.00176502
-0.00167306
-0.00153488
-0.00133156
-0.00103673
-0.000614127
-1.49934e-05
0.000820424
0.00194032
0.00341217
0.00523364
0.00728216
0.00901834
0.00956105
-0.00227394
-0.00236039
-0.00236844
-0.00238534
-0.00239645
-0.00240249
-0.00239956
-0.00238046
-0.00233417
-0.00224422
-0.00208634
-0.00182464
-0.00140634
-0.000758859
0.000203855
0.00157642
0.00359695
0.00644802
0.00940532
0.0112139
-0.0027917
-0.00288946
-0.00290355
-0.00293802
-0.00297923
-0.00303115
-0.00309327
-0.00316254
-0.0032334
-0.00329669
-0.00333828
-0.00333761
-0.003266
-0.00308753
-0.00277175
-0.00223849
-0.00108062
0.00184601
0.00614451
0.0108483
-0.00336257
-0.00347222
-0.00348611
-0.00353265
-0.00359919
-0.00369503
-0.00382478
-0.00399173
-0.00419882
-0.00445018
-0.00475261
-0.00511993
-0.00558507
-0.00623769
-0.00728881
-0.00889138
-0.0102143
-0.00832742
-0.00313663
0.00523997
-0.00398706
-0.00409682
-0.00409037
-0.00413423
-0.00421829
-0.00435498
-0.00455142
-0.00481664
-0.00516448
-0.00561575
-0.00620606
-0.00700131
-0.00813327
-0.00986586
-0.0127345
-0.0170086
-0.0220016
-0.0219893
-0.0169173
-0.00498849
-0.00470145
-0.00483157
-0.00479192
-0.0048248
-0.00490065
-0.00504723
-0.00527952
-0.00561556
-0.00607927
-0.00670683
-0.00756041
-0.00874925
-0.0104916
-0.0131678
-0.0175364
-0.0237651
-0.0319742
-0.0341287
-0.0307846
-0.0154195
-0.00560386
-0.00552208
-0.00536943
-0.00530241
-0.00535339
-0.00552246
-0.00581025
-0.0062252
-0.00679118
-0.00754995
-0.00857731
-0.0100005
-0.0120991
-0.0152282
-0.0204027
-0.0272498
-0.0371016
-0.0402566
-0.0389607
-0.0182593
-0.0061496
-0.00658985
-0.00631229
-0.0063083
-0.0062695
-0.00634401
-0.00654592
-0.00690264
-0.00744272
-0.00820196
-0.00925616
-0.0107062
-0.0128808
-0.0159214
-0.0212053
-0.0275742
-0.0364696
-0.0389026
-0.036207
-0.00558335
-0.00974144
-0.00716587
-0.0065332
-0.0059307
-0.00585099
-0.00600992
-0.00635242
-0.00683375
-0.00746882
-0.00827353
-0.00934307
-0.0107128
-0.0127404
-0.0155325
-0.0199342
-0.0249023
-0.0306971
-0.0298446
-0.0210177
0.0259074
-0.00625713
-0.00928697
-0.00836346
-0.00843384
-0.0080121
-0.00777579
-0.00770994
-0.00784603
-0.00821077
-0.00878765
-0.00966209
-0.0108342
-0.0127042
-0.015221
-0.0194804
-0.023577
-0.0278477
-0.0187469
0.00497685
0.0830212
-0.0316815
-0.00656614
-0.00522475
-0.00451593
-0.00431305
-0.00451712
-0.00501675
-0.00561071
-0.00637465
-0.00722644
-0.00842168
-0.00977971
-0.011822
-0.0140507
-0.0166747
-0.0164927
-0.0106247
0.0188843
0.0842615
0.216845
4.31626e-05
1.9684e-05
5.9566e-05
0.000137215
0.000259606
0.000427221
0.000641344
0.000903357
0.00121384
0.00157189
0.00197421
0.00241416
0.0028807
0.0033575
0.00382238
0.00424802
0.00460338
0.00485699
0.00500367
0.0049817
6.80453e-05
4.36805e-05
8.78866e-05
0.000165341
0.000285012
0.000448026
0.000656199
0.000911286
0.0012142
0.00156444
0.00195923
0.00239243
0.00285349
0.00332715
0.00379149
0.0042191
0.00457821
0.00483666
0.00499148
0.00496603
2.32432e-05
-8.12361e-06
3.47366e-05
0.000109168
0.000225169
0.000384027
0.00058807
0.000839788
0.00114103
0.00149239
0.00189232
0.00233608
0.00281494
0.00331318
0.00380824
0.00427023
0.00466265
0.00494619
0.00511618
0.00507737
-7.0211e-05
-0.000106479
-6.57667e-05
4.47479e-06
0.000115316
0.000268386
0.000466796
0.000714129
0.00101366
0.00136776
0.00177695
0.00223861
0.00274569
0.00328455
0.00383153
0.00435282
0.00480379
0.00513287
0.00533128
0.00527897
-0.000219445
-0.000260375
-0.000222979
-0.000158306
-5.42114e-05
9.13859e-05
0.000282573
0.00052433
0.000821816
0.00117987
0.00160204
0.00208907
0.00263686
0.00323434
0.00385766
0.00446845
0.00501117
0.00541454
0.00566004
0.00558961
-0.000423737
-0.000469785
-0.000436888
-0.000379526
-0.000284504
-0.000149256
3.13926e-05
0.000264035
0.000556112
0.000915588
0.00135011
0.00186531
0.0024621
0.00313492
0.00386162
0.00459977
0.00527957
0.00580068
0.00612323
0.00602721
-0.000682027
-0.000734101
-0.000707048
-0.0006593
-0.000576656
-0.000456156
-0.000291575
-7.46454e-05
0.000204597
0.000557814
0.000997879
0.00153728
0.00218422
0.00294436
0.00380081
0.00471141
0.00559081
0.00629908
0.00675151
0.00662382
-0.000993333
-0.00105265
-0.00103296
-0.000997643
-0.000931609
-0.000831785
-0.000691171
-0.000500065
-0.000246081
8.63334e-05
0.000516106
0.00106501
0.00175529
0.00259753
0.0036008
0.00473099
0.00589302
0.00690082
0.00758313
0.00743698
-0.00135638
-0.0014243
-0.00141346
-0.00139359
-0.00134901
-0.00127703
-0.00117049
-0.00101894
-0.000808282
-0.000519761
-0.000128844
0.000395584
0.00108992
0.00198912
0.00313081
0.00451016
0.00605049
0.00753933
0.0086419
0.00858691
-0.00176957
-0.00184746
-0.00184644
-0.0018447
-0.00182637
-0.00178992
-0.00172901
-0.00163369
-0.00148982
-0.00127739
-0.00096839
-0.000524086
0.000107843
0.000991079
0.00218122
0.00375362
0.00571439
0.00793762
0.00980906
0.0101997
-0.00223122
-0.00232033
-0.00232882
-0.00234662
-0.00235821
-0.00236425
-0.00236052
-0.00233935
-0.00228913
-0.00219255
-0.00202415
-0.00174628
-0.00130335
-0.00061927
0.000394188
0.00184105
0.00399509
0.00708657
0.0102731
0.0119221
-0.00274025
-0.00284103
-0.00285594
-0.00289201
-0.00293463
-0.00298775
-0.00305056
-0.00311979
-0.00318959
-0.00325059
-0.00328868
-0.00328389
-0.00320936
-0.00303461
-0.00274473
-0.00227533
-0.00118539
0.00194813
0.00662204
0.011295
-0.00329912
-0.00341237
-0.00342774
-0.00347691
-0.00354609
-0.0036446
-0.00377695
-0.00394641
-0.0041562
-0.00441124
-0.00472034
-0.00510206
-0.00560011
-0.00632886
-0.00756165
-0.00950052
-0.0113196
-0.00934797
-0.00377116
0.00492482
-0.00390652
-0.00402053
-0.00401622
-0.00406394
-0.00415217
-0.00429342
-0.0044947
-0.00476522
-0.00511957
-0.00558037
-0.00618741
-0.00701636
-0.00822045
-0.0101072
-0.0133305
-0.0182598
-0.0242351
-0.0243577
-0.0189105
-0.00632583
-0.00459809
-0.00473385
-0.00469716
-0.00473606
-0.00481799
-0.00497106
-0.00521013
-0.00555361
-0.0060264
-0.00666689
-0.00754235
-0.00877312
-0.010605
-0.013467
-0.0182603
-0.0251945
-0.0344029
-0.0365971
-0.0327508
-0.0169856
-0.00546582
-0.0053913
-0.00524331
-0.00518421
-0.00524312
-0.00542087
-0.00571776
-0.00614219
-0.0067185
-0.00748997
-0.00853604
-0.00999176
-0.012163
-0.0154294
-0.0209215
-0.028213
-0.0385242
-0.0410797
-0.0389674
-0.0187254
-0.00597173
-0.0064264
-0.00614862
-0.00615812
-0.00612946
-0.0062146
-0.00642636
-0.00679232
-0.00734119
-0.00810893
-0.00917308
-0.0106375
-0.0128549
-0.0159811
-0.0213226
-0.0278803
-0.0364347
-0.0381506
-0.034249
-0.00475348
-0.00949519
-0.00694432
-0.0063178
-0.00573007
-0.0056598
-0.00583097
-0.00618601
-0.00667923
-0.00732439
-0.00813482
-0.00920819
-0.0105784
-0.0126072
-0.0154038
-0.019792
-0.0246622
-0.0300211
-0.0284055
-0.0184312
0.0277021
-0.00599733
-0.00906255
-0.0081202
-0.00820699
-0.0077906
-0.00756422
-0.00750796
-0.00765271
-0.00802659
-0.00861017
-0.0094856
-0.0106571
-0.0125298
-0.0150494
-0.0193483
-0.0234051
-0.0273537
-0.0174355
0.00730515
0.0855526
-0.0313831
-0.00626556
-0.00491413
-0.00421281
-0.00402812
-0.00425245
-0.00477058
-0.00538111
-0.00615811
-0.00701913
-0.00822015
-0.00957657
-0.0116188
-0.0138395
-0.0164218
-0.0161025
-0.00981017
0.0204563
0.0869364
0.220257
5.41487e-05
3.03946e-05
7.03357e-05
0.00014824
0.000271291
0.000440037
0.000655865
0.000920284
0.00123401
0.00159627
0.00200389
0.00245025
0.00292426
0.00340931
0.00388279
0.00431663
0.00467891
0.00493723
0.00508632
0.00506317
7.96411e-05
5.49329e-05
9.92314e-05
0.000176951
0.000297281
0.00046141
0.000671263
0.000928731
0.00123488
0.00158934
0.00198949
0.00242922
0.00289802
0.00338029
0.00385368
0.00429005
0.00465663
0.00492022
0.00507777
0.00505135
3.59413e-05
4.1824e-06
4.71546e-05
0.000121863
0.000238547
0.000398563
0.000604367
0.00085861
0.00116332
0.00151929
0.00192517
0.00237635
0.0028641
0.00337248
0.00387844
0.00435121
0.00475303
0.00504313
0.00521664
0.0051763
-5.60175e-05
-9.27163e-05
-5.18661e-05
1.86762e-05
0.00013025
0.000284564
0.000484886
0.000734997
0.00103841
0.00139777
0.00181387
0.00228434
0.00280232
0.00335391
0.003915
0.00445063
0.00491444
0.00525267
0.00545605
0.00540112
-0.000203519
-0.000244911
-0.000207352
-0.000142344
-3.74422e-05
0.00010953
0.000302851
0.000547752
0.00084971
0.00121394
0.00164441
0.00214227
0.0027038
0.00331785
0.00396012
0.00459088
0.00515216
0.00556904
0.00582202
0.00574663
-0.000405812
-0.000452353
-0.000419273
-0.000361543
-0.000265638
-0.000128874
5.41586e-05
0.000290368
0.000587601
0.00095434
0.00139884
0.00192742
0.00254165
0.00323625
0.00398879
0.0047553
0.00546262
0.00600453
0.006339
0.00623298
-0.000661768
-0.000714372
-0.000687134
-0.000639012
-0.000555442
-0.000433324
-0.000266155
-4.52836e-05
0.000239771
0.00060135
0.0010532
0.00160889
0.00227789
0.00306594
0.00395728
0.0049082
0.00582891
0.00657031
0.0070427
0.0068943
-0.000970292
-0.00103018
-0.00101035
-0.000974706
-0.000907782
-0.000806346
-0.000663082
-0.000467841
-0.000207624
0.00013396
0.000576971
0.00114458
0.00186041
0.00273826
0.00378758
0.00497409
0.00619797
0.00725978
0.00797772
0.00778857
-0.00132994
-0.0013985
-0.0013876
-0.00136755
-0.00132224
-0.00124884
-0.00113984
-0.0009843
-0.000767476
-0.00046964
-6.49218e-05
0.000479649
0.00120293
0.00214308
0.00334105
0.00479486
0.00642549
0.00800452
0.00917261
0.00903256
-0.00173887
-0.00181749
-0.00181657
-0.00181492
-0.0017962
-0.00175876
-0.00169591
-0.00159728
-0.00144808
-0.00122737
-0.000905803
-0.000442649
0.000217306
0.00114139
0.00239127
0.0040503
0.00613127
0.00850397
0.0104915
0.0107323
-0.00219503
-0.00228498
-0.00229384
-0.00231213
-0.00232388
-0.00232965
-0.00232494
-0.00230176
-0.00224802
-0.00214579
-0.00196873
-0.00167787
-0.00121547
-0.000502361
0.00055308
0.00206253
0.00433383
0.00763716
0.0110101
0.0125116
-0.00269684
-0.00279859
-0.00281422
-0.00285136
-0.00289491
-0.00294877
-0.00301197
-0.00308109
-0.00315017
-0.00320984
-0.00324623
-0.00324013
-0.0031664
-0.00299887
-0.00273458
-0.00231845
-0.00126404
0.00208576
0.00709079
0.0117021
-0.00324609
-0.00336054
-0.00337714
-0.00342816
-0.00349922
-0.0035997
-0.00373407
-0.00390575
-0.00411835
-0.00437772
-0.00469474
-0.00509239
-0.00562343
-0.00642242
-0.00781528
-0.0100541
-0.0122496
-0.0101196
-0.0041478
0.00479799
-0.00384049
-0.00395591
-0.00395338
-0.00400381
-0.00409499
-0.00423956
-0.00444458
-0.00471964
-0.0050802
-0.00555078
-0.00617525
-0.00703822
-0.00831104
-0.0103385
-0.0138765
-0.0193791
-0.0261756
-0.0262549
-0.0203519
-0.00720427
-0.00451581
-0.0046535
-0.00461905
-0.00466188
-0.00474789
-0.00490549
-0.00514967
-0.0054993
-0.00598041
-0.0066338
-0.00753169
-0.00880502
-0.010725
-0.0137611
-0.018947
-0.0265223
-0.0366243
-0.0387171
-0.0343496
-0.0181043
-0.00535966
-0.00528781
-0.00514329
-0.00508938
-0.00515335
-0.00533675
-0.0056399
-0.00607149
-0.00665671
-0.00744064
-0.00850684
-0.00999784
-0.0122458
-0.0156512
-0.0214681
-0.0292036
-0.040207
-0.0421456
-0.0396181
-0.0191026
-0.00584824
-0.00630773
-0.0060284
-0.00604435
-0.00602061
-0.0061115
-0.00632911
-0.00670109
-0.0072569
-0.00803324
-0.0091101
-0.010593
-0.0128546
-0.0160533
-0.0215692
-0.0283243
-0.0368346
-0.0380953
-0.0338281
-0.00412489
-0.00931995
-0.0067839
-0.00616541
-0.00558765
-0.00552195
-0.00569806
-0.00605861
-0.00655759
-0.00720898
-0.00802539
-0.00910503
-0.0104812
-0.0125229
-0.0153372
-0.0197684
-0.0245928
-0.029796
-0.0276722
-0.0174396
0.02906
-0.00586683
-0.0089371
-0.00797321
-0.00806386
-0.00764471
-0.00741806
-0.0073632
-0.00750893
-0.00788672
-0.0084722
-0.00935236
-0.0105266
-0.0124171
-0.0149411
-0.0192944
-0.0233123
-0.0270924
-0.0165788
0.00868762
0.0873805
-0.0311992
-0.00608738
-0.00472891
-0.00402589
-0.00384619
-0.00407646
-0.00460224
-0.0052178
-0.0060024
-0.00686649
-0.00807704
-0.00943392
-0.0114922
-0.0137077
-0.0162826
-0.0158419
-0.00931225
0.0215565
0.0886473
0.222442
6.38316e-05
4.00857e-05
8.02096e-05
0.000158492
0.000282253
0.000452117
0.000669574
0.000936246
0.00125297
0.00161909
0.00203152
0.00248367
0.00296438
0.00345681
0.00393795
0.00437915
0.00474774
0.00501052
0.00516207
0.00513836
8.95839e-05
6.48266e-05
0.000109312
0.000187419
0.000308472
0.000473733
0.000685232
0.000944979
0.00125416
0.00161257
0.00201764
0.00246333
0.0029391
0.00342911
0.00391062
0.00435485
0.00472822
0.00499667
0.00515696
0.00513016
4.66297e-05
1.4816e-05
5.79893e-05
0.000133104
0.000250547
0.000411753
0.000619298
0.000875972
0.00118396
0.00154423
0.00195557
0.0024135
0.00290926
0.00342671
0.00394238
0.00442476
0.00483503
0.00513123
0.00530817
0.00526706
-4.42444e-05
-8.10016e-05
-3.99308e-05
3.10485e-05
0.000143437
0.000299034
0.00050125
0.000754039
0.00106112
0.00142537
0.00184781
0.00232624
0.00285397
0.00341688
0.0039904
0.00453866
0.00501383
0.00536035
0.00556844
0.00551194
-0.000190402
-0.000231853
-0.000194054
-0.000128572
-2.27859e-05
0.000125591
0.000321009
0.00056892
0.000875067
0.00124499
0.00168299
0.00219056
0.00276427
0.00339286
0.00405162
0.00469969
0.00527705
0.00570584
0.00596564
0.00588688
-0.000391091
-0.000437691
-0.000404356
-0.000346124
-0.000249268
-0.000110976
7.43673e-05
0.000313944
0.000615951
0.000989299
0.00144275
0.00198318
0.00261266
0.00332611
0.00410078
0.00489143
0.00562209
0.00618178
0.00652666
0.00641333
-0.000645148
-0.000697812
-0.000670323
-0.000621695
-0.000537142
-0.000413419
-0.000243777
-1.92371e-05
0.000271118
0.000640196
0.00110246
0.00167235
0.00236026
0.00317216
0.00409289
0.00507746
0.00603241
0.00680118
0.00729027
0.00712609
-0.000951401
-0.00101136
-0.000991311
-0.000955207
-0.00088734
-0.000784319
-0.000638554
-0.000439522
-0.000173712
0.000175957
0.000630464
0.00121411
0.00195171
0.00285925
0.00394662
0.00517925
0.00645332
0.00755836
0.0083048
0.00808209
-0.00130829
-0.00137692
-0.0013659
-0.00134551
-0.00129941
-0.0012246
-0.00111329
-0.000954154
-0.000731893
-0.000426007
-9.55359e-06
0.000551921
0.00129923
0.00227292
0.00351664
0.00503042
0.00673313
0.00838275
0.00960159
0.00939318
-0.00171377
-0.00179249
-0.00179159
-0.00178982
-0.00177061
-0.00173214
-0.00166749
-0.0015659
-0.00141211
-0.00118444
-0.000852481
-0.000373982
0.000308559
0.0012655
0.00256295
0.00429136
0.00646821
0.00895775
0.011035
0.0111511
-0.00216556
-0.00225564
-0.00226474
-0.00228325
-0.00229496
-0.00230033
-0.00229465
-0.00226969
-0.00221303
-0.00210628
-0.00192245
-0.00162157
-0.00114423
-0.000408568
0.000680584
0.00224168
0.00461173
0.0080882
0.0116038
0.0129744
-0.00266174
-0.00276365
-0.00277981
-0.00281762
-0.00286174
-0.00291602
-0.00297942
-0.00304843
-0.00311708
-0.00317608
-0.0032118
-0.00320568
-0.00313378
-0.00297271
-0.00272699
-0.00234372
-0.00128653
0.00227263
0.00755002
0.0120708
-0.00320372
-0.0033184
-0.00333591
-0.00338814
-0.0034605
-0.00356236
-0.00369826
-0.00387182
-0.00408702
-0.0043506
-0.00467517
-0.00508712
-0.00564588
-0.00650029
-0.00801404
-0.010471
-0.0129001
-0.0105704
-0.00422362
0.00486124
-0.0037887
-0.00390436
-0.00390315
-0.00395538
-0.00404858
-0.0041955
-0.00440337
-0.00468215
-0.00504817
-0.00552762
-0.00616778
-0.00706001
-0.00839014
-0.0105297
-0.0143132
-0.0202543
-0.027642
-0.0275848
-0.0211816
-0.00761951
-0.00445298
-0.00459106
-0.00455818
-0.00460347
-0.00469212
-0.00485282
-0.00510073
-0.00545527
-0.00594356
-0.00660854
-0.00752683
-0.00883778
-0.0108336
-0.0140143
-0.0195214
-0.0276216
-0.038459
-0.0404101
-0.0353707
-0.0187538
-0.00528082
-0.00520984
-0.00506772
-0.00501707
-0.00508421
-0.00527121
-0.00557863
-0.00601559
-0.00660824
-0.00740351
-0.00848903
-0.0100134
-0.012332
-0.0158616
-0.021967
-0.0300991
-0.0417944
-0.0432692
-0.0399865
-0.0193678
-0.00576245
-0.00622318
-0.00594251
-0.00596161
-0.00594012
-0.00603391
-0.00625476
-0.00663062
-0.00719184
-0.00797622
-0.00906731
-0.0105717
-0.0128795
-0.0161528
-0.0218403
-0.028814
-0.0374413
-0.0383609
-0.0333404
-0.00372636
-0.00919963
-0.00667142
-0.00605954
-0.00548795
-0.00542474
-0.005603
-0.00596582
-0.00646735
-0.00712256
-0.00794385
-0.00903326
-0.0104234
-0.0124759
-0.0153222
-0.0198156
-0.0246502
-0.0298102
-0.0273044
-0.0163419
0.0300287
-0.00579442
-0.00885979
-0.00788
-0.00797031
-0.00754748
-0.00731869
-0.00726261
-0.00740682
-0.00778577
-0.0083721
-0.00925872
-0.0104403
-0.0123508
-0.0148891
-0.019299
-0.0233082
-0.0269927
-0.0160043
0.0099232
0.0886688
-0.0310859
-0.00598106
-0.00461832
-0.00391159
-0.00373174
-0.00396228
-0.00449
-0.00510604
-0.005894
-0.00676003
-0.00797904
-0.00934231
-0.0114183
-0.0136426
-0.0162207
-0.0157146
-0.00900842
0.0222656
0.0899556
0.223879
7.16272e-05
4.79698e-05
8.83016e-05
0.000166969
0.000291377
0.000462219
0.00068107
0.000949645
0.00126888
0.00163821
0.0020546
0.00251151
0.00299768
0.00349612
0.00398349
0.00443068
0.00480444
0.00507097
0.00522466
0.00520068
9.74972e-05
7.27848e-05
0.000117476
0.000195976
0.000317692
0.000483951
0.00069687
0.000958555
0.0012703
0.00163198
0.00204114
0.00249173
0.00297319
0.00346951
0.00395762
0.00440825
0.00478719
0.00505968
0.00522233
0.0051954
5.50484e-05
2.32824e-05
6.66734e-05
0.000142201
0.000260341
0.0004226
0.000631651
0.000890396
0.00120115
0.001565
0.00198084
0.0024443
0.0029466
0.00347141
0.00399493
0.00448506
0.00490218
0.00520339
0.00538324
0.00534174
-3.50614e-05
-7.1766e-05
-3.04618e-05
4.09587e-05
0.000154095
0.000310828
0.000514681
0.00076975
0.00107991
0.00144822
0.00187588
0.00236083
0.00289644
0.00346844
0.00405192
0.00461025
0.0050945
0.00544773
0.00565969
0.00560225
-0.000180233
-0.000221622
-0.000183573
-0.000117619
-1.10257e-05
0.000138587
0.00033581
0.000586266
0.00089591
0.00127053
0.00171468
0.00223009
0.00281358
0.00345376
0.00412557
0.00478725
0.00537723
0.00581544
0.00608071
0.00599976
-0.000379717
-0.000426246
-0.000392651
-0.000333921
-0.000236206
-9.65822e-05
9.07321e-05
0.000333133
0.000639088
0.00101784
0.00147854
0.00202845
0.00267004
0.00339832
0.00419027
0.00499959
0.00574819
0.00632157
0.00667452
0.00655629
-0.000632333
-0.000684916
-0.000657173
-0.000608045
-0.00052261
-0.000397499
-0.000225769
1.81639e-06
0.00029651
0.000671651
0.00114224
0.00172338
0.00242607
0.00325651
0.00419983
0.00521
0.00619071
0.00697992
0.00748149
0.00730658
-0.00093686
-0.00099673
-0.00097646
-0.000939893
-0.000871182
-0.000766799
-0.000618939
-0.000416793
-0.000146459
0.000209668
0.000673253
0.00126943
0.00202391
0.00295412
0.00407025
0.0053373
0.00664833
0.00778468
0.00855155
0.00830604
-0.00129165
-0.00136019
-0.00134901
-0.00132826
-0.00128144
-0.00120542
-0.00109219
-0.000930136
-0.000703533
-0.000391311
3.42618e-05
0.000608728
0.00137431
0.00237321
0.00365099
0.00520878
0.00696361
0.00866302
0.00991711
0.00966207
-0.00169455
-0.00177318
-0.00177224
-0.00177028
-0.00175058
-0.00171121
-0.00164506
-0.0015411
-0.0013837
-0.00115065
-0.000810786
-0.000320741
0.000378637
0.00135992
0.00269218
0.00447109
0.00671676
0.00928758
0.0114268
0.0114567
-0.0021431
-0.00223308
-0.00224231
-0.00226089
-0.00227247
-0.00227742
-0.00227092
-0.00224454
-0.00218566
-0.00207555
-0.00188676
-0.00157862
-0.00109049
-0.000338483
0.000775476
0.002375
0.00481867
0.00841874
0.0120361
0.0133066
-0.0026352
-0.002737
-0.00275351
-0.0027917
-0.00283615
-0.00289065
-0.00295413
-0.00302306
-0.00309148
-0.00315018
-0.00318576
-0.00318009
-0.00310998
-0.00295363
-0.00271959
-0.00235281
-0.00127508
0.0024455
0.00791597
0.0123686
-0.00317202
-0.00328659
-0.00330472
-0.00335772
-0.00343092
-0.00353372
-0.00367073
-0.00384574
-0.00406309
-0.0043302
-0.00466098
-0.0050842
-0.00566376
-0.00655779
-0.0081546
-0.0107564
-0.0133128
-0.0108125
-0.00417905
0.00498419
-0.00375054
-0.00386605
-0.00386573
-0.00391912
-0.00401366
-0.0041622
-0.00437212
-0.00465376
-0.00502413
-0.00551076
-0.00616343
-0.00707839
-0.00845145
-0.010672
-0.014629
-0.0208735
-0.0286503
-0.0284606
-0.0216746
-0.00782014
-0.00440764
-0.00454565
-0.00451379
-0.00456057
-0.00465089
-0.00481363
-0.00506418
-0.00542241
-0.00591637
-0.00659075
-0.00752552
-0.00886628
-0.0109208
-0.0142099
-0.0199544
-0.0284427
-0.0398251
-0.041681
-0.0361251
-0.0191848
-0.00522524
-0.00515439
-0.00501383
-0.00496518
-0.00503431
-0.00522362
-0.00553392
-0.00597477
-0.00657323
-0.00737786
-0.00847965
-0.0100321
-0.0124079
-0.0160359
-0.0223679
-0.0308139
-0.0430787
-0.0442893
-0.0404226
-0.0196087
-0.00570439
-0.00616514
-0.00588356
-0.00590416
-0.00588373
-0.00597906
-0.00620181
-0.00658024
-0.00714564
-0.00793693
-0.00904124
-0.0105674
-0.012913
-0.01625
-0.0220845
-0.0292539
-0.0380568
-0.0387801
-0.0332473
-0.00353974
-0.00912021
-0.00659588
-0.00598864
-0.00542064
-0.00535886
-0.00553809
-0.00590194
-0.0064048
-0.00706267
-0.00788825
-0.0089893
-0.0104136
-0.0124354
-0.0153348
-0.0198912
-0.02476
-0.0299331
-0.0272024
-0.0157778
0.030639
-0.00575059
-0.00881028
-0.00782046
-0.0079096
-0.0074839
-0.00725309
-0.00719545
-0.00733802
-0.00771735
-0.00830457
-0.00919795
-0.0103897
-0.0123155
-0.014873
-0.0193345
-0.0233511
-0.0269934
-0.0156625
0.0107679
0.0895386
-0.0310148
-0.00591585
-0.00455089
-0.00384128
-0.00366042
-0.00388987
-0.00441764
-0.00503276
-0.00582232
-0.00668975
-0.00791616
-0.00928734
-0.0113804
-0.0136182
-0.0162093
-0.0156668
-0.00884606
0.0227195
0.0908641
0.224832
7.70899e-05
5.35192e-05
9.40223e-05
0.000172994
0.000297892
0.000469456
0.000689323
0.000959273
0.00128031
0.00165192
0.00207115
0.00253143
0.00302145
0.00352411
0.00401588
0.00446729
0.00484472
0.00511392
0.00526917
0.00524506
0.000103015
7.83592e-05
0.000123219
0.000202029
0.000324246
0.000491245
0.000705201
0.000968289
0.00128187
0.00164589
0.00205795
0.00251205
0.0029975
0.00349826
0.00399103
0.00444616
0.00482903
0.00510441
0.00526875
0.0052418
6.08823e-05
2.91767e-05
7.27449e-05
0.000148598
0.000267265
0.000430305
0.000640457
0.000900702
0.00121344
0.00157984
0.00199886
0.00246615
0.00297313
0.00350314
0.00403216
0.0045277
0.00494962
0.00525436
0.00543629
0.00539461
-2.87371e-05
-6.53761e-05
-2.38838e-05
4.78841e-05
0.000161584
0.000319158
0.000524209
0.000780926
0.0010933
0.00146451
0.00189588
0.00238548
0.00292655
0.00350487
0.00409526
0.00466056
0.00515109
0.00550898
0.00572368
0.00566572
-0.000173259
-0.000214575
-0.000176327
-0.000110002
-2.80192e-06
0.000147723
0.000346258
0.000598548
0.000910692
0.00128864
0.00173714
0.00225801
0.00284833
0.00349651
0.00417729
0.00484828
0.00544687
0.00589152
0.00616056
0.00607835
-0.000371941
-0.000418386
-0.000384585
-0.000325467
-0.000227109
-8.6508e-05
0.000102233
0.000346657
0.000655415
0.00103797
0.00150374
0.00206023
0.00271018
0.00344862
0.00425231
0.00507425
0.0058349
0.00641746
0.00677584
0.0066547
-0.00062359
-0.000676081
-0.000648135
-0.000598617
-0.000512526
-0.000386402
-0.000213169
1.65832e-05
0.000314335
0.000693714
0.00117009
0.00175896
0.00247174
0.00331475
0.00427325
0.00530047
0.00629818
0.00710077
0.0076105
0.00742924
-0.000926958
-0.000986727
-0.000966277
-0.000929348
-0.000860008
-0.000754634
-0.000605277
-0.000400932
-0.000127434
0.000233167
0.000702991
0.00130772
0.00207362
0.00301901
0.00415421
0.00544385
0.00677885
0.00793521
0.00871504
0.0084561
-0.00128035
-0.00134878
-0.00133747
-0.00131642
-0.00126906
-0.00119216
-0.00107757
-0.000913463
-0.000683852
-0.000367285
6.44875e-05
0.00064771
0.0014255
0.00244108
0.00374118
0.00532748
0.00711557
0.00884607
0.0101219
0.00983964
-0.00168153
-0.00176004
-0.00175905
-0.00175691
-0.00173683
-0.00169681
-0.00162958
-0.00152398
-0.0013641
-0.00112741
-0.000782253
-0.000284534
0.000425947
0.0014232
0.00277805
0.00458944
0.00687869
0.00949949
0.0116769
0.0116565
-0.00212795
-0.0022178
-0.0022271
-0.00224566
-0.00225711
-0.00226174
-0.00225464
-0.00222729
-0.00216691
-0.00205457
-0.00186256
-0.00154969
-0.00105456
-0.000291905
0.000838445
0.00246351
0.00495504
0.00863252
0.0123157
0.0135232
-0.00261739
-0.00271905
-0.00273577
-0.00277416
-0.00281878
-0.00287339
-0.00293691
-0.00300578
-0.00307409
-0.00313268
-0.00316831
-0.00316307
-0.00309418
-0.00294048
-0.00271202
-0.00234999
-0.00125099
0.00257757
0.00817553
0.0125794
-0.00315094
-0.00326536
-0.00328386
-0.0033373
-0.00341101
-0.00351439
-0.00365213
-0.00382813
-0.00404699
-0.0043166
-0.00465169
-0.00508248
-0.00567547
-0.00659382
-0.00823834
-0.0109139
-0.0135429
-0.0109228
-0.00409245
0.00510943
-0.00372545
-0.00384076
-0.00384098
-0.00389506
-0.00399042
-0.00413997
-0.00435124
-0.00463481
-0.00500819
-0.00549979
-0.00616105
-0.00709119
-0.00849222
-0.0107638
-0.0148273
-0.0212559
-0.0292636
-0.0289748
-0.0219286
-0.00788591
-0.00437827
-0.0045161
-0.00448486
-0.0045325
-0.0046238
-0.00478781
-0.00504005
-0.00540076
-0.00589861
-0.00657947
-0.00752559
-0.00888667
-0.0109808
-0.0143407
-0.0202377
-0.0289755
-0.0407097
-0.0425195
-0.0365985
-0.0194277
-0.00518986
-0.00511892
-0.00497927
-0.00493176
-0.00500207
-0.00519278
-0.00550491
-0.00594832
-0.00655072
-0.00736175
-0.00847471
-0.0100467
-0.0124645
-0.0161587
-0.0226428
-0.0313026
-0.0439486
-0.0450518
-0.0407544
-0.0197898
-0.00566825
-0.00612875
-0.00584666
-0.00586796
-0.00584802
-0.00594417
-0.00616802
-0.00654807
-0.00711618
-0.00791189
-0.00902404
-0.0105621
-0.0129507
-0.0163277
-0.0222651
-0.0295775
-0.0385343
-0.0391593
-0.033255
-0.00346563
-0.00907199
-0.00654947
-0.00594511
-0.00537905
-0.00531807
-0.00549776
-0.00586208
-0.00636562
-0.00702496
-0.00785236
-0.00895492
-0.0103615
-0.0124684
-0.0153652
-0.0199622
-0.0248649
-0.0300612
-0.0272176
-0.0154543
0.0309941
-0.0057243
-0.00877994
-0.00778449
-0.00787271
-0.00744527
-0.00721318
-0.00715437
-0.00729579
-0.00767511
-0.00826262
-0.00915923
-0.0103549
-0.0123075
-0.0148772
-0.0193745
-0.023405
-0.027035
-0.0154888
0.0112866
0.0900713
-0.0309727
-0.00587771
-0.00451172
-0.00380039
-0.00361873
-0.00384722
-0.00437457
-0.0049888
-0.00577895
-0.00664735
-0.00787845
-0.00925633
-0.011365
-0.0136156
-0.0162184
-0.0156602
-0.00876983
0.0229666
0.0914326
0.225419
7.99137e-05
5.63925e-05
9.69902e-05
0.000176128
0.000301287
0.000473233
0.000693634
0.000964303
0.00128628
0.00165908
0.00207976
0.0025418
0.00303381
0.00353866
0.00403269
0.00448629
0.00486561
0.0051362
0.00529227
0.0052681
0.00010586
8.12394e-05
0.000126193
0.000205171
0.000327656
0.000495046
0.000709548
0.00097337
0.00128791
0.00165314
0.00206667
0.00252248
0.00301009
0.00351319
0.00400836
0.00446581
0.00485071
0.00512758
0.00529282
0.00526587
6.38803e-05
3.22113e-05
7.5877e-05
0.000151908
0.000270856
0.000434309
0.00064504
0.000906071
0.00121984
0.00158756
0.00200814
0.00247688
0.00298682
0.00351957
0.00405142
0.00454974
0.00497413
0.00528069
0.0054637
0.00542194
-2.54997e-05
-6.20992e-05
-2.05036e-05
5.1453e-05
0.000165455
0.000323473
0.000529153
0.000786733
0.00110026
0.00147299
0.00190635
0.00239887
0.00294222
0.00352371
0.00411761
0.00468647
0.0051802
0.00554048
0.00575658
0.0056984
-0.000169701
-0.000210973
-0.000172615
-0.000106089
1.43449e-06
0.00015244
0.000351665
0.000604913
0.000918357
0.00129804
0.00174881
0.0022726
0.00286629
0.00351852
0.00420385
0.00487955
0.0054825
0.0059304
0.00620136
0.00611857
-0.000367982
-0.000414377
-0.000380463
-0.000321135
-0.000222435
-8.13195e-05
0.000108168
0.000353644
0.000663855
0.00104838
0.00151675
0.00207662
0.00273081
0.00347439
0.004284
0.00511227
0.00587894
0.00646609
0.00682718
0.00670472
-0.000619147
-0.000671583
-0.000643527
-0.000593798
-0.000507358
-0.000380702
-0.000206685
2.41899e-05
0.000323518
0.000705073
0.0011844
0.00177721
0.00249508
0.00334442
0.00431053
0.00534621
0.00635232
0.00716149
0.00767522
0.00749109
-0.000921935
-0.000981643
-0.000961094
-0.000923968
-0.000854295
-0.000748402
-0.000598266
-0.000392786
-0.000117664
0.000245221
0.000718213
0.00132727
0.00209892
0.00305187
0.00419654
0.0054973
0.00684399
0.00801001
0.00879605
0.00853111
-0.00127462
-0.00134299
-0.00133161
-0.0013104
-0.00126275
-0.00118539
-0.00107008
-0.000904927
-0.000673782
-0.00035501
7.98901e-05
0.000667505
0.00145138
0.00247523
0.00378632
0.00538652
0.00719061
0.00893585
0.0102219
0.00992757
-0.00167495
-0.00175339
-0.00175237
-0.00175012
-0.00172984
-0.00168947
-0.00162169
-0.00151524
-0.00135411
-0.00111559
-0.000767781
-0.000266244
0.000449733
0.00145485
0.00282072
0.00464782
0.00695791
0.00960212
0.0117976
0.0117548
-0.00212031
-0.00221009
-0.00221941
-0.00223796
-0.00224932
-0.00225378
-0.00224637
-0.00221853
-0.00215739
-0.00204395
-0.00185034
-0.00153516
-0.0010366
-0.000268738
0.00086962
0.00250711
0.00502194
0.00873602
0.0124511
0.0136295
-0.00260846
-0.00271003
-0.00272684
-0.00276533
-0.00281001
-0.00286467
-0.00292819
-0.00299704
-0.0030653
-0.00312386
-0.00315955
-0.00315457
-0.00308629
-0.00293383
-0.0027078
-0.00234738
-0.00123502
0.00264674
0.00830722
0.0126877
-0.00314042
-0.00325474
-0.00327341
-0.00332706
-0.00340101
-0.00350467
-0.00364277
-0.00381927
-0.00403891
-0.00430981
-0.00464708
-0.00508166
-0.00568122
-0.00661119
-0.00827852
-0.0109929
-0.0136473
-0.0109653
-0.00403573
0.00518051
-0.00371302
-0.00382821
-0.00382868
-0.00388308
-0.00397882
-0.00412887
-0.00434081
-0.00462535
-0.00500026
-0.00549439
-0.00615997
-0.00709769
-0.00851245
-0.0108085
-0.0149224
-0.021438
-0.0295517
-0.0292115
-0.0220392
-0.00790618
-0.00436384
-0.00450156
-0.00447061
-0.00451863
-0.0046104
-0.00477501
-0.00502809
-0.00539003
-0.00588986
-0.00657404
-0.00752591
-0.00889724
-0.0110112
-0.0144057
-0.0203765
-0.0292352
-0.0411403
-0.0429356
-0.036832
-0.0195455
-0.00517266
-0.00510163
-0.0049624
-0.00491541
-0.00498627
-0.00517765
-0.00549066
-0.00593534
-0.00653973
-0.00735403
-0.00847274
-0.0100549
-0.0124942
-0.0162216
-0.0227815
-0.0315486
-0.0443818
-0.0454568
-0.0409373
-0.0198904
-0.00565087
-0.0061112
-0.00582889
-0.00585047
-0.00583073
-0.00592724
-0.00615159
-0.00653243
-0.00710189
-0.00789985
-0.00901627
-0.0105616
-0.0129712
-0.0163696
-0.02236
-0.0297474
-0.0387913
-0.0393784
-0.0332881
-0.00344749
-0.00904921
-0.00652738
-0.00592439
-0.00535918
-0.00529857
-0.00547846
-0.00584296
-0.00634679
-0.00700683
-0.00783518
-0.00893969
-0.010348
-0.0124768
-0.0153835
-0.0200034
-0.0249264
-0.0301372
-0.0272498
-0.0153187
0.0311534
-0.00571174
-0.00876536
-0.00776742
-0.00785518
-0.00742695
-0.00719428
-0.00713487
-0.00727573
-0.00765501
-0.00824268
-0.00914121
-0.0103403
-0.0123053
-0.014883
-0.0193994
-0.0234396
-0.0270696
-0.0154175
0.0115339
0.0903239
-0.0309529
-0.00585995
-0.00449356
-0.00378146
-0.00359942
-0.00382742
-0.00435448
-0.00496822
-0.00575856
-0.00662747
-0.00786102
-0.00924282
-0.0113601
-0.0136183
-0.0162282
-0.0156642
-0.00874068
0.0230811
0.0917063
0.2257
7.99431e-05
5.64209e-05
9.70168e-05
0.000176152
0.000301308
0.000473252
0.00069365
0.000964317
0.00128629
0.00165909
0.00207977
0.0025418
0.00303381
0.00353866
0.00403269
0.00448629
0.00486561
0.00513621
0.00529227
0.0052681
0.000105889
8.12669e-05
0.000126218
0.000205195
0.000327677
0.000495064
0.000709564
0.000973383
0.00128792
0.00165315
0.00206668
0.00252248
0.0030101
0.00351319
0.00400836
0.00446581
0.00485071
0.00512759
0.00529282
0.00526588
6.39069e-05
3.2237e-05
7.59013e-05
0.00015193
0.000270876
0.000434326
0.000645055
0.000906084
0.00121985
0.00158756
0.00200815
0.00247689
0.00298682
0.00351957
0.00405143
0.00454975
0.00497413
0.0052807
0.0054637
0.00542195
-2.54755e-05
-6.20757e-05
-2.04815e-05
5.14734e-05
0.000165473
0.000323489
0.000529167
0.000786745
0.00110027
0.001473
0.00190636
0.00239888
0.00294223
0.00352372
0.00411762
0.00468647
0.00518021
0.00554048
0.00575658
0.0056984
-0.000169679
-0.000210952
-0.000172595
-0.000106071
1.45106e-06
0.000152455
0.000351678
0.000604924
0.000918367
0.00129805
0.00174881
0.00227261
0.0028663
0.00351853
0.00420386
0.00487955
0.0054825
0.00593041
0.00620136
0.00611857
-0.000367963
-0.000414359
-0.000380446
-0.000321119
-0.00022242
-8.13062e-05
0.00010818
0.000353655
0.000663865
0.00104839
0.00151676
0.00207663
0.00273082
0.00347439
0.00428401
0.00511227
0.00587895
0.00646609
0.00682718
0.00670473
-0.000619131
-0.000671567
-0.000643512
-0.000593784
-0.000507345
-0.00038069
-0.000206674
2.41999e-05
0.000323527
0.00070508
0.0011844
0.00177722
0.00249509
0.00334442
0.00431053
0.00534622
0.00635233
0.0071615
0.00767522
0.00749109
-0.000921921
-0.000981629
-0.000961081
-0.000923956
-0.000854284
-0.000748391
-0.000598257
-0.000392777
-0.000117657
0.000245228
0.000718219
0.00132727
0.00209892
0.00305188
0.00419654
0.00549731
0.00684399
0.00801002
0.00879606
0.00853111
-0.00127461
-0.00134298
-0.0013316
-0.00131039
-0.00126274
-0.00118538
-0.00107008
-0.00090492
-0.000673775
-0.000355004
7.98956e-05
0.00066751
0.00145139
0.00247523
0.00378633
0.00538652
0.00719061
0.00893585
0.0102219
0.00992757
-0.00167494
-0.00175338
-0.00175236
-0.00175011
-0.00172983
-0.00168946
-0.00162169
-0.00151524
-0.00135411
-0.00111558
-0.000767776
-0.00026624
0.000449736
0.00145486
0.00282072
0.00464782
0.00695792
0.00960213
0.0117976
0.0117548
-0.00212031
-0.00221008
-0.0022194
-0.00223795
-0.00224932
-0.00225377
-0.00224637
-0.00221852
-0.00215739
-0.00204395
-0.00185033
-0.00153515
-0.00103659
-0.000268735
0.000869623
0.00250712
0.00502194
0.00873602
0.0124511
0.0136295
-0.00260845
-0.00271003
-0.00272684
-0.00276532
-0.00281001
-0.00286466
-0.00292819
-0.00299704
-0.0030653
-0.00312386
-0.00315954
-0.00315457
-0.00308629
-0.00293382
-0.00270779
-0.00234738
-0.00123502
0.00264675
0.00830722
0.0126877
-0.00314041
-0.00325473
-0.00327341
-0.00332706
-0.003401
-0.00350467
-0.00364276
-0.00381927
-0.0040389
-0.0043098
-0.00464707
-0.00508166
-0.00568121
-0.00661119
-0.00827852
-0.0109929
-0.0136473
-0.0109653
-0.00403573
0.00518051
-0.00371302
-0.0038282
-0.00382868
-0.00388307
-0.00397882
-0.00412886
-0.0043408
-0.00462534
-0.00500025
-0.00549438
-0.00615997
-0.00709769
-0.00851244
-0.0108085
-0.0149224
-0.021438
-0.0295517
-0.0292115
-0.0220392
-0.00790618
-0.00436384
-0.00450155
-0.0044706
-0.00451863
-0.0046104
-0.004775
-0.00502808
-0.00539003
-0.00588986
-0.00657404
-0.00752591
-0.00889724
-0.0110112
-0.0144057
-0.0203765
-0.0292352
-0.0411403
-0.0429356
-0.036832
-0.0195455
-0.00517266
-0.00510162
-0.0049624
-0.0049154
-0.00498627
-0.00517765
-0.00549066
-0.00593534
-0.00653973
-0.00735403
-0.00847273
-0.0100549
-0.0124942
-0.0162216
-0.0227815
-0.0315486
-0.0443818
-0.0454568
-0.0409373
-0.0198904
-0.00565087
-0.0061112
-0.00582888
-0.00585047
-0.00583073
-0.00592724
-0.00615159
-0.00653243
-0.00710189
-0.00789985
-0.00901626
-0.0105616
-0.0129712
-0.0163696
-0.02236
-0.0297474
-0.0387913
-0.0393784
-0.0332881
-0.00344749
-0.0090492
-0.00652738
-0.00592438
-0.00535917
-0.00529857
-0.00547846
-0.00584296
-0.00634679
-0.00700683
-0.00783518
-0.00893969
-0.010348
-0.0124768
-0.0153835
-0.0200034
-0.0249264
-0.0301372
-0.0272498
-0.0153187
0.0311534
-0.00571173
-0.00876536
-0.00776742
-0.00785518
-0.00742695
-0.00719427
-0.00713487
-0.00727573
-0.007655
-0.00824268
-0.00914121
-0.0103403
-0.0123053
-0.014883
-0.0193994
-0.0234396
-0.0270695
-0.0154175
0.0115339
0.0903239
-0.0309529
-0.00585995
-0.00449356
-0.00378145
-0.00359941
-0.00382742
-0.00435448
-0.00496821
-0.00575856
-0.00662746
-0.00786102
-0.00924282
-0.0113601
-0.0136183
-0.0162282
-0.0156642
-0.00874068
0.0230811
0.0917063
0.2257
7.71801e-05
5.36062e-05
9.41035e-05
0.000173068
0.000297957
0.000469513
0.000689372
0.000959315
0.00128034
0.00165195
0.00207117
0.00253145
0.00302147
0.00352413
0.00401589
0.00446731
0.00484473
0.00511393
0.00526918
0.00524506
0.000103102
7.84432e-05
0.000123298
0.000202101
0.00032431
0.000491301
0.000705249
0.000968329
0.0012819
0.00164592
0.00205798
0.00251207
0.00299751
0.00349828
0.00399104
0.00444617
0.00482904
0.00510442
0.00526876
0.00524181
6.09635e-05
2.92552e-05
7.28186e-05
0.000148666
0.000267325
0.000430357
0.000640502
0.000900741
0.00121347
0.00157987
0.00199889
0.00246617
0.00297315
0.00350315
0.00403217
0.00452771
0.00494963
0.00525437
0.0054363
0.00539461
-2.86634e-05
-6.53047e-05
-2.38166e-05
4.79458e-05
0.00016164
0.000319207
0.000524251
0.000780962
0.00109333
0.00146454
0.0018959
0.00238549
0.00292656
0.00350489
0.00409527
0.00466057
0.0051511
0.00550899
0.00572368
0.00566573
-0.000173194
-0.000214512
-0.000176267
-0.000109946
-2.75195e-06
0.000147767
0.000346297
0.000598582
0.000910721
0.00128867
0.00173716
0.00225803
0.00284834
0.00349652
0.0041773
0.00484829
0.00544688
0.00589153
0.00616057
0.00607836
-0.000371884
-0.000418331
-0.000384532
-0.000325418
-0.000227064
-8.64682e-05
0.000102269
0.000346688
0.000655443
0.001038
0.00150376
0.00206025
0.0027102
0.00344863
0.00425233
0.00507426
0.00583491
0.00641747
0.00677584
0.00665471
-0.000623541
-0.000676033
-0.00064809
-0.000598575
-0.000512488
-0.000386367
-0.000213137
1.66117e-05
0.000314359
0.000693736
0.0011701
0.00175898
0.00247175
0.00331476
0.00427327
0.00530048
0.00629819
0.00710078
0.0076105
0.00742925
-0.000926917
-0.000986686
-0.000966238
-0.000929311
-0.000859974
-0.000754603
-0.000605249
-0.000400906
-0.000127412
0.000233187
0.000703008
0.00130774
0.00207364
0.00301902
0.00415422
0.00544386
0.00677886
0.00793522
0.00871505
0.00845611
-0.00128031
-0.00134875
-0.00133744
-0.00131639
-0.00126903
-0.00119213
-0.00107754
-0.000913441
-0.000683832
-0.000367267
6.45035e-05
0.000647723
0.00142551
0.00244109
0.00374119
0.00532749
0.00711558
0.00884607
0.0101219
0.00983965
-0.0016815
-0.00176001
-0.00175903
-0.00175688
-0.00173681
-0.00169679
-0.00162956
-0.00152396
-0.00136408
-0.00112739
-0.000782239
-0.000284522
0.000425958
0.00142321
0.00277806
0.00458945
0.0068787
0.0094995
0.011677
0.0116565
-0.00212792
-0.00221778
-0.00222708
-0.00224564
-0.00225709
-0.00226172
-0.00225462
-0.00222728
-0.00216689
-0.00205456
-0.00186254
-0.00154968
-0.00105455
-0.000291895
0.000838455
0.00246352
0.00495505
0.00863253
0.0123157
0.0135232
-0.00261737
-0.00271903
-0.00273575
-0.00277414
-0.00281876
-0.00287338
-0.00293689
-0.00300577
-0.00307408
-0.00313267
-0.00316829
-0.00316306
-0.00309417
-0.00294047
-0.00271201
-0.00234998
-0.00125098
0.00257757
0.00817553
0.0125794
-0.00315092
-0.00326534
-0.00328384
-0.00333729
-0.00341099
-0.00351438
-0.00365212
-0.00382812
-0.00404698
-0.00431659
-0.00465167
-0.00508247
-0.00567546
-0.00659381
-0.00823833
-0.0109139
-0.0135428
-0.0109228
-0.00409244
0.00510944
-0.00372544
-0.00384075
-0.00384097
-0.00389505
-0.0039904
-0.00413996
-0.00435123
-0.0046348
-0.00500818
-0.00549977
-0.00616103
-0.00709118
-0.00849221
-0.0107638
-0.0148273
-0.0212559
-0.0292636
-0.0289748
-0.0219286
-0.00788591
-0.00437826
-0.00451609
-0.00448485
-0.00453249
-0.00462379
-0.00478779
-0.00504004
-0.00540074
-0.0058986
-0.00657946
-0.00752558
-0.00888666
-0.0109808
-0.0143407
-0.0202377
-0.0289755
-0.0407097
-0.0425195
-0.0365985
-0.0194277
-0.00518985
-0.0051189
-0.00497926
-0.00493174
-0.00500206
-0.00519277
-0.0055049
-0.00594831
-0.00655071
-0.00736175
-0.0084747
-0.0100467
-0.0124645
-0.0161587
-0.0226428
-0.0313026
-0.0439485
-0.0450518
-0.0407544
-0.0197898
-0.00566824
-0.00612874
-0.00584665
-0.00586795
-0.00584801
-0.00594416
-0.00616801
-0.00654806
-0.00711617
-0.00791188
-0.00902403
-0.0105621
-0.0129507
-0.0163277
-0.0222651
-0.0295775
-0.0385342
-0.0391593
-0.033255
-0.00346562
-0.00907198
-0.00654946
-0.0059451
-0.00537904
-0.00531806
-0.00549776
-0.00586207
-0.00636561
-0.00702495
-0.00785235
-0.00895492
-0.0103615
-0.0124684
-0.0153652
-0.0199622
-0.0248649
-0.0300612
-0.0272176
-0.0154543
0.0309941
-0.00572429
-0.00877993
-0.00778448
-0.00787271
-0.00744526
-0.00721317
-0.00715436
-0.00729578
-0.0076751
-0.00826261
-0.00915922
-0.0103549
-0.0123075
-0.0148772
-0.0193745
-0.023405
-0.027035
-0.0154888
0.0112866
0.0900713
-0.0309726
-0.0058777
-0.00451171
-0.00380038
-0.00361872
-0.00384721
-0.00437457
-0.0049888
-0.00577894
-0.00664734
-0.00787845
-0.00925632
-0.011365
-0.0136156
-0.0162184
-0.0156602
-0.00876982
0.0229666
0.0914326
0.225419
7.17845e-05
4.81209e-05
8.84417e-05
0.000167095
0.000291489
0.000462316
0.000681152
0.000949715
0.00126894
0.00163825
0.00205464
0.00251155
0.00299771
0.00349614
0.00398351
0.0044307
0.00480446
0.00507099
0.00522468
0.00520069
9.76483e-05
7.29301e-05
0.000117611
0.000196098
0.0003178
0.000484045
0.00069695
0.000958622
0.00127035
0.00163202
0.00204118
0.00249177
0.00297322
0.00346953
0.00395764
0.00440827
0.0047872
0.0050597
0.00522234
0.00519541
5.51886e-05
2.34175e-05
6.67995e-05
0.000142316
0.000260442
0.000422688
0.000631726
0.00089046
0.0012012
0.00156505
0.00198088
0.00244433
0.00294663
0.00347144
0.00399495
0.00448507
0.0049022
0.0052034
0.00538325
0.00534175
-3.49351e-05
-7.16438e-05
-3.03473e-05
4.10633e-05
0.000154188
0.000310909
0.000514752
0.00076981
0.00107996
0.00144827
0.00187592
0.00236087
0.00289647
0.00346847
0.00405194
0.00461027
0.00509451
0.00544774
0.0056597
0.00560226
-0.000180121
-0.000221515
-0.000183472
-0.000117526
-1.09417e-05
0.000138661
0.000335874
0.000586322
0.000895958
0.00127057
0.00171472
0.00223012
0.00281361
0.00345378
0.00412559
0.00478726
0.00537725
0.00581545
0.00608072
0.00599977
-0.000379621
-0.000426152
-0.000392562
-0.000333839
-0.000236131
-9.65159e-05
9.0791e-05
0.000333185
0.000639133
0.00101788
0.00147857
0.00202848
0.00267007
0.00339834
0.00419029
0.0049996
0.0057482
0.00632158
0.00667453
0.0065563
-0.00063225
-0.000684836
-0.000657097
-0.000607974
-0.000522545
-0.00039744
-0.000225716
1.86385e-06
0.000296551
0.000671687
0.00114228
0.00172341
0.0024261
0.00325653
0.00419985
0.00521001
0.00619073
0.00697993
0.0074815
0.0073066
-0.00093679
-0.000996662
-0.000976394
-0.000939832
-0.000871125
-0.000766747
-0.000618892
-0.000416751
-0.000146422
0.000209701
0.000673281
0.00126946
0.00202393
0.00295414
0.00407026
0.00533731
0.00664835
0.0077847
0.00855156
0.00830605
-0.00129159
-0.00136014
-0.00134896
-0.00132821
-0.00128139
-0.00120537
-0.00109215
-0.000930099
-0.0007035
-0.000391281
3.42891e-05
0.000608752
0.00137433
0.00237323
0.003651
0.00520879
0.00696362
0.00866303
0.00991713
0.00966208
-0.0016945
-0.00177313
-0.0017722
-0.00177023
-0.00175053
-0.00171117
-0.00164502
-0.00154107
-0.00138367
-0.00115062
-0.000810762
-0.000320719
0.000378656
0.00135994
0.0026922
0.0044711
0.00671678
0.00928759
0.0114268
0.0114567
-0.00214306
-0.00223304
-0.00224227
-0.00226085
-0.00227243
-0.00227739
-0.00227089
-0.00224451
-0.00218563
-0.00207552
-0.00188674
-0.0015786
-0.00109047
-0.000338466
0.000775493
0.00237501
0.00481868
0.00841875
0.0120361
0.0133066
-0.00263516
-0.00273696
-0.00275348
-0.00279167
-0.00283612
-0.00289062
-0.00295411
-0.00302304
-0.00309146
-0.00315016
-0.00318575
-0.00318007
-0.00310997
-0.00295362
-0.00271958
-0.0023528
-0.00127507
0.00244552
0.00791598
0.0123686
-0.00317199
-0.00328656
-0.00330469
-0.00335769
-0.00343089
-0.00353369
-0.00367071
-0.00384572
-0.00406307
-0.00433018
-0.00466096
-0.00508418
-0.00566375
-0.00655778
-0.00815459
-0.0107564
-0.0133128
-0.0108125
-0.00417904
0.0049842
-0.00375051
-0.00386603
-0.0038657
-0.0039191
-0.00401364
-0.00416218
-0.0043721
-0.00465374
-0.00502411
-0.00551074
-0.00616342
-0.00707838
-0.00845144
-0.010672
-0.014629
-0.0208735
-0.0286503
-0.0284606
-0.0216746
-0.00782013
-0.00440762
-0.00454562
-0.00451377
-0.00456055
-0.00465087
-0.00481361
-0.00506416
-0.0054224
-0.00591636
-0.00659073
-0.00752551
-0.00886626
-0.0109208
-0.0142099
-0.0199544
-0.0284427
-0.0398251
-0.041681
-0.0361251
-0.0191848
-0.00522522
-0.00515437
-0.00501381
-0.00496516
-0.00503429
-0.0052236
-0.00553391
-0.00597476
-0.00657321
-0.00737785
-0.00847964
-0.0100321
-0.0124079
-0.0160358
-0.0223679
-0.0308139
-0.0430787
-0.0442893
-0.0404226
-0.0196087
-0.00570437
-0.00616512
-0.00588354
-0.00590414
-0.00588371
-0.00597905
-0.0062018
-0.00658023
-0.00714562
-0.00793691
-0.00904123
-0.0105674
-0.012913
-0.0162499
-0.0220845
-0.0292538
-0.0380568
-0.0387801
-0.0332473
-0.00353973
-0.00912019
-0.00659586
-0.00598862
-0.00542063
-0.00535884
-0.00553807
-0.00590192
-0.00640478
-0.00706265
-0.00788824
-0.00898929
-0.0104136
-0.0124354
-0.0153348
-0.0198912
-0.02476
-0.0299331
-0.0272024
-0.0157778
0.030639
-0.00575057
-0.00881027
-0.00782044
-0.00790959
-0.00748388
-0.00725308
-0.00719544
-0.00733801
-0.00771734
-0.00830456
-0.00919794
-0.0103897
-0.0123155
-0.014873
-0.0193345
-0.0233511
-0.0269934
-0.0156625
0.0107679
0.0895386
-0.0310148
-0.00591584
-0.00455088
-0.00384126
-0.0036604
-0.00388985
-0.00441762
-0.00503275
-0.00582231
-0.00668973
-0.00791615
-0.00928733
-0.0113804
-0.0136182
-0.0162093
-0.0156668
-0.00884605
0.0227195
0.0908641
0.224832
6.40681e-05
4.03112e-05
8.04165e-05
0.000158676
0.000282413
0.000452254
0.00066969
0.000936343
0.00125305
0.00161916
0.00203158
0.00248372
0.00296442
0.00345685
0.00393798
0.00437918
0.00474776
0.00501054
0.00516209
0.00513838
8.98095e-05
6.50423e-05
0.00010951
0.000187596
0.000308627
0.000473866
0.000685345
0.000945074
0.00125424
0.00161263
0.0020177
0.00246337
0.00293914
0.00342914
0.00391065
0.00435487
0.00472824
0.00499669
0.00515698
0.00513018
4.68368e-05
1.50147e-05
5.81732e-05
0.00013327
0.000250692
0.000411878
0.000619405
0.000876062
0.00118404
0.0015443
0.00195563
0.00241355
0.0029093
0.00342675
0.00394241
0.00442478
0.00483505
0.00513125
0.00530819
0.00526708
-4.40601e-05
-8.08241e-05
-3.97654e-05
3.11982e-05
0.000143569
0.00029915
0.000501349
0.000754124
0.00106119
0.00142543
0.00184786
0.00232629
0.00285401
0.00341691
0.00399043
0.00453868
0.00501385
0.00536037
0.00556846
0.00551195
-0.000190242
-0.000231698
-0.000193908
-0.00012844
-2.26671e-05
0.000125695
0.0003211
0.000568998
0.000875134
0.00124505
0.00168304
0.0021906
0.0027643
0.00339289
0.00405165
0.00469971
0.00527707
0.00570586
0.00596566
0.0058869
-0.000390954
-0.000437558
-0.00040423
-0.000346008
-0.000249163
-0.000110883
7.44493e-05
0.000314016
0.000616013
0.000989352
0.0014428
0.00198322
0.0026127
0.00332614
0.00410081
0.00489145
0.00562211
0.0061818
0.00652667
0.00641335
-0.000645031
-0.000697699
-0.000670216
-0.000621595
-0.000537051
-0.000413337
-0.000243704
-1.91723e-05
0.000271175
0.000640244
0.0011025
0.00167239
0.00236029
0.00317218
0.00409292
0.00507749
0.00603243
0.0068012
0.00729029
0.00712611
-0.000951303
-0.00101126
-0.00099122
-0.000955121
-0.000887261
-0.000784248
-0.000638489
-0.000439465
-0.000173662
0.000176001
0.000630503
0.00121414
0.00195174
0.00285928
0.00394665
0.00517927
0.00645334
0.00755838
0.00830481
0.00808211
-0.0013082
-0.00137684
-0.00136582
-0.00134544
-0.00129934
-0.00122453
-0.00111323
-0.000954103
-0.000731847
-0.000425965
-9.51785e-06
0.000551952
0.00129926
0.00227295
0.00351667
0.00503044
0.00673315
0.00838276
0.00960161
0.0093932
-0.0017137
-0.00179242
-0.00179153
-0.00178976
-0.00177055
-0.00173209
-0.00166744
-0.00156586
-0.00141207
-0.0011844
-0.000852448
-0.000373953
0.000308586
0.00126552
0.00256297
0.00429138
0.00646822
0.00895777
0.011035
0.0111511
-0.0021655
-0.00225558
-0.00226468
-0.0022832
-0.00229491
-0.00230028
-0.00229461
-0.00226965
-0.00221299
-0.00210625
-0.00192242
-0.00162154
-0.0011442
-0.000408546
0.000680604
0.0022417
0.00461175
0.00808821
0.0116038
0.0129745
-0.0026617
-0.0027636
-0.00277977
-0.00281757
-0.0028617
-0.00291598
-0.00297938
-0.00304839
-0.00311705
-0.00317605
-0.00321177
-0.00320565
-0.00313376
-0.00297269
-0.00272697
-0.0023437
-0.00128651
0.00227265
0.00755004
0.0120708
-0.00320368
-0.00331836
-0.00333587
-0.0033881
-0.00346046
-0.00356232
-0.00369823
-0.00387179
-0.00408699
-0.00435057
-0.00467515
-0.0050871
-0.00564586
-0.00650027
-0.00801402
-0.010471
-0.0129001
-0.0105704
-0.0042236
0.00486126
-0.00378866
-0.00390433
-0.00390311
-0.00395535
-0.00404855
-0.00419547
-0.00440334
-0.00468213
-0.00504815
-0.0055276
-0.00616775
-0.00705999
-0.00839013
-0.0105296
-0.0143132
-0.0202543
-0.027642
-0.0275847
-0.0211816
-0.0076195
-0.00445295
-0.00459103
-0.00455815
-0.00460344
-0.00469209
-0.00485279
-0.0051007
-0.00545524
-0.00594354
-0.00660852
-0.00752681
-0.00883776
-0.0108336
-0.0140143
-0.0195214
-0.0276216
-0.038459
-0.04041
-0.0353707
-0.0187538
-0.00528079
-0.00520982
-0.0050677
-0.00501704
-0.00508418
-0.00527118
-0.00557861
-0.00601557
-0.00660821
-0.00740349
-0.00848902
-0.0100134
-0.0123319
-0.0158616
-0.021967
-0.0300991
-0.0417944
-0.0432692
-0.0399865
-0.0193677
-0.00576242
-0.00622315
-0.00594249
-0.00596158
-0.0059401
-0.00603389
-0.00625474
-0.0066306
-0.00719183
-0.0079762
-0.00906729
-0.0105716
-0.0128795
-0.0161527
-0.0218403
-0.028814
-0.0374413
-0.0383609
-0.0333404
-0.00372635
-0.00919961
-0.0066714
-0.00605951
-0.00548793
-0.00542472
-0.00560298
-0.0059658
-0.00646733
-0.00712254
-0.00794383
-0.00903325
-0.0104234
-0.0124758
-0.0153221
-0.0198156
-0.0246502
-0.0298102
-0.0273044
-0.0163419
0.0300287
-0.00579439
-0.00885977
-0.00787998
-0.00797029
-0.00754746
-0.00731867
-0.00726259
-0.00740681
-0.00778575
-0.00837208
-0.00925871
-0.0104403
-0.0123508
-0.0148891
-0.019299
-0.0233082
-0.0269927
-0.0160043
0.00992321
0.0886688
-0.0310859
-0.00598103
-0.0046183
-0.00391157
-0.00373172
-0.00396226
-0.00448998
-0.00510603
-0.00589399
-0.00676002
-0.00797903
-0.00934229
-0.0114182
-0.0136425
-0.0162207
-0.0157146
-0.00900841
0.0222656
0.0899556
0.223879
5.44854e-05
3.07119e-05
7.06217e-05
0.000148489
0.000271504
0.000440216
0.000656015
0.000920409
0.00123412
0.00159636
0.00200396
0.00245031
0.00292431
0.00340936
0.00388283
0.00431666
0.00467894
0.00493726
0.00508634
0.0050632
7.99586e-05
5.52335e-05
9.95039e-05
0.00017719
0.000297486
0.000461583
0.000671409
0.000928853
0.00123498
0.00158943
0.00198956
0.00242928
0.00289807
0.00338033
0.00385372
0.00429008
0.00465665
0.00492025
0.00507779
0.00505137
3.62276e-05
4.45508e-06
4.74039e-05
0.000122084
0.000238738
0.000398726
0.000604505
0.000858726
0.00116342
0.00151937
0.00192524
0.00237641
0.00286415
0.00337252
0.00387847
0.00435124
0.00475306
0.00504316
0.00521666
0.00517632
-5.57673e-05
-9.24767e-05
-5.16451e-05
1.88741e-05
0.000130424
0.000284714
0.000485014
0.000735105
0.0010385
0.00139784
0.00181394
0.00228439
0.00280237
0.00335395
0.00391503
0.00445066
0.00491447
0.0052527
0.00545608
0.00540114
-0.000203305
-0.000244705
-0.000207161
-0.00014217
-3.72882e-05
0.000109664
0.000302967
0.000547852
0.000849794
0.00121401
0.00164447
0.00214233
0.00270385
0.00331789
0.00396015
0.00459091
0.00515219
0.00556906
0.00582204
0.00574665
-0.000405631
-0.000452179
-0.000419109
-0.000361394
-0.000265504
-0.000128754
5.42627e-05
0.000290458
0.000587679
0.000954407
0.0013989
0.00192747
0.0025417
0.00323629
0.00398882
0.00475533
0.00546265
0.00600456
0.00633902
0.006233
-0.000661617
-0.000714226
-0.000686995
-0.000638884
-0.000555325
-0.00043322
-0.000266063
-4.52025e-05
0.000239842
0.000601411
0.00105325
0.00160893
0.00227793
0.00306597
0.00395731
0.00490822
0.00582894
0.00657033
0.00704273
0.00689432
-0.000970167
-0.00103006
-0.00101023
-0.000974597
-0.000907682
-0.000806255
-0.000663
-0.000467769
-0.000207561
0.000134016
0.000577021
0.00114462
0.00186045
0.00273829
0.00378761
0.00497412
0.006198
0.0072598
0.00797774
0.00778859
-0.00132984
-0.0013984
-0.0013875
-0.00136746
-0.00132216
-0.00124876
-0.00113977
-0.000984236
-0.00076742
-0.000469589
-6.48781e-05
0.000479688
0.00120297
0.00214311
0.00334108
0.00479488
0.00642551
0.00800454
0.00917263
0.00903258
-0.00173878
-0.0018174
-0.00181649
-0.00181484
-0.00179613
-0.00175869
-0.00169585
-0.00159722
-0.00144803
-0.00122733
-0.000905761
-0.000442613
0.000217338
0.00114142
0.00239129
0.00405033
0.00613129
0.00850399
0.0104916
0.0107323
-0.00219496
-0.00228491
-0.00229377
-0.00231206
-0.00232382
-0.0023296
-0.00232489
-0.00230171
-0.00224797
-0.00214575
-0.0019687
-0.00167783
-0.00121544
-0.000502334
0.000553106
0.00206255
0.00433385
0.00763718
0.0110101
0.0125116
-0.00269678
-0.00279853
-0.00281416
-0.0028513
-0.00289486
-0.00294872
-0.00301193
-0.00308105
-0.00315013
-0.00320981
-0.0032462
-0.0032401
-0.00316637
-0.00299885
-0.00273455
-0.00231843
-0.00126402
0.00208578
0.00709081
0.0117022
-0.00324604
-0.00336049
-0.00337709
-0.00342811
-0.00349918
-0.00359966
-0.00373402
-0.00390571
-0.00411831
-0.00437769
-0.00469471
-0.00509236
-0.0056234
-0.0064224
-0.00781526
-0.0100541
-0.0122496
-0.0101196
-0.00414778
0.00479801
-0.00384045
-0.00395587
-0.00395334
-0.00400377
-0.00409495
-0.00423952
-0.00444454
-0.0047196
-0.00508017
-0.00555075
-0.00617522
-0.00703819
-0.00831102
-0.0103384
-0.0138765
-0.0193791
-0.0261756
-0.0262548
-0.0203519
-0.00720425
-0.00451577
-0.00465346
-0.00461901
-0.00466184
-0.00474785
-0.00490546
-0.00514964
-0.00549927
-0.00598039
-0.00663377
-0.00753166
-0.008805
-0.010725
-0.0137611
-0.0189469
-0.0265223
-0.0366243
-0.0387171
-0.0343495
-0.0181043
-0.00535962
-0.00528778
-0.00514326
-0.00508935
-0.00515332
-0.00533672
-0.00563987
-0.00607147
-0.00665669
-0.00744062
-0.00850682
-0.00999782
-0.0122458
-0.0156512
-0.0214681
-0.0292036
-0.040207
-0.0421455
-0.0396181
-0.0191026
-0.00584821
-0.0063077
-0.00602837
-0.00604432
-0.00602059
-0.00611147
-0.00632909
-0.00670107
-0.00725688
-0.00803322
-0.00911008
-0.0105929
-0.0128545
-0.0160533
-0.0215692
-0.0283243
-0.0368346
-0.0380953
-0.0338281
-0.00412488
-0.00931992
-0.00678387
-0.00616538
-0.00558762
-0.00552193
-0.00569803
-0.00605858
-0.00655757
-0.00720896
-0.00802537
-0.00910502
-0.0104812
-0.0125229
-0.0153372
-0.0197684
-0.0245928
-0.029796
-0.0276722
-0.0174395
0.02906
-0.0058668
-0.00893707
-0.00797318
-0.00806384
-0.00764468
-0.00741804
-0.00736318
-0.00750891
-0.0078867
-0.00847218
-0.00935234
-0.0105266
-0.0124171
-0.0149411
-0.0192944
-0.0233123
-0.0270924
-0.0165787
0.00868764
0.0873805
-0.0311992
-0.00608736
-0.00472889
-0.00402587
-0.00384616
-0.00407644
-0.00460221
-0.00521778
-0.00600238
-0.00686647
-0.00807702
-0.0094339
-0.0114922
-0.0137077
-0.0162826
-0.0158418
-0.00931223
0.0215565
0.0886473
0.222442
4.36369e-05
2.01215e-05
5.99495e-05
0.000137541
0.000259878
0.000427445
0.000641528
0.000903508
0.00121397
0.00157199
0.00197429
0.00241423
0.00288076
0.00335755
0.00382243
0.00424806
0.00460341
0.00485702
0.0050037
0.00498172
6.8483e-05
4.40883e-05
8.82478e-05
0.00016565
0.000285272
0.000448242
0.000656377
0.000911433
0.00121432
0.00156454
0.00195931
0.0023925
0.00285355
0.0033272
0.00379153
0.00421914
0.00457824
0.00483669
0.0049915
0.00496606
2.36273e-05
-7.76214e-06
3.50613e-05
0.000109451
0.000225409
0.000384228
0.000588238
0.000839928
0.00114114
0.00149248
0.0018924
0.00233615
0.00281499
0.00331323
0.00380828
0.00427027
0.00466268
0.00494622
0.00511621
0.0050774
-6.98846e-05
-0.000106169
-6.54843e-05
4.72413e-06
0.000115531
0.000268569
0.000466951
0.00071426
0.00101377
0.00136785
0.00177703
0.00223867
0.00274575
0.00328459
0.00383157
0.00435286
0.00480382
0.0051329
0.00533131
0.005279
-0.000219173
-0.000260114
-0.000222739
-0.000158091
-5.40221e-05
9.15497e-05
0.000282713
0.000524449
0.000821917
0.00117996
0.00160211
0.00208913
0.00263691
0.00323439
0.0038577
0.00446849
0.0050112
0.00541457
0.00566006
0.00558964
-0.000423512
-0.000469568
-0.000436686
-0.000379342
-0.00028434
-0.000149112
3.15173e-05
0.000264143
0.000556204
0.000915667
0.00135018
0.00186537
0.00246216
0.00313497
0.00386166
0.00459981
0.0052796
0.00580071
0.00612325
0.00602723
-0.000681841
-0.000733921
-0.000706879
-0.000659144
-0.000576516
-0.000456031
-0.000291465
-7.45495e-05
0.00020468
0.000557885
0.000997941
0.00153733
0.00218427
0.0029444
0.00380085
0.00471144
0.00559084
0.00629911
0.00675153
0.00662385
-0.00099318
-0.0010525
-0.00103282
-0.000997511
-0.000931489
-0.000831677
-0.000691075
-0.00049998
-0.000246007
8.63979e-05
0.000516163
0.00106506
0.00175533
0.00259757
0.00360083
0.00473103
0.00589305
0.00690084
0.00758315
0.00743701
-0.00135625
-0.00142417
-0.00141334
-0.00139348
-0.00134891
-0.00127694
-0.00117041
-0.00101886
-0.000808217
-0.000519703
-0.000128791
0.00039563
0.00108996
0.00198916
0.00313084
0.00451019
0.00605051
0.00753936
0.00864193
0.00858694
-0.00176946
-0.00184736
-0.00184634
-0.00184461
-0.00182628
-0.00178984
-0.00172894
-0.00163362
-0.00148976
-0.00127734
-0.000968342
-0.000524042
0.000107882
0.000991114
0.00218125
0.00375365
0.00571442
0.00793764
0.00980908
0.0101998
-0.00223114
-0.00232025
-0.00232874
-0.00234654
-0.00235813
-0.00236419
-0.00236046
-0.00233929
-0.00228908
-0.00219251
-0.00202411
-0.00174624
-0.00130332
-0.000619238
0.000394218
0.00184108
0.00399512
0.0070866
0.0102731
0.0119222
-0.00274018
-0.00284096
-0.00285587
-0.00289194
-0.00293457
-0.00298769
-0.00305051
-0.00311974
-0.00318954
-0.00325055
-0.00328864
-0.00328386
-0.00320933
-0.00303458
-0.00274471
-0.00227531
-0.00118536
0.00194815
0.00662207
0.011295
-0.00329906
-0.00341231
-0.00342768
-0.00347685
-0.00354603
-0.00364455
-0.0037769
-0.00394637
-0.00415616
-0.0044112
-0.00472031
-0.00510202
-0.00560008
-0.00632883
-0.00756162
-0.00950049
-0.0113196
-0.00934795
-0.00377114
0.00492484
-0.00390647
-0.00402047
-0.00401617
-0.00406389
-0.00415212
-0.00429338
-0.00449466
-0.00476518
-0.00511954
-0.00558034
-0.00618737
-0.00701633
-0.00822042
-0.0101072
-0.0133305
-0.0182598
-0.024235
-0.0243577
-0.0189105
-0.00632581
-0.00459804
-0.00473381
-0.00469711
-0.00473602
-0.00481795
-0.00497102
-0.0052101
-0.00555358
-0.00602636
-0.00666686
-0.00754232
-0.00877309
-0.010605
-0.013467
-0.0182603
-0.0251945
-0.0344029
-0.0365971
-0.0327508
-0.0169855
-0.00546578
-0.00539126
-0.00524328
-0.00518417
-0.00524308
-0.00542083
-0.00571772
-0.00614216
-0.00671847
-0.00748994
-0.00853602
-0.00999174
-0.0121629
-0.0154294
-0.0209215
-0.028213
-0.0385242
-0.0410796
-0.0389674
-0.0187254
-0.00597169
-0.00642637
-0.00614859
-0.00615809
-0.00612943
-0.00621457
-0.00642633
-0.00679229
-0.00734116
-0.0081089
-0.00917306
-0.0106375
-0.0128549
-0.0159811
-0.0213225
-0.0278802
-0.0364347
-0.0381506
-0.034249
-0.00475347
-0.00949515
-0.00694429
-0.00631777
-0.00573003
-0.00565977
-0.00583094
-0.00618598
-0.00667921
-0.00732437
-0.0081348
-0.00920817
-0.0105784
-0.0126072
-0.0154038
-0.019792
-0.0246622
-0.030021
-0.0284055
-0.0184312
0.0277021
-0.0059973
-0.00906252
-0.00812017
-0.00820696
-0.00779058
-0.00756419
-0.00750794
-0.00765268
-0.00802657
-0.00861014
-0.00948557
-0.0106571
-0.0125297
-0.0150494
-0.0193483
-0.0234051
-0.0273537
-0.0174355
0.00730517
0.0855526
-0.0313831
-0.00626552
-0.00491409
-0.00421278
-0.00402809
-0.00425242
-0.00477055
-0.00538109
-0.00615809
-0.00701911
-0.00822013
-0.00957655
-0.0116187
-0.0138395
-0.0164218
-0.0161024
-0.00981015
0.0204563
0.0869365
0.220257
3.22408e-05
9.63531e-06
4.95926e-05
0.000127131
0.000248927
0.000415446
0.000627887
0.000887504
0.00119474
0.00154851
0.00194542
0.00237875
0.00283755
0.00330573
0.00376166
0.00417879
0.00452715
0.00477638
0.00492123
0.00490169
5.56054e-05
3.2286e-05
7.64832e-05
0.000153834
0.000272963
0.000434979
0.000641598
0.000894435
0.00119425
0.00154035
0.00192982
0.00235647
0.00280968
0.00327452
0.00372954
0.00414819
0.0044998
0.00475344
0.00490602
0.00488281
9.06159e-06
-2.10664e-05
2.17792e-05
9.61359e-05
0.000211611
0.000369474
0.000571932
0.000821309
0.00111925
0.00146613
0.0018602
0.00229652
0.00276633
0.00325416
0.00373798
0.00418884
0.0045717
0.00484897
0.00501598
0.00498023
-8.65182e-05
-0.000121405
-8.07249e-05
-1.05495e-05
9.97518e-05
0.000251781
0.0004485
0.000693281
0.000989138
0.00133814
0.00174051
0.00219331
0.00268925
0.00321493
0.00374723
0.00425355
0.00469128
0.00501139
0.00520537
0.00515754
-0.000237995
-0.000277417
-0.000240075
-0.000175481
-7.19823e-05
7.24601e-05
0.000261745
0.000500585
0.000793802
0.00114582
0.0015597
0.0020357
0.0025693
0.00314948
0.00375282
0.00434245
0.00486565
0.00525533
0.00549377
0.00543068
-0.000444737
-0.000489154
-0.000456334
-0.000399074
-0.000304723
-0.000170776
7.70689e-06
0.000236982
0.000524049
0.000876307
0.00130072
0.00180214
0.00238067
0.00303036
0.00372935
0.00443691
0.0050871
0.00558637
0.00589707
0.0058142
-0.000705815
-0.000756121
-0.000729159
-0.000681516
-0.000599593
-0.000480511
-0.000318331
-0.000105201
0.00016828
0.000513023
0.000940929
0.00146324
0.00208641
0.00281661
0.00363494
0.00450117
0.0053351
0.00600724
0.00643878
0.00633609
-0.0010204
-0.00107779
-0.00105818
-0.00102291
-0.000957568
-0.000859172
-0.000721062
-0.000534023
-0.000286353
3.65541e-05
0.000452325
0.000981134
0.00164393
0.0024467
0.00339848
0.0044654
0.00555783
0.00650469
0.00714778
0.0070504
-0.00138744
-0.00145324
-0.0014424
-0.00142243
-0.00137837
-0.00130764
-0.00120345
-0.00105589
-0.000851632
-0.000573017
-0.000197074
0.000305146
0.000967257
0.00182038
0.00289753
0.00419138
0.00562815
0.00701253
0.00803999
0.0080754
-0.00180566
-0.00188119
-0.00188001
-0.00187787
-0.00185968
-0.00182404
-0.00176494
-0.00167299
-0.00153482
-0.0013315
-0.00103668
-0.000614077
-1.49475e-05
0.000820466
0.00194036
0.0034122
0.00523367
0.00728219
0.00901837
0.00956107
-0.00227384
-0.00236029
-0.00236835
-0.00238525
-0.00239636
-0.00240241
-0.00239949
-0.0023804
-0.00233411
-0.00224417
-0.00208629
-0.0018246
-0.0014063
-0.000758823
0.000203888
0.00157645
0.00359698
0.00644805
0.00940534
0.011214
-0.00279162
-0.00288938
-0.00290347
-0.00293795
-0.00297915
-0.00303109
-0.0030932
-0.00316248
-0.00323335
-0.00329664
-0.00333823
-0.00333757
-0.00326596
-0.0030875
-0.00277171
-0.00223846
-0.00108059
0.00184603
0.00614453
0.0108483
-0.0033625
-0.00347215
-0.00348605
-0.00353259
-0.00359913
-0.00369497
-0.00382473
-0.00399168
-0.00419877
-0.00445013
-0.00475257
-0.00511989
-0.00558503
-0.00623766
-0.00728877
-0.00889135
-0.0102142
-0.00832739
-0.0031366
0.00524
-0.003987
-0.00409676
-0.00409032
-0.00413418
-0.00421823
-0.00435493
-0.00455137
-0.00481659
-0.00516444
-0.00561572
-0.00620602
-0.00700128
-0.00813323
-0.00986583
-0.0127345
-0.0170086
-0.0220015
-0.0219893
-0.0169173
-0.00498847
-0.0047014
-0.00483152
-0.00479187
-0.00482475
-0.00490061
-0.00504718
-0.00527947
-0.00561552
-0.00607923
-0.0067068
-0.00756038
-0.00874922
-0.0104916
-0.0131678
-0.0175363
-0.0237651
-0.0319742
-0.0341287
-0.0307846
-0.0154195
-0.00560382
-0.00552203
-0.00536938
-0.00530236
-0.00535335
-0.00552242
-0.00581021
-0.00622516
-0.00679115
-0.00754992
-0.00857728
-0.0100005
-0.0120991
-0.0152282
-0.0204027
-0.0272498
-0.0371016
-0.0402565
-0.0389606
-0.0182593
-0.00614956
-0.00658981
-0.00631225
-0.00630826
-0.00626946
-0.00634397
-0.00654588
-0.00690261
-0.00744269
-0.00820194
-0.00925613
-0.0107062
-0.0128808
-0.0159214
-0.0212053
-0.0275742
-0.0364696
-0.0389026
-0.036207
-0.00558333
-0.0097414
-0.00716583
-0.00653316
-0.00593067
-0.00585095
-0.00600988
-0.00635239
-0.00683372
-0.00746879
-0.0082735
-0.00934304
-0.0107128
-0.0127404
-0.0155325
-0.0199342
-0.0249023
-0.030697
-0.0298446
-0.0210177
0.0259074
-0.0062571
-0.00928693
-0.00836342
-0.0084338
-0.00801207
-0.00777576
-0.00770991
-0.007846
-0.00821075
-0.00878763
-0.00966206
-0.0108342
-0.0127042
-0.015221
-0.0194804
-0.023577
-0.0278477
-0.0187469
0.00497687
0.0830213
-0.0316815
-0.00656611
-0.00522472
-0.00451589
-0.00431301
-0.00451709
-0.00501672
-0.00561069
-0.00637462
-0.00722641
-0.00842165
-0.00977968
-0.0118219
-0.0140507
-0.0166746
-0.0164927
-0.0106247
0.0188843
0.0842615
0.216845
2.14584e-05
1.52776e-06
4.20921e-05
0.000119954
0.000241393
0.000406977
0.000617876
0.000875235
0.00117935
0.00152901
0.00192067
0.00234757
0.00279877
0.00325846
0.00370554
0.00411435
0.00445614
0.00470197
0.0048463
0.00483203
4.13471e-05
2.0869e-05
6.53436e-05
0.000142987
0.000261907
0.000423281
0.000628755
0.000879813
0.00117705
0.00151961
0.0019044
0.00232513
0.0027711
0.00322772
0.00367399
0.00408422
0.00442905
0.00467897
0.00483055
0.00481257
-7.81425e-06
-3.46131e-05
8.4803e-06
8.31842e-05
0.000198511
0.0003558
0.000557169
0.00080478
0.00110007
0.00144321
0.00183219
0.00226186
0.00272338
0.00320154
0.00367477
0.00411518
0.0044893
0.00476157
0.00492703
0.00489795
-0.000106194
-0.000137407
-9.65207e-05
-2.59727e-05
8.41977e-05
0.000235659
0.000431253
0.000674149
0.000967103
0.00131188
0.00170834
0.00215326
0.00263898
0.00315237
0.00367078
0.00416291
0.00458842
0.00490112
0.0050924
0.00505324
-0.000260305
-0.00029575
-0.000258244
-0.000193287
-8.99699e-05
5.3806e-05
0.000241781
0.00047841
0.00076818
0.00111509
0.00152171
0.00198777
0.00250817
0.00307208
0.00365633
0.00422566
0.00473045
0.00510827
0.0053418
0.00529082
-0.000469764
-0.000509902
-0.000476969
-0.00041938
-0.0003253
-0.000192177
-1.52768e-05
0.000211333
0.000494216
0.000840208
0.00125558
0.00174443
0.00230597
0.00293322
0.00360518
0.00428281
0.00490439
0.00538371
0.00568515
0.00562057
-0.000733884
-0.000779573
-0.000752549
-0.000704601
-0.000623027
-0.000504914
-0.000344586
-0.000134597
0.0001339
0.000471059
0.000887807
0.00139439
0.00199772
0.00269538
0.0034754
0.00429711
0.00508578
0.00572308
0.00613649
0.0060633
-0.00105205
-0.00110442
-0.00108478
-0.00104917
-0.000984178
-0.000886803
-0.000750704
-0.000567158
-0.000325151
-1.10598e-05
0.000391324
0.00090014
0.00153272
0.0022984
0.00319788
0.00419959
0.00522051
0.00610545
0.00671106
0.00666291
-0.00142346
-0.00148374
-0.00147285
-0.00145241
-0.00140856
-0.00133871
-0.00123645
-0.00109243
-0.000894124
-0.000625034
-0.000263892
0.000215876
0.000845019
0.00165411
0.00265872
0.00386047
0.00518706
0.0064604
0.00741035
0.00752181
-0.00184717
-0.0019166
-0.00191526
-0.00191236
-0.00189401
-0.00185882
-0.00180119
-0.00171233
-0.00157968
-0.00138559
-0.00110557
-0.000706304
-0.000143583
0.000635465
0.00168031
0.00304116
0.00470848
0.00656482
0.0081552
0.00880463
-0.00232254
-0.00240214
-0.00240981
-0.00242544
-0.00243572
-0.00244141
-0.00243902
-0.00242186
-0.00237968
-0.00229708
-0.00215135
-0.00190904
-0.00152126
-0.000920162
-1.88689e-05
0.00126519
0.00312818
0.00570501
0.00840098
0.0102968
-0.00285011
-0.00294012
-0.0029535
-0.00298587
-0.00302518
-0.00307545
-0.00313654
-0.00320584
-0.00327824
-0.00334514
-0.00339292
-0.00340115
-0.00334019
-0.00316912
-0.00283928
-0.00224639
-0.00104158
0.00163894
0.00554862
0.0101509
-0.00343477
-0.00353522
-0.00354766
-0.00359079
-0.00365395
-0.00374645
-0.00387317
-0.00403754
-0.00424256
-0.00449197
-0.00479111
-0.00514976
-0.00559028
-0.00617342
-0.00703699
-0.00824089
-0.00914819
-0.00721993
-0.00225937
0.00571764
-0.00408021
-0.00417922
-0.00417064
-0.0042094
-0.00428782
-0.00441853
-0.00460904
-0.00486852
-0.00521036
-0.00565395
-0.0062312
-0.00699851
-0.00806533
-0.00964677
-0.0121494
-0.0157342
-0.0196708
-0.0191071
-0.0138847
-0.00268009
-0.00482414
-0.00493965
-0.00489651
-0.00492068
-0.00498796
-0.00512578
-0.00534957
-0.00567725
-0.00613215
-0.0067487
-0.00758469
-0.00873699
-0.0103986
-0.0128889
-0.0168227
-0.0222752
-0.0292681
-0.0307643
-0.0268617
-0.0122363
-0.00577523
-0.00567581
-0.00551716
-0.00543863
-0.00547712
-0.00563286
-0.0059075
-0.00631012
-0.00686482
-0.00761257
-0.00862691
-0.010024
-0.0120652
-0.0150614
-0.019896
-0.0262537
-0.0355982
-0.0387678
-0.0364482
-0.0164413
-0.00640278
-0.00680255
-0.00651926
-0.0064895
-0.0064316
-0.00648748
-0.00667305
-0.00701557
-0.0075448
-0.00829775
-0.00935118
-0.0107968
-0.0129571
-0.0159467
-0.0211092
-0.0272863
-0.0366901
-0.0394459
-0.0357928
-0.00620961
-0.0100721
-0.00745836
-0.00682752
-0.0062042
-0.00610121
-0.00623248
-0.00654806
-0.00700535
-0.00762117
-0.00842035
-0.00949987
-0.0108824
-0.0129282
-0.0157292
-0.020159
-0.0252234
-0.0316086
-0.0312828
-0.021644
0.0233229
-0.00684243
-0.00970831
-0.00876986
-0.00877811
-0.00832344
-0.00805366
-0.00795994
-0.00807122
-0.0084188
-0.00897407
-0.00986977
-0.0110736
-0.0129507
-0.0154624
-0.0196749
-0.0237623
-0.0283335
-0.019887
0.00390311
0.0789278
-0.0322511
-0.00714
-0.00579621
-0.00503088
-0.00476528
-0.00491511
-0.00537153
-0.00592634
-0.00666511
-0.00749726
-0.00869046
-0.0100564
-0.012113
-0.0143567
-0.0170345
-0.0170319
-0.0115963
0.0166753
0.0810938
0.209919
1.21369e-05
-3.1719e-06
3.83563e-05
0.000116782
0.000237968
0.000402708
0.000612208
0.000867653
0.0011691
0.00151517
0.00190219
0.00232329
0.00276757
0.00321927
0.00365807
0.00405919
0.00439519
0.0046389
0.00478447
0.00477994
2.568e-05
1.04814e-05
5.52973e-05
0.000133479
0.000252461
0.000413567
0.000618404
0.000868343
0.00116382
0.00150381
0.00188506
0.00230114
0.00274118
0.00319104
0.00362996
0.00403309
0.00437244
0.00462018
0.00477226
0.00476359
-2.7182e-05
-4.7714e-05
-4.32428e-06
7.1048e-05
0.000186581
0.000343776
0.000544689
0.000791328
0.00108495
0.00142547
0.00181067
0.00223519
0.00268997
0.00316014
0.00362447
0.004056
0.00442298
0.00469211
0.0048579
0.00484041
-0.00012908
-0.000153379
-0.000112267
-4.09977e-05
6.94518e-05
0.000220914
0.000416135
0.000658071
0.000949238
0.0012911
0.00168321
0.00212199
0.00259932
0.00310261
0.0036093
0.00408934
0.0045048
0.00481267
0.0050038
0.0049791
-0.000286209
-0.000314169
-0.000276505
-0.000210829
-0.000107267
3.64424e-05
0.000223912
0.000459335
0.000746884
0.00109017
0.00149129
0.0019494
0.00245818
0.00300917
0.00357716
0.00412901
0.00461849
0.00498814
0.00522055
0.00518856
-0.000498647
-0.0005307
-0.000497702
-0.000439442
-0.000345221
-0.000212329
-3.62029e-05
0.000188776
0.000468769
0.000810095
0.00121838
0.00169717
0.00224626
0.00285237
0.00350045
0.00415176
0.00474904
0.00521379
0.00551196
0.00547397
-0.000766068
-0.000802978
-0.000776
-0.000727445
-0.000645839
-0.000528135
-0.000368885
-0.000161024
0.000103784
0.000434987
0.00084254
0.00133549
0.00191906
0.00258959
0.00333587
0.00411747
0.00486656
0.00547666
0.00588134
0.00584772
-0.00108811
-0.00113088
-0.00111139
-0.0010752
-0.00101021
-0.000913348
-0.000778556
-0.000597581
-0.000360051
-5.32749e-05
0.000337588
0.000828653
0.00143406
0.00215691
0.00301428
0.00395571
0.00491166
0.00574467
0.00632687
0.00633894
-0.00146424
-0.00151396
-0.00150328
-0.00148217
-0.00143821
-0.00136879
-0.00126785
-0.00112661
-0.000933328
-0.000672624
-0.000324918
0.000133904
0.000732204
0.00150164
0.00243067
0.00354065
0.00476237
0.00593556
0.00682723
0.00702135
-0.00189388
-0.00195159
-0.00195045
-0.00194662
-0.00192782
-0.00189265
-0.001836
-0.00174969
-0.00162205
-0.00143675
-0.00117128
-0.000795555
-0.000270203
0.00045252
0.00141957
0.00265863
0.00416698
0.0058347
0.00729752
0.00805394
-0.00237698
-0.00244345
-0.00245122
-0.00246539
-0.00247453
-0.00247942
-0.00247711
-0.00246159
-0.00242352
-0.00234877
-0.00221655
-0.00199661
-0.00164512
-0.00110047
-0.000281402
0.000907922
0.00258362
0.00486073
0.00731463
0.00941395
-0.00291513
-0.00299031
-0.00300365
-0.0030337
-0.00307063
-0.00311865
-0.00317824
-0.00324739
-0.00332181
-0.00339395
-0.00345133
-0.00347499
-0.00343654
-0.00329259
-0.00297922
-0.00236892
-0.00108861
0.00130029
0.00485788
0.00956845
-0.00351472
-0.00359774
-0.00360938
-0.00364867
-0.00370775
-0.00379613
-0.00391923
-0.00408089
-0.00428457
-0.0045345
-0.00483559
-0.00519514
-0.00562767
-0.00616424
-0.0068688
-0.00773601
-0.00828325
-0.00637444
-0.00175144
0.006398
-0.00418413
-0.00426339
-0.00425366
-0.00428652
-0.00435772
-0.00448073
-0.0046639
-0.00491687
-0.00525307
-0.00569147
-0.00626169
-0.00701158
-0.00802994
-0.00946981
-0.0115994
-0.0144651
-0.0174302
-0.0163427
-0.0109611
0.000192357
-0.00496218
-0.00505086
-0.00500579
-0.0050194
-0.00507576
-0.00520228
-0.00541539
-0.00573308
-0.0061785
-0.006785
-0.00760822
-0.00873233
-0.0103237
-0.0126227
-0.0160822
-0.0206612
-0.0262977
-0.0267437
-0.0225704
-0.00803907
-0.005974
-0.00584413
-0.00568048
-0.00558769
-0.00560819
-0.00574523
-0.00600208
-0.00638877
-0.00692984
-0.00766459
-0.00866794
-0.0100439
-0.0120412
-0.0148855
-0.0193125
-0.0250691
-0.033857
-0.0367344
-0.0352109
-0.0139804
-0.00673169
-0.00707009
-0.00677102
-0.00670402
-0.00661763
-0.0066455
-0.00680661
-0.0071279
-0.00764256
-0.00838122
-0.00943184
-0.0108739
-0.0130501
-0.0159879
-0.0209528
-0.026894
-0.0374035
-0.0405519
-0.0393885
-0.00649857
-0.0104375
-0.00779017
-0.00719473
-0.00655841
-0.00641348
-0.00649359
-0.00676323
-0.00718343
-0.00778433
-0.00856123
-0.00965493
-0.0110122
-0.0131303
-0.0159375
-0.0204205
-0.0255576
-0.0334055
-0.0342583
-0.0272845
0.0210635
-0.00792433
-0.010522
-0.00946234
-0.00935195
-0.00881158
-0.00846213
-0.00830669
-0.00836228
-0.00868216
-0.00924216
-0.0101067
-0.0113081
-0.0132251
-0.0156941
-0.0199104
-0.0239188
-0.0295088
-0.0224597
-0.00136204
0.0744754
-0.0329549
-0.00794559
-0.00661316
-0.00572742
-0.00534279
-0.00541099
-0.00581089
-0.00631002
-0.00702585
-0.00782898
-0.00903339
-0.0103892
-0.0124945
-0.0147025
-0.0174868
-0.0176434
-0.0134285
0.0129913
0.0728255
0.199682
8.43811e-06
3.27883e-06
4.66531e-05
0.000125961
0.00024694
0.000410948
0.000619338
0.000872984
0.00117208
0.00151516
0.00189839
0.00231481
0.00275354
0.00319923
0.00363144
0.00402615
0.00435733
0.00459997
0.00474801
0.0047596
1.13858e-05
6.0346e-06
5.11364e-05
0.000129893
0.000248997
0.000410117
0.000614916
0.000864681
0.00115978
0.00149906
0.0018791
0.00229333
0.0027309
0.00317691
0.00361178
0.00401076
0.00434704
0.00459456
0.00474816
0.00475715
-4.53704e-05
-5.40523e-05
-1.0495e-05
6.54588e-05
0.000181179
0.000338511
0.000539555
0.000786231
0.00107967
0.00141965
0.00180375
0.00222643
0.00267829
0.00314451
0.00360404
0.00403047
0.00439349
0.00466214
0.00482966
0.00483387
-0.000150288
-0.000161557
-0.000120377
-4.84997e-05
6.21577e-05
0.000213789
0.000409178
0.000651228
0.000942305
0.00128367
0.00167463
0.00211139
0.00258567
0.00308348
0.00358403
0.00405735
0.00446751
0.00477453
0.00496772
0.00496904
-0.000309362
-0.000323406
-0.000285741
-0.000219488
-0.000115781
2.80117e-05
0.000215522
0.000450875
0.000738089
0.00108052
0.00147996
0.00193531
0.00244074
0.00298368
0.00354311
0.00408547
0.00456709
0.00493468
0.00516959
0.00516929
-0.0005234
-0.000540705
-0.000507781
-0.000449027
-0.000354783
-0.000221972
-4.60341e-05
0.000178535
0.000457724
0.000797557
0.00120321
0.00167757
0.00221904
0.00281789
0.00345267
0.00408978
0.00467454
0.0051342
0.00543478
0.00543616
-0.000792485
-0.000813737
-0.000786927
-0.00073797
-0.000656481
-0.000539048
-0.000380258
-0.000173216
9.0187e-05
0.000419039
0.000822729
0.00130949
0.00188378
0.0025423
0.00326881
0.00402759
0.00475488
0.00535265
0.00575676
0.00577115
-0.00111639
-0.00114238
-0.00112316
-0.00108664
-0.00102191
-0.000925504
-0.000791445
-0.000611706
-0.000376221
-7.27745e-05
0.000312727
0.000795283
0.00138821
0.00209818
0.00292247
0.00382359
0.00473923
0.00554197
0.00611232
0.00617539
-0.00149466
-0.00152617
-0.00151585
-0.00149445
-0.00145084
-0.001382
-0.00128203
-0.00114239
-0.000951732
-0.000695313
-0.000354585
9.27703e-05
0.000671661
0.00140515
0.00230037
0.00334196
0.00449251
0.00559146
0.00643111
0.00663982
-0.00192685
-0.0019645
-0.00196378
-0.00195961
-0.00194113
-0.00190656
-0.00185097
-0.00176648
-0.00164192
-0.00146174
-0.00120483
-0.000843426
-0.000342259
0.000340437
0.00124615
0.00240231
0.00375171
0.00524921
0.00652341
0.00711127
-0.00241318
-0.00245716
-0.00246532
-0.00247895
-0.0024882
-0.0024935
-0.00249214
-0.00247846
-0.0024436
-0.00237437
-0.00225179
-0.0020484
-0.00172505
-0.00122804
-0.000485881
0.000592427
0.00209039
0.00395709
0.00590997
0.00737445
-0.00295589
-0.00300531
-0.00301904
-0.00304811
-0.00308461
-0.00313249
-0.00319255
-0.00326321
-0.00334064
-0.00341813
-0.00348529
-0.00352568
-0.0035141
-0.00340923
-0.00314288
-0.0025871
-0.00147084
0.000590526
0.00335113
0.00668473
-0.00356238
-0.00361415
-0.00362561
-0.00366288
-0.00372079
-0.00380852
-0.00393167
-0.00409419
-0.00430022
-0.00455439
-0.0048632
-0.00523489
-0.0056812
-0.00621156
-0.00682089
-0.0073875
-0.00744815
-0.00551315
-0.00107521
0.00514871
-0.0042468
-0.00428899
-0.00428024
-0.00430996
-0.00437731
-0.00449666
-0.00467714
-0.00492919
-0.00526641
-0.00570782
-0.00628326
-0.007037
-0.00804277
-0.00938894
-0.0111572
-0.0130912
-0.0143538
-0.0116251
-0.00508546
0.00342482
-0.0050478
-0.00507601
-0.00503035
-0.00503564
-0.00508719
-0.00521031
-0.00542163
-0.00573905
-0.00618624
-0.00679654
-0.00762479
-0.00874492
-0.0103005
-0.012416
-0.0152723
-0.0182881
-0.0209038
-0.0181893
-0.0115519
0.000331413
-0.00613023
-0.00593234
-0.00575986
-0.00565457
-0.0056591
-0.00578188
-0.00602809
-0.00640824
-0.00694779
-0.00768581
-0.00870134
-0.0100819
-0.0120463
-0.0147184
-0.0184414
-0.0224451
-0.0277517
-0.0273014
-0.0217504
-0.00329798
-0.00707247
-0.0071851
-0.00687797
-0.00675311
-0.00664534
-0.00665752
-0.00681066
-0.00712948
-0.00764769
-0.00840301
-0.00948326
-0.0109717
-0.013144
-0.0160503
-0.0204112
-0.0250713
-0.0333829
-0.0335024
-0.0272384
0.000559052
-0.010963
-0.00814261
-0.00751121
-0.00682629
-0.00659138
-0.00660355
-0.00682561
-0.00722043
-0.00781125
-0.00861123
-0.00973944
-0.011234
-0.0134072
-0.016224
-0.0204343
-0.0247678
-0.0316453
-0.029738
-0.0202931
0.0208856
-0.0106325
-0.0115314
-0.010079
-0.00959467
-0.00887016
-0.00841213
-0.0082031
-0.00824783
-0.00857816
-0.00917838
-0.0101511
-0.0114863
-0.0135296
-0.0160712
-0.0199779
-0.0232805
-0.0278928
-0.0196172
-0.000633489
0.0659979
-0.0352238
-0.00983169
-0.0082144
-0.00676661
-0.00602196
-0.00591665
-0.00618557
-0.00661172
-0.00727455
-0.00808348
-0.00931288
-0.0107448
-0.0129047
-0.015072
-0.0177654
-0.0175208
-0.0136394
0.0109962
0.0588608
0.168301
)
;

boundaryField
{
    movingWall
    {
        type            zeroGradient;
    }
    fixedWalls
    {
        type            zeroGradient;
    }
}


// ************************************************************************* //
