/*--------------------------------*- C++ -*----------------------------------*\
  =========                 |
  \\      /  F ield         | OpenFOAM: The Open Source CFD Toolbox
   \\    /   O peration     | Website:  https://openfoam.org
    \\  /    A nd           | Version:  10
     \\/     M anipulation  |
\*---------------------------------------------------------------------------*/
FoamFile
{
    format      ascii;
    class       volScalarField;
    location    "9.625";
    object      p;
}
// * * * * * * * * * * * * * * * * * * * * * * * * * * * * * * * * * * * * * //

dimensions      [0 2 -2 0 0 0 0];

internalField   nonuniform List<scalar> 
8000
(
2.08544e-06
-3.63089e-06
5.15112e-05
0.000151655
0.000304561
0.00051326
0.000781564
0.00111363
0.00151299
0.00198128
0.00251666
0.00311153
0.00375
0.00440552
0.00503975
0.00560538
0.00605213
0.00634414
0.00648793
0.00644864
7.44609e-06
1.52873e-06
6.00095e-05
0.000160832
0.000312662
0.000518815
0.000783339
0.00111055
0.00150417
0.00196618
0.00249534
0.00308492
0.00371998
0.0043741
0.005009
0.005577
0.00602555
0.00631454
0.00645367
0.00639181
-7.70391e-05
-8.73898e-05
-3.14978e-05
6.42525e-05
0.000209018
0.000406176
0.000660163
0.000976009
0.00135856
0.0018115
0.00233576
0.0029272
0.00357352
0.00425099
0.0049202
0.00552657
0.00600643
0.0063064
0.00643837
0.0063415
-0.000236374
-0.00024989
-0.000198634
-0.000111312
2.17198e-05
0.000203988
0.000440471
0.000737175
0.00110057
0.00153689
0.00205062
0.00264213
0.00330387
0.00401507
0.00473599
0.00540355
0.00593942
0.00626358
0.0063875
0.00623283
-0.000479003
-0.000495631
-0.000451713
-0.000376806
-0.000260907
-0.00010038
0.000110245
0.000377959
0.000711006
0.00111858
0.00160981
0.00219129
0.00286292
0.00361117
0.00440001
0.00515926
0.00578387
0.00615357
0.00627461
0.00603244
-0.000804524
-0.000824505
-0.000790597
-0.000732293
-0.000639534
-0.000508855
-0.000334717
-0.000109608
0.000175994
0.000533849
0.000977674
0.00152168
0.00217638
0.00294104
0.00379045
0.00465687
0.00540691
0.00586744
0.00601529
0.0056595
-0.00120915
-0.0012329
-0.00121157
-0.0011742
-0.00111113
-0.00101965
-0.000894993
-0.0007304
-0.000516599
-0.00024104
0.000112578
0.000564351
0.00113615
0.00184433
0.00268713
0.00362333
0.00453129
0.00516955
0.00544583
0.00497784
-0.00168673
-0.00171469
-0.00170814
-0.00169576
-0.00166891
-0.00162649
-0.00156588
-0.00148295
-0.00137162
-0.00122281
-0.00102297
-0.000752659
-0.000385677
0.000110414
0.000767247
0.00160221
0.00259858
0.00357427
0.00426764
0.00390051
-0.00222915
-0.00226157
-0.00227112
-0.00228663
-0.00230129
-0.00231674
-0.00233422
-0.00235483
-0.00237957
-0.0024089
-0.00244217
-0.0024769
-0.00250605
-0.00250713
-0.00242142
-0.00208717
-0.00119598
0.000339771
0.0020473
0.00240475
-0.00282707
-0.00286373
-0.00288893
-0.00293293
-0.00299134
-0.00306998
-0.00317568
-0.00331752
-0.00350799
-0.00376438
-0.00411064
-0.00457989
-0.00521299
-0.00602296
-0.00692036
-0.0075273
-0.00695716
-0.00451488
-0.0012184
0.000445967
-0.00347082
-0.00351106
-0.00354867
-0.00361805
-0.00371742
-0.00385829
-0.00405434
-0.00432462
-0.00469648
-0.00520974
-0.00592261
-0.00691729
-0.0083029
-0.0101138
-0.012156
-0.0136705
-0.013033
-0.00906009
-0.00437206
-0.00165678
-0.00415308
-0.00419467
-0.00423693
-0.00432287
-0.00445329
-0.00464661
-0.00492316
-0.00531221
-0.00585598
-0.00661593
-0.00768186
-0.00917357
-0.0112298
-0.0138564
-0.0165892
-0.0182539
-0.0170725
-0.011547
-0.0067631
-0.00296635
-0.00487326
-0.00491171
-0.00494571
-0.00503253
-0.00517578
-0.0054014
-0.00573463
-0.00621258
-0.00689015
-0.0078406
-0.00917391
-0.0110351
-0.0135405
-0.0165782
-0.0195355
-0.0211752
-0.0199934
-0.014815
-0.00988006
-0.00403927
-0.00563841
-0.00566035
-0.00566157
-0.00572236
-0.00585203
-0.00608254
-0.00643948
-0.00696754
-0.007721
-0.00877959
-0.0102619
-0.012306
-0.0150169
-0.0182348
-0.0213982
-0.0236304
-0.0243329
-0.0200471
-0.0143411
-0.00542522
-0.00647657
-0.00647664
-0.00642048
-0.00642906
-0.00650888
-0.00670212
-0.00703607
-0.00755846
-0.00832121
-0.00939718
-0.0109038
-0.0129574
-0.015658
-0.0188648
-0.0222423
-0.0250344
-0.0272415
-0.0230986
-0.0173988
-0.0055534
-0.00757472
-0.007342
-0.00713622
-0.00699449
-0.0069825
-0.00711968
-0.00742164
-0.00791697
-0.00865054
-0.00968254
-0.0111133
-0.0130285
-0.0155128
-0.0184165
-0.0215685
-0.0239351
-0.0260296
-0.0214544
-0.0169062
-0.00138371
-0.00843671
-0.00851278
-0.00814251
-0.00795178
-0.00778565
-0.00776526
-0.0079166
-0.00827357
-0.00888426
-0.00978882
-0.0110712
-0.0127747
-0.0149668
-0.0174088
-0.0200676
-0.0215454
-0.0230366
-0.0171064
-0.0125178
0.0101631
-0.0123239
-0.00945807
-0.00873455
-0.00792514
-0.00758861
-0.00751331
-0.00768053
-0.00805024
-0.00865653
-0.00950948
-0.0107016
-0.0122192
-0.0141556
-0.0161512
-0.0182446
-0.0189412
-0.0192029
-0.0110011
-0.00326614
0.0334978
-0.0118218
-0.0126858
-0.011096
-0.0104722
-0.00961886
-0.00906296
-0.00878429
-0.00878472
-0.00911156
-0.00973464
-0.0107606
-0.0121037
-0.0139454
-0.0157913
-0.0178298
-0.0178154
-0.016602
-0.00375846
0.0133736
0.0767562
-0.0366038
-0.0111299
-0.00932212
-0.00771538
-0.00684302
-0.00663379
-0.00682767
-0.00720009
-0.00783985
-0.00865422
-0.0098676
-0.0112184
-0.0129885
-0.0142432
-0.0150831
-0.0117584
-0.00349737
0.0241753
0.0708034
0.176604
1.08072e-05
-9.68946e-06
4.24064e-05
0.000140835
0.000293464
0.000502504
0.000771553
0.00110491
0.00150643
0.00197817
0.00251883
0.00312141
0.00377043
0.00443922
0.00508844
0.00566791
0.00612307
0.0064135
0.00654806
0.00648415
2.89597e-05
9.49868e-06
6.78857e-05
0.000168477
0.000320597
0.000527013
0.000791648
0.00111886
0.00151246
0.00197469
0.00250468
0.00309636
0.00373541
0.00439539
0.00503875
0.00561567
0.00606882
0.00635477
0.00648714
0.0064026
-4.99989e-05
-7.65913e-05
-2.04388e-05
7.52464e-05
0.000220416
0.000417847
0.000671832
0.000987402
0.00136948
0.00182199
0.0023464
0.00293937
0.00358945
0.00427386
0.00495336
0.00557101
0.00605712
0.00635302
0.00647499
0.00634887
-0.00020521
-0.000236537
-0.000184766
-9.73517e-05
3.62566e-05
0.00021895
0.000455545
0.000752022
0.0011149
0.00155063
0.00206437
0.00265752
0.00332382
0.00404355
0.00477699
0.00546183
0.00600798
0.00632744
0.00643508
0.00624102
-0.000445961
-0.00048134
-0.000436858
-0.000361768
-0.000245075
-8.3788e-05
0.000127397
0.000395443
0.000728637
0.00113643
0.00162861
0.00221317
0.00289187
0.00365245
0.00445725
0.0052421
0.00588695
0.00625549
0.00634964
0.00604678
-0.000771066
-0.000810397
-0.000775987
-0.000717436
-0.000623623
-0.000491718
-0.000316324
-8.99436e-05
0.000196989
0.000556489
0.00100297
0.00155218
0.00221741
0.00300139
0.00388084
0.00478171
0.0055706
0.00604737
0.00615725
0.00568073
-0.00117611
-0.00121968
-0.00119799
-0.00116036
-0.00109603
-0.00100285
-0.000876178
-0.000709222
-0.000492663
-0.000213799
0.000144162
0.000602494
0.00118548
0.00191402
0.00279095
0.00378344
0.00477352
0.00551015
0.00575835
0.00505257
-0.00165464
-0.00170297
-0.00169633
-0.00168381
-0.00165561
-0.00161116
-0.00154788
-0.00146162
-0.00134629
-0.00119291
-0.000988164
-0.000713122
-0.000342605
0.00015574
0.000825752
0.00173153
0.00295561
0.00429741
0.00498651
0.004178
-0.00219841
-0.00225195
-0.00226183
-0.00227753
-0.00229099
-0.00230432
-0.00231878
-0.00233544
-0.00235554
-0.00238043
-0.00241181
-0.00245327
-0.00251151
-0.00258466
-0.00260245
-0.00221362
-0.000743566
0.00185277
0.00349167
0.00335982
-0.00279785
-0.00285682
-0.00288293
-0.00292764
-0.00298528
-0.00306204
-0.00316476
-0.00330257
-0.0034887
-0.00374277
-0.00409505
-0.00459531
-0.00532514
-0.00635244
-0.0075736
-0.00822118
-0.00671618
-0.00276932
0.000489206
0.00244218
-0.00344355
-0.00350758
-0.00354683
-0.00361758
-0.00371689
-0.0038564
-0.00404983
-0.00431648
-0.00468513
-0.00520021
-0.0059325
-0.00699591
-0.00857282
-0.0107909
-0.0134686
-0.0154877
-0.0146013
-0.00957839
-0.00424335
0.000468348
-0.00412732
-0.00419473
-0.00423914
-0.00432701
-0.00445828
-0.00465097
-0.00492555
-0.00531142
-0.00585277
-0.00661739
-0.00771412
-0.00930427
-0.0116424
-0.0148393
-0.01862
-0.0216645
-0.0216199
-0.015717
-0.00944528
-0.00271507
-0.00484767
-0.00491654
-0.00495381
-0.00504368
-0.00518852
-0.00541365
-0.00574516
-0.00622019
-0.00689395
-0.00784738
-0.00921118
-0.0111605
-0.0139829
-0.0177254
-0.0221175
-0.0258858
-0.027037
-0.0214634
-0.0153943
-0.00682841
-0.0056056
-0.00566371
-0.00566645
-0.00573064
-0.00586345
-0.006095
-0.00645237
-0.00697545
-0.00772284
-0.00877719
-0.0102804
-0.0123822
-0.0153898
-0.0192941
-0.0240361
-0.028427
-0.0313007
-0.0269321
-0.0214777
-0.0109148
-0.00642992
-0.00648684
-0.00643357
-0.00644929
-0.00653163
-0.00672364
-0.00705556
-0.00756801
-0.00831902
-0.0093707
-0.0108774
-0.0129675
-0.0158783
-0.0196263
-0.0242398
-0.0285186
-0.0324742
-0.0281665
-0.0245917
-0.0119981
-0.00746818
-0.0072984
-0.00710211
-0.00697067
-0.00697108
-0.00711595
-0.00742011
-0.00790694
-0.00861968
-0.00962538
-0.0110355
-0.0129479
-0.0155392
-0.018752
-0.022644
-0.0259293
-0.0290433
-0.0246368
-0.0240709
-0.00707011
-0.00815816
-0.00845451
-0.00808682
-0.00794673
-0.00779086
-0.00777528
-0.00792083
-0.00826149
-0.00884148
-0.00970754
-0.0109517
-0.0126242
-0.0148491
-0.0174471
-0.0205472
-0.0226785
-0.0247469
-0.0200623
-0.0197734
0.007128
-0.0118632
-0.00916408
-0.00847557
-0.00769563
-0.0074358
-0.00742012
-0.00761917
-0.00799196
-0.00857908
-0.00939217
-0.0105419
-0.0120225
-0.013983
-0.0161212
-0.0185645
-0.0197446
-0.0203939
-0.0141202
-0.0082211
0.0345083
-0.00921185
-0.0117616
-0.0105229
-0.0102517
-0.00956196
-0.00910237
-0.00885814
-0.00884533
-0.00913216
-0.00968566
-0.0106424
-0.0119185
-0.0137869
-0.0157927
-0.0183028
-0.0190823
-0.0183786
-0.00639627
0.0135157
0.0850237
-0.0343971
-0.00926699
-0.00770301
-0.00665535
-0.00614444
-0.00610536
-0.00640967
-0.00682982
-0.00749766
-0.00828799
-0.00948509
-0.0108248
-0.0126336
-0.0140717
-0.0151245
-0.0122875
-0.0037663
0.0263588
0.0846043
0.207
3.35076e-05
6.02695e-06
5.70208e-05
0.000155241
0.000308994
0.000520207
0.000792618
0.00113094
0.00153961
0.00202146
0.00257596
0.00319682
0.00386881
0.00456468
0.00524177
0.00584555
0.00631431
0.00660205
0.0067206
0.00662948
6.15424e-05
3.41944e-05
9.29852e-05
0.000193938
0.00034721
0.000555407
0.000822667
0.00115374
0.00155301
0.00202343
0.00256501
0.00317253
0.00383198
0.00451669
0.00518801
0.00578945
0.0062564
0.00653897
0.0066543
0.00654243
-1.04387e-05
-4.67121e-05
1.02551e-05
0.000106401
0.000252702
0.000451773
0.000708178
0.00102742
0.00141509
0.00187607
0.00241303
0.00302399
0.00369869
0.00441489
0.00513068
0.00578216
0.00628838
0.00657915
0.00667365
0.00650773
-0.000159377
-0.000201579
-0.000148676
-6.06923e-05
7.41245e-05
0.000258522
0.000497651
0.000798058
0.00116709
0.00161247
0.00214109
0.00275649
0.00345442
0.00421622
0.00500302
0.00574035
0.00632119
0.00663428
0.0066916
0.00643234
-0.000395604
-0.000442673
-0.000396873
-0.000321098
-0.000202988
-3.96585e-05
0.000174615
0.000447489
0.000788305
0.00120815
0.00171927
0.00233307
0.00305456
0.00387154
0.00476072
0.00563049
0.0063389
0.00670187
0.00669955
0.00628125
-0.000717486
-0.000769109
-0.000733264
-0.000673896
-0.000578377
-0.000443922
-0.000264617
-3.21306e-05
0.000264402
0.00063908
0.00110962
0.00169684
0.00242111
0.00329346
0.0042829
0.00532795
0.0062436
0.0067252
0.00664675
0.00595378
-0.0011201
-0.00117649
-0.00115331
-0.00111479
-0.00104852
-0.000952345
-0.000821016
-0.000646781
-0.000418843
-0.000122099
0.000264219
0.000767828
0.00142294
0.00226181
0.00329258
0.00452557
0.00576124
0.00651979
0.00640929
0.0053477
-0.00159667
-0.00165833
-0.00165028
-0.00163695
-0.00160684
-0.00155926
-0.00149102
-0.00139701
-0.00126974
-0.00109793
-0.000864424
-0.000544281
-0.000103053
0.000510183
0.00137947
0.00258785
0.00417127
0.00553506
0.00567276
0.00451357
-0.00213865
-0.00220609
-0.0022148
-0.00223006
-0.00224201
-0.00225266
-0.00226267
-0.00227239
-0.00228224
-0.00229261
-0.00230439
-0.0023224
-0.00236147
-0.00242581
-0.00239125
-0.00178364
-4.25115e-05
0.00262689
0.00398221
0.00384855
-0.00273614
-0.00280956
-0.00283493
-0.00287989
-0.00293695
-0.00301216
-0.00311196
-0.00324528
-0.00342583
-0.00367535
-0.00403044
-0.00455986
-0.00539754
-0.00667344
-0.00824141
-0.00905078
-0.00738615
-0.00290543
0.000692798
0.00300829
-0.00337889
-0.00345822
-0.00349743
-0.00356946
-0.00366959
-0.00380932
-0.00400226
-0.00426826
-0.00463858
-0.00516468
-0.00593512
-0.00710798
-0.0089694
-0.0117588
-0.0152252
-0.0177279
-0.0164894
-0.0105002
-0.00469226
0.00038362
-0.00405738
-0.00414108
-0.00418605
-0.00427639
-0.00441032
-0.00460548
-0.00488246
-0.00527178
-0.00582166
-0.00661145
-0.00777688
-0.00954922
-0.0123061
-0.0162719
-0.0210883
-0.0247594
-0.0245457
-0.0183656
-0.0116298
-0.00427129
-0.00476884
-0.00485615
-0.00489504
-0.00498892
-0.00513831
-0.00536785
-0.00570391
-0.00618481
-0.00686971
-0.00785389
-0.00929989
-0.0114664
-0.0147297
-0.0192641
-0.024739
-0.0291535
-0.0304535
-0.0251555
-0.0185306
-0.009688
-0.00550876
-0.00558685
-0.00559105
-0.00566065
-0.00580046
-0.00603887
-0.0064027
-0.00693188
-0.00768902
-0.00876989
-0.0103421
-0.0126328
-0.0160168
-0.0205718
-0.026159
-0.0309085
-0.0335082
-0.0290053
-0.0233012
-0.0134959
-0.00630633
-0.006389
-0.00633667
-0.00636074
-0.00645191
-0.00665206
-0.00699019
-0.00750651
-0.00826004
-0.0093335
-0.0108882
-0.0130686
-0.0162524
-0.0204025
-0.0254896
-0.0296614
-0.03265
-0.0280547
-0.0244233
-0.0133542
-0.00728748
-0.00714855
-0.00695243
-0.00683082
-0.00684443
-0.0070018
-0.0073147
-0.00780521
-0.00851984
-0.00952
-0.0109373
-0.0129021
-0.0156261
-0.0190318
-0.0230851
-0.0260509
-0.0281575
-0.0235573
-0.0222814
-0.00740295
-0.00784673
-0.00820282
-0.0078454
-0.00773508
-0.00760028
-0.00760277
-0.00775881
-0.0081028
-0.00867975
-0.00952378
-0.0107525
-0.0124306
-0.01471
-0.0174041
-0.020569
-0.0224726
-0.0236784
-0.0188567
-0.0166196
0.00726832
-0.0115342
-0.00885511
-0.00810885
-0.00732705
-0.00710009
-0.00712067
-0.00734516
-0.00773239
-0.00831568
-0.0091052
-0.0102251
-0.0116897
-0.013654
-0.0158535
-0.0182996
-0.0193589
-0.0192554
-0.0129208
-0.00463876
0.0355753
-0.00814384
-0.0109512
-0.00981208
-0.00965082
-0.00904036
-0.00865096
-0.00844814
-0.0084628
-0.00874717
-0.00928692
-0.0102031
-0.0114681
-0.0133355
-0.0154451
-0.0180451
-0.018863
-0.0179617
-0.00562333
0.016548
0.0878599
-0.0336618
-0.0083906
-0.00680849
-0.00589673
-0.0055073
-0.00553458
-0.00586911
-0.00630886
-0.00696611
-0.00774091
-0.00889552
-0.0102375
-0.0120508
-0.0136122
-0.0147415
-0.0119355
-0.00268518
0.0285397
0.0903548
0.214396
6.03211e-05
2.87382e-05
7.93714e-05
0.000178036
0.000333609
0.000547943
0.000825016
0.00117002
0.00158805
0.00208275
0.00265442
0.00329742
0.00399654
0.00472334
0.00543232
0.00606294
0.00654622
0.00683122
0.00693362
0.00681933
9.42372e-05
6.22733e-05
0.000121546
0.000223287
0.000378374
0.000589382
0.000860732
0.00119765
0.00160514
0.00208698
0.00264411
0.00327209
0.00395687
0.00467226
0.00537511
0.00600378
0.00648528
0.00676378
0.00686098
0.0067269
2.74521e-05
-1.44632e-05
4.32489e-05
0.00014026
0.000288384
0.000490208
0.000750626
0.00107568
0.00147171
0.00194464
0.00249836
0.00313211
0.00383681
0.00458997
0.00534549
0.00603241
0.00655764
0.00684083
0.00690616
0.00670834
-0.000116436
-0.000165013
-0.00011114
-2.21936e-05
0.000114543
0.000301802
0.000545127
0.000851706
0.00122981
0.00168847
0.00223635
0.0028789
0.00361346
0.00442318
0.00526404
0.0060518
0.00666054
0.00695907
0.00696467
0.00665524
-0.000348693
-0.000402675
-0.000355759
-0.000278915
-0.000158689
7.81659e-06
0.000226804
0.000506694
0.000857969
0.0012934
0.00182764
0.00247518
0.00324454
0.00412752
0.00508987
0.00603332
0.0067844
0.00711874
0.0070253
0.00652479
-0.000667515
-0.000726488
-0.000689436
-0.000628893
-0.000531027
-0.000392995
-0.000208325
3.22009e-05
0.000340794
0.000733599
0.00123138
0.00185929
0.00264202
0.00358904
0.00468916
0.00584554
0.00682874
0.00724935
0.00702019
0.00619363
-0.00106769
-0.00113184
-0.00110744
-0.00106772
-0.000998973
-0.000898958
-0.000761823
-0.000578869
-0.000337858
-2.14762e-05
0.0003945
0.000943018
0.00166498
0.00260103
0.00376902
0.00514844
0.00647396
0.00711361
0.00679136
0.00555312
-0.00154217
-0.00161206
-0.00160288
-0.00158851
-0.00155605
-0.00150476
-0.00143085
-0.00132837
-0.00118864
-0.0009985
-0.000738088
-0.000379048
0.000117489
0.000809266
0.0017814
0.0031578
0.00486628
0.00612794
0.00605116
0.00472139
-0.00208212
-0.00215832
-0.00216618
-0.00218081
-0.00219096
-0.00219859
-0.00220394
-0.00220688
-0.00220738
-0.00220558
-0.00220297
-0.00220892
-0.00225164
-0.00233951
-0.00228337
-0.00152987
0.000433307
0.00308821
0.00433052
0.004188
-0.00267716
-0.00275999
-0.00278495
-0.00283
-0.00288624
-0.00295978
-0.00305688
-0.00318667
-0.00336381
-0.00361282
-0.0039774
-0.00454577
-0.00549555
-0.0069689
-0.00868418
-0.0093184
-0.00748386
-0.0031518
0.000736365
0.00345677
-0.00331643
-0.00340595
-0.00344539
-0.00351849
-0.00361916
-0.00375902
-0.00395188
-0.00421859
-0.00459318
-0.00513387
-0.00594452
-0.00721794
-0.00930512
-0.0124347
-0.0162081
-0.0187002
-0.0176689
-0.0120234
-0.00559403
0.000264617
-0.00398913
-0.00408384
-0.00412966
-0.00422218
-0.00435822
-0.00455548
-0.00483493
-0.0052286
-0.00578867
-0.00660383
-0.00782973
-0.00973647
-0.0127673
-0.0171424
-0.0223832
-0.0263017
-0.0265355
-0.0209332
-0.0137623
-0.00559374
-0.00469115
-0.00479094
-0.0048315
-0.00492883
-0.00508182
-0.00531493
-0.00565492
-0.00614151
-0.00683771
-0.00784831
-0.00935376
-0.0116457
-0.015174
-0.0200857
-0.0259963
-0.0306531
-0.0322274
-0.027527
-0.0209308
-0.0116988
-0.00541392
-0.00550588
-0.00551204
-0.00558628
-0.00573131
-0.00597472
-0.00634317
-0.00687721
-0.00764194
-0.00874109
-0.0103532
-0.0127398
-0.0163144
-0.0211133
-0.0269691
-0.0316019
-0.0340381
-0.0299216
-0.0249044
-0.0152169
-0.0061862
-0.00628608
-0.00623581
-0.00626687
-0.00636462
-0.0065704
-0.00691231
-0.00743036
-0.00818416
-0.00926236
-0.0108235
-0.0130634
-0.016334
-0.0205613
-0.0256432
-0.0294076
-0.0319447
-0.0277479
-0.0251881
-0.0143491
-0.00711931
-0.0070014
-0.00680795
-0.00669574
-0.00671861
-0.00688401
-0.00720155
-0.00769199
-0.00840105
-0.00939438
-0.0107959
-0.0127631
-0.0155124
-0.0189131
-0.0228642
-0.0254772
-0.0272092
-0.0230132
-0.0226626
-0.00766653
-0.00759838
-0.00799598
-0.00763985
-0.007551
-0.00743005
-0.00744352
-0.00760426
-0.00794572
-0.00851007
-0.00933656
-0.0105371
-0.012195
-0.014469
-0.0171557
-0.0202624
-0.0219913
-0.023002
-0.0186296
-0.0172501
0.0078074
-0.0112131
-0.00856978
-0.00780929
-0.00704487
-0.00683593
-0.00687604
-0.00711293
-0.00750342
-0.00807736
-0.00884227
-0.00993263
-0.0113685
-0.0133138
-0.0155066
-0.0179332
-0.0189312
-0.0188146
-0.0129903
-0.00532173
0.0369981
-0.00755331
-0.0105238
-0.00940189
-0.0093028
-0.00872241
-0.0083587
-0.00817
-0.00818432
-0.00845546
-0.00896878
-0.00985177
-0.0110911
-0.0129526
-0.0150931
-0.0177757
-0.0187039
-0.0180093
-0.00582724
0.0163007
0.0906817
-0.0330864
-0.00779623
-0.00621456
-0.00536767
-0.00504138
-0.00511435
-0.00547596
-0.00592768
-0.00658134
-0.007338
-0.00846913
-0.00978896
-0.0116068
-0.0131889
-0.0143644
-0.0115236
-0.00220445
0.0294414
0.0919987
0.219919
8.92262e-05
5.61258e-05
0.000107271
0.000207196
0.000365292
0.000583544
0.000866286
0.00121924
0.00164819
0.00215755
0.00274839
0.00341557
0.00414374
0.00490308
0.00564458
0.006302
0.00679932
0.00708153
0.00716863
0.00703487
0.000126002
9.20566e-05
0.000152137
0.000255246
0.000412832
0.000627592
0.00090431
0.00124873
0.00166652
0.00216226
0.00273772
0.00338909
0.00410186
0.0048502
0.00558602
0.00624206
0.00673733
0.00701117
0.00709053
0.00693836
6.26813e-05
1.83e-05
7.69679e-05
0.000175407
0.000326076
0.000531689
0.000797543
0.00113027
0.00153699
0.00202461
0.00259814
0.00325778
0.0039955
0.00478717
0.00558275
0.00630351
0.00684492
0.00711855
0.00715545
0.00693207
-7.74863e-05
-0.000128891
-7.39162e-05
1.65487e-05
0.00015595
0.000347161
0.000596196
0.000910931
0.00130058
0.00177545
0.00234577
0.00301836
0.00379065
0.00464977
0.00554233
0.00637438
0.00700246
0.00728097
0.00723846
0.00689061
-0.000306485
-0.000363564
-0.000315435
-0.000236968
-0.000113893
5.68684e-05
0.000282063
0.000570925
0.000935084
0.00138891
0.00194917
0.00263279
0.00345075
0.00439338
0.00542222
0.00642385
0.00719651
0.0074898
0.00731949
0.00675972
-0.000622541
-0.000684835
-0.000646501
-0.00058425
-0.000483353
-0.000340757
-0.000149368
0.000100945
0.00042371
0.000836931
0.00136388
0.00203291
0.00287192
0.00389068
0.00507209
0.00630173
0.00730421
0.00764394
0.00730581
0.00638942
-0.00102034
-0.00108804
-0.00106236
-0.00102093
-0.000949115
-0.000844426
-0.000700382
-0.000507348
-0.000251762
8.55078e-05
0.000531157
0.00112128
0.00189855
0.0029001
0.00415818
0.00561376
0.00694684
0.00746136
0.00701912
0.0056634
-0.00149267
-0.00156636
-0.00155602
-0.00154013
-0.00150484
-0.00144918
-0.00136881
-0.00125703
-0.00110418
-0.000895886
-0.000611135
-0.000221681
0.000308972
0.00103572
0.002038
0.0034589
0.00515242
0.00629497
0.00616735
0.00475145
-0.0020304
-0.00211071
-0.00211767
-0.00213124
-0.00213916
-0.0021433
-0.00214355
-0.00213945
-0.00213088
-0.00211854
-0.00210657
-0.00211321
-0.00218538
-0.00233869
-0.00234367
-0.00165505
0.000215452
0.00280626
0.00425339
0.00424518
-0.00262275
-0.00271003
-0.00273451
-0.00277918
-0.00283419
-0.00290568
-0.00299991
-0.00312636
-0.00330096
-0.00355176
-0.00393119
-0.00454828
-0.00561798
-0.00729159
-0.00924896
-0.0100504
-0.00839142
-0.00409534
0.000295795
0.00347877
-0.00325822
-0.0033526
-0.0033921
-0.0034657
-0.00356639
-0.00370599
-0.00389864
-0.0041663
-0.00454578
-0.0051018
-0.00595248
-0.00731894
-0.00959386
-0.0130114
-0.0171178
-0.0198427
-0.0191262
-0.0137184
-0.00668302
-0.000207022
-0.00392496
-0.00402492
-0.00407136
-0.00416532
-0.00430268
-0.00450137
-0.00478286
-0.00518064
-0.00575029
-0.00658791
-0.0078641
-0.00987569
-0.013104
-0.0177468
-0.0232848
-0.0273573
-0.0279521
-0.0228013
-0.0153275
-0.00668451
-0.00461776
-0.0047234
-0.00476517
-0.00486488
-0.0050203
-0.00525595
-0.00559898
-0.00609035
-0.00679598
-0.0078269
-0.00937532
-0.0117544
-0.015435
-0.0205173
-0.0265841
-0.0311348
-0.0327498
-0.0283948
-0.0219436
-0.0127426
-0.00532558
-0.00542397
-0.00543175
-0.00550924
-0.00565764
-0.00590423
-0.00627565
-0.00681297
-0.00758291
-0.00869327
-0.0103297
-0.0127671
-0.0164225
-0.0212537
-0.0270817
-0.0312937
-0.0334244
-0.0294747
-0.0249117
-0.0156965
-0.00607705
-0.00618448
-0.00613576
-0.00617133
-0.00627316
-0.00648228
-0.0068261
-0.00734441
-0.0080971
-0.00917485
-0.0107388
-0.0129889
-0.0162724
-0.0204381
-0.0253055
-0.0285413
-0.030527
-0.0265513
-0.0243646
-0.0143117
-0.00697456
-0.00686688
-0.00667603
-0.00657056
-0.00659864
-0.00676803
-0.00708702
-0.00757536
-0.00827787
-0.00926067
-0.0106486
-0.0125998
-0.0153297
-0.0186524
-0.0224256
-0.0246544
-0.0259242
-0.0218563
-0.0215347
-0.0074198
-0.00741468
-0.00782895
-0.00746963
-0.00739202
-0.00727798
-0.00729675
-0.00745849
-0.00779562
-0.0083488
-0.00915902
-0.0103365
-0.0119694
-0.0142188
-0.0168545
-0.0198517
-0.0213727
-0.0220992
-0.0178652
-0.0162537
0.00831381
-0.0109585
-0.00834419
-0.00758417
-0.0068363
-0.00663508
-0.00668301
-0.00692304
-0.00731064
-0.00787336
-0.00861962
-0.00968552
-0.0110939
-0.0130138
-0.0151717
-0.0175296
-0.0184201
-0.0181143
-0.0124606
-0.00451704
0.0378892
-0.00727271
-0.0102859
-0.00915406
-0.00907624
-0.00850214
-0.00814531
-0.00795794
-0.00796698
-0.00822542
-0.00871738
-0.00957632
-0.0107907
-0.0126371
-0.0147637
-0.0174316
-0.0183018
-0.0175056
-0.00539577
0.0170555
0.0922037
-0.0327794
-0.00748902
-0.00590048
-0.00506648
-0.00476041
-0.00485158
-0.00522365
-0.0056763
-0.00632188
-0.00706216
-0.00817242
-0.00947097
-0.0112707
-0.0128373
-0.0139787
-0.0110843
-0.00158046
0.0302862
0.0934637
0.222498
0.000117046
8.3534e-05
0.000135573
0.000237186
0.000398164
0.000620709
0.000909529
0.00127085
0.00171108
0.00223535
0.00284532
0.00353625
0.00429263
0.00508261
0.00585431
0.00653611
0.00704572
0.00732487
0.00739802
0.00724792
0.000155179
0.000120505
0.000181576
0.000286414
0.00044688
0.000665865
0.000948515
0.00130106
0.00172979
0.00223998
0.00283406
0.00350865
0.0042491
0.00502828
0.00579462
0.00647524
0.00698207
0.00725064
0.00731343
0.00714649
9.40824e-05
4.87815e-05
0.000108535
0.000208772
0.000362405
0.000572344
0.000844288
0.00118541
0.00160353
0.00210641
0.00269991
0.00338498
0.00415413
0.00498142
0.00581292
0.00656266
0.00711615
0.00737881
0.00738953
0.00714615
-4.35017e-05
-9.59756e-05
-3.98138e-05
5.25435e-05
0.000195047
0.000390785
0.000646223
0.000969863
0.00137175
0.00186325
0.00245581
0.00315752
0.00396715
0.00486774
0.00580391
0.00667094
0.00731015
0.00756567
0.00748017
0.00710466
-0.000270032
-0.000328291
-0.000278889
-0.000198428
-7.20743e-05
0.000103494
0.000335539
0.000634015
0.00101153
0.00148372
0.00206897
0.00278531
0.00364263
0.00463808
0.00572028
0.00676336
0.0075423
0.00779041
0.00755357
0.00695585
-0.000583841
-0.000647412
-0.000607754
-0.000543438
-0.000439123
-0.000291487
-9.28694e-05
0.000167646
0.000504659
0.000937572
0.00149139
0.00219634
0.00308172
0.0041547
0.0053932
0.00666591
0.0076611
0.00791758
0.00749095
0.00652537
-0.000979619
-0.0010487
-0.00102171
-0.000978253
-0.000903026
-0.00079329
-0.000642004
-0.000438775
-0.000169066
0.000187419
0.000658598
0.00128148
0.00209754
0.00313553
0.00444261
0.00592375
0.0072223
0.0076184
0.00709633
0.00569202
-0.00145005
-0.00152524
-0.00151372
-0.001496
-0.00145758
-0.00139727
-0.00131029
-0.0011894
-0.00102441
-0.00080062
-0.000497544
-8.97545e-05
0.000452416
0.00117646
0.00214423
0.00351568
0.00514192
0.00619951
0.00609078
0.00468233
-0.00198579
-0.00206775
-0.00207379
-0.00208593
-0.00209134
-0.00209174
-0.00208683
-0.00207606
-0.00205969
-0.00203999
-0.00202561
-0.00204642
-0.00217186
-0.00243587
-0.00260578
-0.00207836
-0.000319577
0.00231784
0.00399685
0.0042051
-0.0025757
-0.00266481
-0.00268873
-0.0027326
-0.00278601
-0.00285514
-0.00294638
-0.00306976
-0.00324294
-0.0034983
-0.00389838
-0.00457384
-0.00577855
-0.00768858
-0.00996729
-0.0110525
-0.00957554
-0.00515797
-0.000274604
0.00340193
-0.00320777
-0.00330415
-0.00334357
-0.00341712
-0.0035173
-0.00365613
-0.00384818
-0.00411663
-0.00450122
-0.00507333
-0.00596512
-0.00742426
-0.00988523
-0.0135868
-0.0180595
-0.0211031
-0.0206818
-0.0152853
-0.00772828
-0.00068327
-0.00386937
-0.00397149
-0.00401832
-0.00411299
-0.00425088
-0.00445015
-0.00473283
-0.00513383
-0.00571191
-0.00656981
-0.00789089
-0.00999063
-0.0133931
-0.0182563
-0.0240395
-0.0282137
-0.0290121
-0.024081
-0.0164928
-0.00752958
-0.00455449
-0.00466252
-0.00470513
-0.00480624
-0.00496296
-0.00519995
-0.00554473
-0.00603938
-0.00675221
-0.00779916
-0.00938143
-0.0118269
-0.0156175
-0.0207965
-0.0269214
-0.0312512
-0.0328093
-0.0286673
-0.0224889
-0.0133725
-0.00525072
-0.00535173
-0.00536073
-0.00544025
-0.00559046
-0.00583857
-0.00621124
-0.00674997
-0.00752265
-0.00863963
-0.0102909
-0.0127575
-0.0164508
-0.0212456
-0.0269755
-0.0307246
-0.0325565
-0.0287858
-0.0247832
-0.0158367
-0.00598699
-0.00609752
-0.00604999
-0.0060882
-0.00619208
-0.00640248
-0.00674634
-0.00726318
-0.00801297
-0.00908695
-0.0106474
-0.0128911
-0.016162
-0.0202447
-0.024901
-0.0277438
-0.0292991
-0.0255221
-0.0238038
-0.0140449
-0.00685953
-0.00675667
-0.00656831
-0.00646727
-0.00649806
-0.00666877
-0.00698691
-0.00747143
-0.00816647
-0.0091377
-0.0105095
-0.0124369
-0.0151333
-0.0183718
-0.0219836
-0.0239196
-0.0248761
-0.0209908
-0.0209047
-0.00697826
-0.00728408
-0.00770447
-0.0073419
-0.00726963
-0.00715809
-0.00717823
-0.0073383
-0.00766968
-0.00821238
-0.00900688
-0.0101634
-0.0117677
-0.0139824
-0.0165558
-0.0194454
-0.0208247
-0.0213757
-0.0173226
-0.015847
0.00888156
-0.0107714
-0.00817739
-0.00742437
-0.00668894
-0.0064915
-0.00654152
-0.00678012
-0.00716197
-0.00771413
-0.00844387
-0.00948938
-0.0108707
-0.0127603
-0.0148687
-0.0171528
-0.0179557
-0.0175508
-0.0120737
-0.00419886
0.038667
-0.00712985
-0.0101537
-0.00900689
-0.00893613
-0.00835987
-0.00800157
-0.00780966
-0.00781042
-0.00805737
-0.00853183
-0.00937287
-0.0105623
-0.0123864
-0.0144732
-0.0170926
-0.0178946
-0.0170321
-0.00493079
0.0175454
0.0934109
-0.0325919
-0.00731276
-0.00571929
-0.00488684
-0.00458786
-0.00468489
-0.00506003
-0.00550898
-0.00614763
-0.0068733
-0.00796915
-0.00924396
-0.0110208
-0.0125424
-0.0136253
-0.0106289
-0.00100654
0.0310513
0.0944228
0.224231
0.00014178
0.000108335
0.000161402
0.000264823
0.000428687
0.000655421
0.000950082
0.00131934
0.00177012
0.00230813
0.00293551
0.00364775
0.00442899
0.00524596
0.00604376
0.00674625
0.00726582
0.00754173
0.0076027
0.0074392
0.000180553
0.000145714
0.00020783
0.000314492
0.000477852
0.000701006
0.000989432
0.00134978
0.00178885
0.00231248
0.00292362
0.00361909
0.00438427
0.00519035
0.00598293
0.00668418
0.00720006
0.00746314
0.00751124
0.00733243
0.000120877
7.53407e-05
0.000136203
0.000238332
0.000394953
0.000609188
0.000887087
0.00123628
0.00166518
0.0021822
0.00279388
0.00350169
0.00429836
0.0051562
0.00601792
0.00679125
0.00735332
0.00760466
0.00759208
0.00733334
-1.49551e-05
-6.77154e-05
-1.0374e-05
8.39649e-05
0.000229593
0.000429824
0.000691512
0.00102368
0.00143705
0.0019438
0.00255625
0.00328327
0.00412422
0.00506027
0.00603212
0.00692642
0.00757175
0.00780379
0.0076797
0.0072848
-0.00023969
-0.000298267
-0.00024762
-0.000165085
-3.54547e-05
0.000144843
0.000383504
0.000691072
0.00108092
0.00156966
0.00217676
0.00292131
0.00381334
0.00484983
0.00597349
0.00704721
0.00782597
0.00802984
0.00772956
0.00711028
-0.000551772
-0.00061569
-0.000574753
-0.000508309
-0.000400616
-0.000248088
-4.25997e-05
0.000227382
0.000577253
0.00102741
0.00160407
0.0023383
0.00325872
0.00437426
0.00565576
0.00695814
0.00793861
0.0081154
0.00760207
0.00661555
-0.000945936
-0.00101541
-0.000987164
-0.000941618
-0.000863057
-0.000748489
-0.000590437
-0.000377951
-9.58394e-05
0.000276868
0.000768642
0.00141657
0.0022612
0.00332906
0.00466003
0.00615121
0.0074092
0.00769308
0.00709154
0.00567941
-0.00141481
-0.00149045
-0.00147779
-0.00145818
-0.0014167
-0.00135198
-0.00125893
-0.00112997
-0.000954733
-0.000718747
-0.000402802
1.49756e-05
0.000556026
0.00125514
0.00218214
0.00350288
0.00506763
0.0060561
0.00594119
0.00458317
-0.00194889
-0.00203137
-0.00203649
-0.00204711
-0.00205003
-0.00204689
-0.00203728
-0.00202078
-0.00199832
-0.00197416
-0.00196194
-0.00200293
-0.00218883
-0.00257192
-0.00289997
-0.00253081
-0.000850974
0.00183434
0.00370779
0.00413218
-0.00253679
-0.00262647
-0.00264981
-0.00269268
-0.00274439
-0.00281121
-0.00289969
-0.0030206
-0.00319346
-0.00345513
-0.00387819
-0.00461404
-0.00595369
-0.00810109
-0.0107031
-0.0120103
-0.0106092
-0.00601382
-0.000763093
0.00328129
-0.00316606
-0.00326308
-0.0033023
-0.00337547
-0.00347488
-0.00361271
-0.00380405
-0.00407331
-0.00446313
-0.00505135
-0.00598387
-0.00753467
-0.0101721
-0.0141476
-0.0189528
-0.0221925
-0.0218518
-0.016339
-0.00846726
-0.00105507
-0.00382358
-0.00392638
-0.00397339
-0.00406827
-0.00420618
-0.0044055
-0.00468885
-0.00509251
-0.00567821
-0.0065551
-0.00792031
-0.0101211
-0.0136654
-0.0187245
-0.0246951
-0.0288471
-0.0295842
-0.024642
-0.0170888
-0.00803847
-0.00450278
-0.00461155
-0.00465469
-0.00475649
-0.00491376
-0.00515128
-0.005497
-0.005994
-0.00671279
-0.00777374
-0.00938673
-0.0118935
-0.0157783
-0.0210329
-0.0271646
-0.0311742
-0.0325163
-0.0283958
-0.0225165
-0.0136093
-0.00519057
-0.00529235
-0.0053022
-0.00538281
-0.00553383
-0.00578243
-0.00615537
-0.00669457
-0.00746898
-0.00859109
-0.0102551
-0.0127466
-0.0164684
-0.0212203
-0.0268523
-0.0301647
-0.0316611
-0.0278803
-0.0243363
-0.015699
-0.00591644
-0.00602791
-0.00598123
-0.00602081
-0.00612543
-0.00633589
-0.00667879
-0.00719353
-0.0079402
-0.0090103
-0.0105675
-0.0128036
-0.0160644
-0.0200815
-0.0245662
-0.0270773
-0.0282756
-0.024525
-0.023126
-0.013649
-0.00677244
-0.00667152
-0.00648514
-0.00638672
-0.0064186
-0.00658918
-0.0069054
-0.00738573
-0.00807391
-0.00903501
-0.0103924
-0.0122989
-0.0149648
-0.0181337
-0.0216149
-0.0233284
-0.0240236
-0.0201779
-0.0202052
-0.00648003
-0.00719157
-0.00761416
-0.00724935
-0.00717938
-0.00706806
-0.00708746
-0.00724459
-0.00757017
-0.0081039
-0.00888484
-0.0100239
-0.0116021
-0.0137836
-0.0162976
-0.019091
-0.0203545
-0.0207432
-0.0167289
-0.0152836
0.00944079
-0.0106407
-0.00805863
-0.00731278
-0.00658533
-0.00638969
-0.0064396
-0.00667539
-0.00705126
-0.0075945
-0.00831048
-0.00933936
-0.0106966
-0.0125564
-0.0146145
-0.0168243
-0.0175412
-0.0170236
-0.0115749
-0.00371357
0.0393303
-0.00704899
-0.0100722
-0.0089133
-0.00884411
-0.00826408
-0.00790258
-0.00770513
-0.00769838
-0.00793592
-0.00839689
-0.00922393
-0.0103918
-0.0121908
-0.0142332
-0.0167884
-0.0175102
-0.016544
-0.00440594
0.0181152
0.0943308
-0.0324747
-0.00720796
-0.00561168
-0.0047771
-0.00447927
-0.00457689
-0.00495133
-0.00539567
-0.00602765
-0.00674225
-0.00782556
-0.00908097
-0.0108302
-0.0123049
-0.0133183
-0.010228
-0.000492063
0.0317111
0.0952005
0.225392
0.000161798
0.000128557
0.000182572
0.000287625
0.000454015
0.000684366
0.000984015
0.00135998
0.00181959
0.00236899
0.00301066
0.00374023
0.00454148
0.00538
0.00619842
0.006917
0.00744401
0.00771684
0.00776793
0.00759412
0.000200899
0.000166096
0.000229155
0.000337455
0.000503352
0.00073012
0.0010235
0.00139047
0.00183822
0.00237302
0.00299818
0.0037106
0.00449571
0.00532324
0.00613649
0.00685371
0.00737615
0.00763414
0.00767019
0.00748237
0.00014213
9.66015e-05
0.000158452
0.000262279
0.000421522
0.000639484
0.000922494
0.00127854
0.00171647
0.00224518
0.0028717
0.0035979
0.00441649
0.00529838
0.0061836
0.00697484
0.00754261
0.00778364
0.00775178
0.00748193
7.46294e-06
-4.53069e-05
1.30731e-05
0.000109185
0.000257549
0.000461669
0.000728705
0.00106808
0.001491
0.00201024
0.00263875
0.00338586
0.00425128
0.00521497
0.00621417
0.00712876
0.00777719
0.00798843
0.00783111
0.00742393
-0.000216019
-0.00027461
-0.000222876
-0.000138495
-6.01134e-06
0.000178355
0.000422632
0.000737803
0.0011378
0.00163991
0.00226436
0.00303101
0.00395033
0.00501763
0.00617249
0.00726876
0.00804486
0.0082099
0.00785334
0.0072241
-0.000526852
-0.000590786
-0.000548739
-0.000480411
-0.000369799
-0.000213101
-1.8451e-06
0.000275944
0.000636212
0.00110002
0.00169438
0.00245075
0.00339665
0.00454427
0.00585834
0.00718336
0.00814919
0.00825545
0.00766331
0.00667357
-0.000919816
-0.000989312
-0.00095999
-0.000912602
-0.00083118
-0.000712532
-0.00054887
-0.000328871
-3.69421e-05
0.000348244
0.000855355
0.00152134
0.00238615
0.00347458
0.00482352
0.0063248
0.00754753
0.00772736
0.00705019
0.00565306
-0.00138751
-0.0014632
-0.00144956
-0.00142827
-0.00138418
-0.00131577
-0.00121774
-0.00108237
-0.000899286
-0.000654473
-0.000330079
9.25437e-05
0.000627995
0.00130277
0.0021973
0.00348957
0.0050046
0.00590506
0.00578322
0.00448948
-0.00192033
-0.00200288
-0.00200721
-0.00201646
-0.00201722
-0.00201112
-0.00199771
-0.00197679
-0.00195002
-0.00192357
-0.00191546
-0.00197653
-0.00221734
-0.0027037
-0.0031547
-0.00288766
-0.00126039
0.00143707
0.00345635
0.00406254
-0.00250669
-0.00259647
-0.00261926
-0.00266117
-0.00271139
-0.00277623
-0.0028625
-0.00298165
-0.00315493
-0.00342313
-0.00386729
-0.00465625
-0.00611357
-0.00846312
-0.011328
-0.012765
-0.0113691
-0.00663142
-0.00113561
0.00317258
-0.00313387
-0.00323101
-0.00326997
-0.00334266
-0.00344126
-0.00357816
-0.00376889
-0.00403899
-0.00443361
-0.00503602
-0.00600343
-0.00763147
-0.0104252
-0.014637
-0.0197057
-0.023007
-0.0225931
-0.0169641
-0.0089573
-0.00131944
-0.0037884
-0.0038913
-0.00393835
-0.00403318
-0.00417088
-0.00437005
-0.0046538
-0.00505963
-0.0056518
-0.00654463
-0.00794527
-0.0102158
-0.0139056
-0.0191411
-0.0252551
-0.0292748
-0.0297832
-0.0247891
-0.0173705
-0.00832796
-0.0044634
-0.00457226
-0.00461568
-0.00471775
-0.00487516
-0.00511282
-0.00545906
-0.00595784
-0.00668159
-0.00775443
-0.00939368
-0.0119532
-0.0159293
-0.0212623
-0.0273939
-0.0310774
-0.0321006
-0.0280062
-0.0224065
-0.0136722
-0.00514544
-0.00524726
-0.00525762
-0.00533877
-0.00549004
-0.00573864
-0.00611146
-0.00665083
-0.00742671
-0.00855347
-0.0102295
-0.012745
-0.0165001
-0.021213
-0.026837
-0.0297311
-0.0309013
-0.0271907
-0.0239468
-0.0155028
-0.00586459
-0.00597615
-0.00593001
-0.0059702
-0.00607493
-0.00628492
-0.00662664
-0.00713944
-0.00788366
-0.00895105
-0.0105066
-0.0127402
-0.0160025
-0.0199876
-0.0243665
-0.0266611
-0.0275243
-0.0237907
-0.0226089
-0.0132803
-0.00671016
-0.00660989
-0.00642486
-0.00632784
-0.00636001
-0.00652988
-0.00684409
-0.00732078
-0.00800352
-0.008957
-0.0103034
-0.0121955
-0.0148412
-0.0179644
-0.0213553
-0.0229115
-0.0233929
-0.019564
-0.0196748
-0.00604169
-0.007128
-0.00755116
-0.00718497
-0.00711584
-0.00700391
-0.00702192
-0.00717616
-0.00749682
-0.00802354
-0.00879396
-0.00991998
-0.0114784
-0.0136333
-0.0161007
-0.0188192
-0.019991
-0.0202409
-0.0162447
-0.0148243
0.00991151
-0.0105536
-0.00797789
-0.00723751
-0.00651464
-0.00631968
-0.00636863
-0.00660166
-0.00697245
-0.0075088
-0.00821427
-0.00923062
-0.0105692
-0.0124049
-0.0144204
-0.0165682
-0.017211
-0.0165962
-0.0111427
-0.00328468
0.0398608
-0.00699997
-0.01002
-0.00885298
-0.00878332
-0.00819975
-0.00783459
-0.0076336
-0.00762035
-0.00785073
-0.00830188
-0.00911866
-0.0102699
-0.0120473
-0.014051
-0.0165483
-0.0171946
-0.0161317
-0.00393571
0.0186227
0.095012
-0.0324003
-0.00714361
-0.00554579
-0.00470866
-0.00441014
-0.00450665
-0.00487936
-0.00531936
-0.00594588
-0.00665217
-0.00772592
-0.00896585
-0.0106918
-0.0121258
-0.0130807
-0.00990803
-7.80958e-05
0.0322438
0.0958027
0.226172
0.000175864
0.000142811
0.000197541
0.000303817
0.000472071
0.000705068
0.00100834
0.00138914
0.00185509
0.00241259
0.00306438
0.00380612
0.00462138
0.00547486
0.00630751
0.00703708
0.00756899
0.00783938
0.00788348
0.00770264
0.000215138
0.000180412
0.000244179
0.000353704
0.000521474
0.000750888
0.00104787
0.00141963
0.00187361
0.00241637
0.00305144
0.00377576
0.0045748
0.00541723
0.00624475
0.00697286
0.00749953
0.00775359
0.00778104
0.00758712
0.000156915
0.000111449
0.000174037
0.000279133
0.00044031
0.000661001
0.000947727
0.00130872
0.00175311
0.00229013
0.00292711
0.00366618
0.00449999
0.00539847
0.00629981
0.00710318
0.00767443
0.00790757
0.00786185
0.00758472
2.2965e-05
-2.97486e-05
2.94022e-05
0.000126836
0.000277213
0.000484175
0.000755088
0.00109964
0.00152936
0.00205742
0.00269715
0.0034582
0.00434049
0.00532316
0.00634109
0.00726944
0.0079194
0.00811517
0.00793293
0.00751862
-0.000199723
-0.000258255
-0.000205719
-0.000119966
1.46098e-05
0.000201936
0.000450263
0.000770861
0.00117803
0.00168948
0.00232597
0.00310784
0.00404582
0.00513417
0.00631054
0.00742249
0.00819611
0.00833202
0.00793311
0.0072996
-0.000509744
-0.000573615
-0.000530753
-0.00046103
-0.000348288
-0.000188576
2.68077e-05
0.00031012
0.000677651
0.00115087
0.00175729
0.00252861
0.00349167
0.00466138
0.00599869
0.00734108
0.00829649
0.00834885
0.00769715
0.00670945
-0.000901917
-0.000971352
-0.000941236
-0.000892488
-0.000808989
-0.000687409
-0.000519768
-0.000294513
4.17743e-06
0.000397812
0.000915136
0.00159304
0.00247137
0.0035739
0.00493758
0.00645178
0.00765006
0.00774785
0.00701182
0.00563099
-0.00136883
-0.00144446
-0.0014301
-0.00140757
-0.00136158
-0.00129054
-0.00118901
-0.00104922
-0.000860862
-0.000610315
-0.000280737
0.000144268
0.000674745
0.00133244
0.00220635
0.00349553
0.00497673
0.00580096
0.00566843
0.00442365
-0.0019008
-0.00198331
-0.00198704
-0.00199526
-0.00199447
-0.00198626
-0.0019702
-0.0019463
-0.00191681
-0.00188932
-0.00188493
-0.00196119
-0.00224208
-0.00280411
-0.00336135
-0.00311477
-0.00151176
0.00118187
0.00328967
0.00401644
-0.00248613
-0.00257588
-0.00259825
-0.00263942
-0.00268853
-0.00275195
-0.0028367
-0.00295477
-0.00312868
-0.00340205
-0.00386193
-0.00468938
-0.00623067
-0.00871852
-0.0117259
-0.013248
-0.0118225
-0.00698369
-0.00136051
0.00310477
-0.00311193
-0.00320903
-0.00324778
-0.00332005
-0.00341802
-0.00355423
-0.00374454
-0.00401535
-0.00441364
-0.00502661
-0.00601965
-0.00770428
-0.0106125
-0.0149944
-0.020236
-0.023517
-0.0229609
-0.0172384
-0.00921323
-0.00147005
-0.00376453
-0.00386737
-0.00391439
-0.00400909
-0.00414655
-0.00434553
-0.00462956
-0.00503698
-0.00563395
-0.00653864
-0.00796596
-0.0102922
-0.0140903
-0.019462
-0.0256685
-0.0295306
-0.0297734
-0.0247184
-0.0174422
-0.00845847
-0.00443686
-0.00454563
-0.00458919
-0.00469133
-0.00484871
-0.00508636
-0.00543289
-0.00593297
-0.00666045
-0.0077424
-0.00940236
-0.0120045
-0.0160603
-0.0214823
-0.0275803
-0.031031
-0.0317425
-0.0276327
-0.0222425
-0.0136517
-0.00511537
-0.00521703
-0.00522768
-0.00530904
-0.00546034
-0.00570879
-0.00608142
-0.00662092
-0.0073981
-0.00852899
-0.0102163
-0.012755
-0.0165623
-0.0213921
-0.0267452
-0.0295057
-0.0304021
-0.0266962
-0.023637
-0.0153288
-0.00583054
-0.00594198
-0.00589613
-0.00593656
-0.00604116
-0.00625064
-0.0065914
-0.00710283
-0.00784558
-0.00891187
-0.0104691
-0.0127045
-0.0159805
-0.0199739
-0.0242597
-0.0264192
-0.0270499
-0.0233053
-0.0222461
-0.0130026
-0.0066701
-0.00656996
-0.00638572
-0.00628939
-0.00632153
-0.00649067
-0.00680332
-0.00727742
-0.00795654
-0.00890524
-0.010245
-0.0121293
-0.0147661
-0.0178668
-0.0211977
-0.0226513
-0.0229813
-0.019145
-0.0193046
-0.00571726
-0.007088
-0.00751118
-0.00714424
-0.0070753
-0.00696265
-0.00697941
-0.00713147
-0.00744865
-0.00797065
-0.00873406
-0.00985161
-0.0113972
-0.013535
-0.0159719
-0.0186398
-0.0197476
-0.0198935
-0.0158863
-0.0144832
0.0102543
-0.0105003
-0.00792785
-0.00719096
-0.00647045
-0.00627566
-0.00632364
-0.00655447
-0.00692169
-0.00745339
-0.00815185
-0.00915994
-0.010486
-0.0123049
-0.0142911
-0.0163952
-0.0169832
-0.0162954
-0.01081
-0.00295473
0.0402358
-0.00697062
-0.00998795
-0.00881614
-0.00874567
-0.00815968
-0.00779199
-0.00758822
-0.00757055
-0.00779622
-0.00824105
-0.00905117
-0.0101913
-0.0119536
-0.0139301
-0.0163853
-0.016974
-0.0158341
-0.00358328
0.019003
0.0954676
-0.0323558
-0.00710561
-0.005507
-0.004668
-0.00436855
-0.00446383
-0.00483484
-0.00527167
-0.00589432
-0.00659514
-0.00766241
-0.00889196
-0.0106015
-0.0120069
-0.0129205
-0.00968781
0.000210821
0.0326198
0.0962188
0.226659
0.000183129
0.000150182
0.000205295
0.000312222
0.000481461
0.000715852
0.00102103
0.00140436
0.0018736
0.00243531
0.00309233
0.00384035
0.0046628
0.00552394
0.00636385
0.00709899
0.00763332
0.00790237
0.00794284
0.00775844
0.000222481
0.000187804
0.000251949
0.000362127
0.000530887
0.000761696
0.00106057
0.00143484
0.00189206
0.00243896
0.00307915
0.00380959
0.00461579
0.00546586
0.00630065
0.00703427
0.00756301
0.00781493
0.00783789
0.00764088
0.000164516
0.000119093
0.000182073
0.000287844
0.000450043
0.000672172
0.000960849
0.00132442
0.00177217
0.0023135
0.00295587
0.00370156
0.00454316
0.00545012
0.00635966
0.00716916
0.00774205
0.00797091
0.00791795
0.0076372
3.09068e-05
-2.17655e-05
3.77945e-05
0.00013593
0.00028737
0.000495827
0.000768771
0.00111602
0.00154927
0.00208188
0.00272737
0.00349554
0.00438645
0.0053788
0.00640627
0.00734162
0.00799218
0.0081797
0.00798413
0.00756657
-0.000191397
-0.000249884
-0.000196924
-0.000110444
2.52347e-05
0.000214114
0.000464554
0.00078797
0.00119884
0.00171509
0.00235772
0.00314736
0.00409482
0.00519391
0.00638135
0.00750145
0.00827361
0.00839388
0.00797239
0.00733735
-0.00050102
-0.000564844
-0.000521551
-0.00045109
-0.000337228
-0.00017594
4.15885e-05
0.000327752
0.000699007
0.00117703
0.00178956
0.00256843
0.00354019
0.00472129
0.00607092
0.00742296
0.00837301
0.00839601
0.00771248
0.00672683
-0.0008928
-0.000962188
-0.000931653
-0.000882187
-0.000797599
-0.000674492
-0.000504792
-0.000276841
2.52882e-05
0.000423183
0.000945621
0.0016295
0.00251476
0.00362486
0.00499758
0.0065207
0.00770647
0.00775821
0.00699012
0.00561895
-0.00135932
-0.00143491
-0.00142017
-0.00139698
-0.00135001
-0.00127759
-0.00117426
-0.00103222
-0.00084122
-0.000587851
-0.000255793
0.000170259
0.000698354
0.00134888
0.00221733
0.00350732
0.00496969
0.00574858
0.00560859
0.0043898
-0.00189088
-0.00197334
-0.00197676
-0.00198443
-0.00198283
-0.00197351
-0.00195611
-0.00193072
-0.00189992
-0.00187205
-0.00186979
-0.00195407
-0.00225534
-0.00285383
-0.00345171
-0.00321805
-0.0016259
0.00105924
0.0032073
0.00399335
-0.00247569
-0.0025654
-0.00258755
-0.00262832
-0.00267685
-0.00273953
-0.00282351
-0.00294106
-0.0031154
-0.00339161
-0.00385979
-0.00470728
-0.00629234
-0.00885237
-0.0119363
-0.0134778
-0.0120244
-0.00714072
-0.00146475
0.00307277
-0.00310081
-0.00319787
-0.00323649
-0.00330852
-0.00340616
-0.00354199
-0.0037321
-0.00400332
-0.00440361
-0.00502222
-0.00602882
-0.00774324
-0.0107118
-0.0151834
-0.0205131
-0.023756
-0.0230982
-0.0173352
-0.00932049
-0.0015364
-0.00375246
-0.00385524
-0.00390224
-0.00399684
-0.00413416
-0.00433303
-0.00461719
-0.00502548
-0.00562503
-0.00653608
-0.00797778
-0.0103343
-0.0141903
-0.0196357
-0.0258895
-0.0296497
-0.0297249
-0.0246441
-0.0174499
-0.00850586
-0.00442351
-0.0045322
-0.0045758
-0.00467795
-0.00483529
-0.00507291
-0.00541958
-0.00592036
-0.00664988
-0.00773684
-0.00940821
-0.0120339
-0.0161338
-0.0216066
-0.0276982
-0.0310218
-0.0315461
-0.0274266
-0.0221426
-0.0136249
-0.00510034
-0.00520189
-0.00521265
-0.00529409
-0.00544536
-0.0056937
-0.00606622
-0.00660581
-0.00738378
-0.00851712
-0.010211
-0.0127627
-0.016596
-0.0214628
-0.0267619
-0.0294247
-0.030161
-0.0264488
-0.0234753
-0.0152307
-0.00581368
-0.00592501
-0.00587929
-0.00591978
-0.00602427
-0.00623344
-0.00657367
-0.00708442
-0.00782653
-0.00889255
-0.0104513
-0.0126888
-0.015974
-0.0199751
-0.0242281
-0.0263191
-0.0268236
-0.0230665
-0.0220606
-0.0128557
-0.0066505
-0.00655036
-0.00636648
-0.00627041
-0.00630247
-0.00647119
-0.00678299
-0.00725577
-0.00793312
-0.0088796
-0.0102162
-0.0120975
-0.0147311
-0.0178228
-0.0211266
-0.0225292
-0.0227795
-0.0189332
-0.0191141
-0.00554639
-0.00706864
-0.00749174
-0.00712447
-0.00705554
-0.00694246
-0.00695851
-0.00710941
-0.00742479
-0.00794443
-0.00870437
-0.00981785
-0.0113572
-0.0134869
-0.0159089
-0.0185518
-0.0196267
-0.0197166
-0.0156994
-0.014302
0.0104342
-0.0104751
-0.0079039
-0.00716868
-0.00644915
-0.00625436
-0.00630176
-0.00653142
-0.00689681
-0.00742617
-0.00812113
-0.00912516
-0.010445
-0.0122556
-0.0142269
-0.0163088
-0.0168676
-0.0161407
-0.0106331
-0.00277649
0.0404304
-0.00695661
-0.0099725
-0.00879852
-0.00872754
-0.00814033
-0.00777131
-0.00756613
-0.00754622
-0.00776956
-0.0082113
-0.00901816
-0.0101528
-0.0119075
-0.0138701
-0.0163035
-0.0168611
-0.0156792
-0.00339628
0.0192063
0.0956974
-0.0323349
-0.00708778
-0.00548884
-0.00464889
-0.00434887
-0.00444341
-0.00481342
-0.0052486
-0.00586926
-0.00656737
-0.0076314
-0.00885578
-0.0105571
-0.0119478
-0.0128402
-0.00957598
0.00035907
0.032814
0.0964321
0.226894
0.00018316
0.000150212
0.000205323
0.000312247
0.000481483
0.000715872
0.00102104
0.00140437
0.00187362
0.00243532
0.00309234
0.00384036
0.00466281
0.00552395
0.00636386
0.007099
0.00763332
0.00790237
0.00794284
0.00775844
0.000222512
0.000187834
0.000251977
0.000362152
0.000530909
0.000761715
0.00106059
0.00143485
0.00189208
0.00243897
0.00307916
0.00380959
0.0046158
0.00546586
0.00630065
0.00703427
0.00756302
0.00781493
0.00783789
0.00764089
0.000164544
0.000119121
0.000182099
0.000287867
0.000450064
0.000672191
0.000960865
0.00132444
0.00177218
0.00231351
0.00295588
0.00370157
0.00454316
0.00545013
0.00635967
0.00716917
0.00774205
0.00797091
0.00791796
0.0076372
3.09328e-05
-2.17402e-05
3.78184e-05
0.000135952
0.00028739
0.000495845
0.000768787
0.00111603
0.00154928
0.00208189
0.00272737
0.00349555
0.00438646
0.0053788
0.00640628
0.00734162
0.00799218
0.0081797
0.00798413
0.00756657
-0.000191374
-0.000249862
-0.000196902
-0.000110424
2.52532e-05
0.000214131
0.000464569
0.000787982
0.00119885
0.0017151
0.00235773
0.00314736
0.00409482
0.00519392
0.00638135
0.00750145
0.00827361
0.00839388
0.00797239
0.00733735
-0.000500999
-0.000564824
-0.000521532
-0.000451072
-0.000337212
-0.000175924
4.1602e-05
0.000327763
0.000699016
0.00117703
0.00178957
0.00256843
0.0035402
0.0047213
0.00607092
0.00742297
0.00837301
0.00839601
0.00771248
0.00672683
-0.000892783
-0.000962171
-0.000931637
-0.000882171
-0.000797583
-0.000674478
-0.00050478
-0.000276831
2.52956e-05
0.000423188
0.000945625
0.00162951
0.00251477
0.00362486
0.00499759
0.0065207
0.00770647
0.00775821
0.00699013
0.00561895
-0.0013593
-0.00143489
-0.00142015
-0.00139696
-0.00134999
-0.00127758
-0.00117425
-0.00103221
-0.000841212
-0.000587844
-0.000255786
0.000170267
0.000698358
0.00134888
0.00221733
0.00350733
0.0049697
0.00574858
0.0056086
0.0043898
-0.00189086
-0.00197333
-0.00197675
-0.00198442
-0.00198282
-0.0019735
-0.00195609
-0.00193071
-0.00189991
-0.00187204
-0.00186978
-0.00195406
-0.00225534
-0.00285383
-0.0034517
-0.00321804
-0.00162589
0.00105924
0.00320731
0.00399335
-0.00247568
-0.00256539
-0.00258754
-0.00262831
-0.00267683
-0.00273952
-0.0028235
-0.00294105
-0.00311539
-0.0033916
-0.00385979
-0.00470727
-0.00629233
-0.00885236
-0.0119363
-0.0134778
-0.0120244
-0.00714072
-0.00146475
0.00307278
-0.0031008
-0.00319786
-0.00323648
-0.00330851
-0.00340615
-0.00354198
-0.00373209
-0.00400332
-0.0044036
-0.00502222
-0.00602881
-0.00774324
-0.0107118
-0.0151834
-0.0205131
-0.023756
-0.0230982
-0.0173352
-0.00932048
-0.00153639
-0.00375245
-0.00385524
-0.00390223
-0.00399683
-0.00413415
-0.00433302
-0.00461718
-0.00502547
-0.00562502
-0.00653608
-0.00797777
-0.0103343
-0.0141903
-0.0196357
-0.0258895
-0.0296497
-0.0297249
-0.0246441
-0.0174499
-0.00850586
-0.00442351
-0.0045322
-0.0045758
-0.00467795
-0.00483528
-0.0050729
-0.00541958
-0.00592035
-0.00664988
-0.00773683
-0.00940821
-0.0120338
-0.0161338
-0.0216066
-0.0276982
-0.0310218
-0.0315461
-0.0274266
-0.0221426
-0.0136249
-0.00510033
-0.00520188
-0.00521265
-0.00529408
-0.00544535
-0.0056937
-0.00606621
-0.00660581
-0.00738377
-0.00851712
-0.010211
-0.0127627
-0.016596
-0.0214628
-0.0267619
-0.0294247
-0.030161
-0.0264488
-0.0234753
-0.0152307
-0.00581367
-0.005925
-0.00587929
-0.00591978
-0.00602426
-0.00623343
-0.00657367
-0.00708442
-0.00782652
-0.00889255
-0.0104513
-0.0126888
-0.015974
-0.0199751
-0.0242281
-0.0263191
-0.0268236
-0.0230665
-0.0220606
-0.0128557
-0.00665049
-0.00655035
-0.00636647
-0.00627041
-0.00630247
-0.00647119
-0.00678299
-0.00725577
-0.00793312
-0.0088796
-0.0102162
-0.0120975
-0.0147311
-0.0178228
-0.0211266
-0.0225292
-0.0227795
-0.0189332
-0.0191141
-0.00554639
-0.00706863
-0.00749174
-0.00712447
-0.00705553
-0.00694246
-0.0069585
-0.00710941
-0.00742479
-0.00794442
-0.00870437
-0.00981785
-0.0113572
-0.0134869
-0.0159089
-0.0185518
-0.0196267
-0.0197166
-0.0156994
-0.014302
0.0104342
-0.0104751
-0.00790389
-0.00716868
-0.00644914
-0.00625435
-0.00630176
-0.00653141
-0.00689681
-0.00742616
-0.00812113
-0.00912516
-0.010445
-0.0122556
-0.0142269
-0.0163088
-0.0168676
-0.0161407
-0.0106331
-0.00277649
0.0404304
-0.0069566
-0.0099725
-0.00879852
-0.00872753
-0.00814033
-0.0077713
-0.00756612
-0.00754622
-0.00776955
-0.0082113
-0.00901816
-0.0101528
-0.0119075
-0.0138701
-0.0163035
-0.0168611
-0.0156792
-0.00339628
0.0192063
0.0956974
-0.0323349
-0.00708778
-0.00548884
-0.00464888
-0.00434886
-0.0044434
-0.00481341
-0.00524859
-0.00586926
-0.00656737
-0.0076314
-0.00885578
-0.0105571
-0.0119478
-0.0128402
-0.00957598
0.000359072
0.032814
0.0964321
0.226894
0.000175959
0.000142903
0.000197628
0.000303895
0.000472139
0.000705128
0.00100839
0.00138919
0.00185513
0.00241262
0.0030644
0.00380615
0.0046214
0.00547488
0.00630753
0.00703711
0.00756901
0.0078394
0.00788349
0.00770265
0.000215231
0.000180501
0.000244262
0.00035378
0.000521541
0.000750947
0.00104792
0.00141968
0.00187365
0.00241641
0.00305147
0.00377578
0.00457483
0.00541726
0.00624477
0.00697287
0.00749954
0.00775361
0.00778105
0.00758713
0.000157002
0.000111533
0.000174116
0.000279204
0.000440374
0.000661057
0.000947777
0.00130876
0.00175314
0.00229016
0.00292713
0.00366621
0.00450001
0.00539849
0.00629983
0.0071032
0.00767445
0.00790758
0.00786186
0.00758473
2.30438e-05
-2.9672e-05
2.94743e-05
0.000126902
0.000277273
0.000484229
0.000755135
0.00109968
0.00152939
0.00205745
0.00269717
0.00345822
0.00434051
0.00532317
0.0063411
0.00726946
0.00791941
0.00811518
0.00793294
0.00751863
-0.000199653
-0.000258186
-0.000205654
-0.000119906
1.4665e-05
0.000201986
0.000450307
0.000770898
0.00117806
0.00168951
0.00232599
0.00310786
0.00404583
0.00513418
0.00631055
0.0074225
0.00819612
0.00833203
0.00793312
0.00729961
-0.000509683
-0.000573555
-0.000530696
-0.000460977
-0.000348238
-0.00018853
2.68481e-05
0.000310154
0.000677681
0.0011509
0.00175732
0.00252863
0.00349169
0.0046614
0.0059987
0.00734109
0.0082965
0.00834886
0.00769716
0.00670946
-0.000901864
-0.0009713
-0.000941186
-0.000892441
-0.000808944
-0.000687368
-0.000519731
-0.000294481
4.20649e-06
0.000397838
0.00091516
0.00159306
0.00247138
0.00357391
0.0049376
0.0064518
0.00765007
0.00774787
0.00701183
0.005631
-0.00136878
-0.00144441
-0.00143006
-0.00140753
-0.00136154
-0.0012905
-0.00118898
-0.00104919
-0.000860835
-0.00061029
-0.000280716
0.000144282
0.000674759
0.00133246
0.00220636
0.00349555
0.00497674
0.00580097
0.00566844
0.00442366
-0.00190077
-0.00198327
-0.00198701
-0.00199523
-0.00199444
-0.00198622
-0.00197017
-0.00194627
-0.00191679
-0.0018893
-0.00188491
-0.00196117
-0.00224206
-0.0028041
-0.00336134
-0.00311477
-0.00151175
0.00118188
0.00328968
0.00401644
-0.0024861
-0.00257585
-0.00259822
-0.00263939
-0.0026885
-0.00275192
-0.00283667
-0.00295474
-0.00312865
-0.00340203
-0.00386191
-0.00468936
-0.00623065
-0.00871851
-0.0117259
-0.013248
-0.0118225
-0.00698368
-0.0013605
0.00310477
-0.0031119
-0.00320901
-0.00324775
-0.00332002
-0.003418
-0.0035542
-0.00374451
-0.00401533
-0.00441362
-0.00502659
-0.00601963
-0.00770426
-0.0106125
-0.0149944
-0.020236
-0.023517
-0.0229609
-0.0172384
-0.00921322
-0.00147004
-0.00376451
-0.00386735
-0.00391437
-0.00400907
-0.00414653
-0.00434551
-0.00462953
-0.00503696
-0.00563393
-0.00653862
-0.00796594
-0.0102922
-0.0140903
-0.019462
-0.0256685
-0.0295306
-0.0297734
-0.0247184
-0.0174422
-0.00845846
-0.00443685
-0.00454562
-0.00458917
-0.00469131
-0.00484869
-0.00508635
-0.00543288
-0.00593295
-0.00666043
-0.00774238
-0.00940234
-0.0120045
-0.0160603
-0.0214823
-0.0275803
-0.031031
-0.0317425
-0.0276326
-0.0222425
-0.0136517
-0.00511535
-0.00521701
-0.00522766
-0.00530903
-0.00546033
-0.00570878
-0.00608141
-0.00662091
-0.00739808
-0.00852897
-0.0102163
-0.012755
-0.0165623
-0.0213921
-0.0267452
-0.0295057
-0.0304021
-0.0266962
-0.023637
-0.0153288
-0.00583053
-0.00594197
-0.00589612
-0.00593654
-0.00604115
-0.00625063
-0.00659138
-0.00710282
-0.00784556
-0.00891186
-0.0104691
-0.0127045
-0.0159805
-0.0199739
-0.0242597
-0.0264192
-0.0270499
-0.0233052
-0.0222461
-0.0130026
-0.00667008
-0.00656995
-0.00638571
-0.00628938
-0.00632152
-0.00649066
-0.00680331
-0.00727741
-0.00795653
-0.00890524
-0.010245
-0.0121293
-0.0147661
-0.0178668
-0.0211977
-0.0226513
-0.0229813
-0.019145
-0.0193046
-0.00571726
-0.00708799
-0.00751117
-0.00714422
-0.00707528
-0.00696264
-0.0069794
-0.00713146
-0.00744864
-0.00797064
-0.00873406
-0.00985161
-0.0113972
-0.013535
-0.0159719
-0.0186398
-0.0197476
-0.0198935
-0.0158863
-0.0144832
0.0102542
-0.0105003
-0.00792784
-0.00719095
-0.00647043
-0.00627564
-0.00632363
-0.00655446
-0.00692169
-0.00745338
-0.00815184
-0.00915993
-0.010486
-0.0123049
-0.0142911
-0.0163952
-0.0169832
-0.0162954
-0.01081
-0.00295472
0.0402358
-0.00697061
-0.00998793
-0.00881613
-0.00874566
-0.00815967
-0.00779198
-0.00758821
-0.00757054
-0.00779621
-0.00824104
-0.00905116
-0.0101913
-0.0119536
-0.0139301
-0.0163853
-0.016974
-0.0158341
-0.00358328
0.019003
0.0954676
-0.0323558
-0.0071056
-0.00550699
-0.00466799
-0.00436854
-0.00446382
-0.00483483
-0.00527166
-0.00589431
-0.00659513
-0.00766241
-0.00889195
-0.0106015
-0.0120069
-0.0129205
-0.00968781
0.000210826
0.0326198
0.0962188
0.226659
0.000161963
0.000128716
0.00018272
0.000287759
0.000454132
0.000684467
0.000984102
0.00136005
0.00181966
0.00236904
0.00301071
0.00374027
0.00454152
0.00538004
0.00619846
0.00691704
0.00744404
0.00771687
0.00776795
0.00759414
0.000201057
0.000166249
0.000229298
0.000337584
0.000503466
0.000730219
0.00102359
0.00139055
0.00183829
0.00237308
0.00299822
0.00371064
0.00449575
0.00532328
0.00613652
0.00685374
0.00737617
0.00763417
0.00767021
0.00748239
0.000142277
9.67445e-05
0.000158585
0.0002624
0.00042163
0.000639579
0.000922577
0.00127861
0.00171653
0.00224523
0.00287175
0.00359794
0.00441653
0.00529841
0.00618362
0.00697487
0.00754264
0.00778366
0.0077518
0.00748195
7.59702e-06
-4.51769e-05
1.3195e-05
0.000109297
0.00025765
0.000461759
0.000728784
0.00106814
0.00149105
0.00201029
0.00263879
0.00338589
0.00425131
0.00521499
0.00621419
0.00712879
0.00777721
0.00798845
0.00783113
0.00742395
-0.0002159
-0.000274494
-0.000222768
-0.000138395
-5.91946e-06
0.000178438
0.000422705
0.000737865
0.00113785
0.00163995
0.0022644
0.00303104
0.00395036
0.00501765
0.00617251
0.00726878
0.00804488
0.00820992
0.00785336
0.00722411
-0.000526748
-0.000590684
-0.000548644
-0.000480322
-0.000369717
-0.000213027
-1.7797e-06
0.000276
0.000636261
0.00110006
0.00169442
0.00245078
0.00339668
0.00454429
0.00585837
0.00718338
0.00814922
0.00825547
0.00766333
0.00667359
-0.000919727
-0.000989225
-0.000959907
-0.000912524
-0.000831108
-0.000712465
-0.000548812
-0.000328821
-3.68967e-05
0.000348286
0.000855392
0.00152137
0.00238617
0.0034746
0.00482354
0.00632483
0.00754755
0.00772738
0.0070502
0.00565307
-0.00138743
-0.00146312
-0.00144949
-0.0014282
-0.00138411
-0.00131571
-0.00121768
-0.00108232
-0.000899243
-0.000654433
-0.000330044
9.25709e-05
0.000628021
0.0013028
0.00219732
0.00348959
0.00500462
0.00590508
0.00578324
0.00448949
-0.00192027
-0.00200282
-0.00200715
-0.0020164
-0.00201717
-0.00201106
-0.00199766
-0.00197674
-0.00194998
-0.00192353
-0.00191543
-0.00197651
-0.00221731
-0.00270368
-0.00315468
-0.00288764
-0.00126037
0.00143708
0.00345636
0.00406255
-0.00250664
-0.00259642
-0.00261921
-0.00266112
-0.00271134
-0.00277618
-0.00286245
-0.00298161
-0.00315489
-0.00342309
-0.00386726
-0.00465622
-0.00611355
-0.0084631
-0.0113279
-0.012765
-0.0113691
-0.00663141
-0.0011356
0.00317259
-0.00313382
-0.00323097
-0.00326993
-0.00334261
-0.00344122
-0.00357812
-0.00376885
-0.00403895
-0.00443357
-0.00503598
-0.00600339
-0.00763144
-0.0104252
-0.0146369
-0.0197057
-0.023007
-0.0225931
-0.0169641
-0.00895728
-0.00131942
-0.00378836
-0.00389127
-0.00393831
-0.00403314
-0.00417084
-0.00437001
-0.00465377
-0.0050596
-0.00565177
-0.0065446
-0.00794524
-0.0102157
-0.0139056
-0.0191411
-0.0252551
-0.0292748
-0.0297832
-0.0247891
-0.0173705
-0.00832794
-0.00446337
-0.00457223
-0.00461565
-0.00471772
-0.00487513
-0.0051128
-0.00545903
-0.00595782
-0.00668156
-0.0077544
-0.00939365
-0.0119532
-0.0159293
-0.0212623
-0.0273939
-0.0310774
-0.0321006
-0.0280061
-0.0224064
-0.0136722
-0.00514541
-0.00524723
-0.00525759
-0.00533874
-0.00549002
-0.00573862
-0.00611144
-0.0066508
-0.00742668
-0.00855345
-0.0102295
-0.0127449
-0.0165001
-0.021213
-0.0268369
-0.0297311
-0.0309013
-0.0271907
-0.0239468
-0.0155027
-0.00586456
-0.00597613
-0.00592998
-0.00597018
-0.00607491
-0.0062849
-0.00662662
-0.00713942
-0.00788364
-0.00895103
-0.0105066
-0.0127402
-0.0160025
-0.0199876
-0.0243664
-0.0266611
-0.0275243
-0.0237907
-0.0226089
-0.0132803
-0.00671014
-0.00660987
-0.00642484
-0.00632782
-0.00635999
-0.00652986
-0.00684407
-0.00732076
-0.00800351
-0.00895698
-0.0103034
-0.0121955
-0.0148412
-0.0179644
-0.0213553
-0.0229115
-0.0233929
-0.019564
-0.0196748
-0.00604169
-0.00712799
-0.00755114
-0.00718495
-0.00711581
-0.00700388
-0.0070219
-0.00717614
-0.0074968
-0.00802353
-0.00879395
-0.00991996
-0.0114784
-0.0136333
-0.0161006
-0.0188192
-0.0199909
-0.0202409
-0.0162447
-0.0148243
0.00991151
-0.0105535
-0.00797788
-0.00723749
-0.00651462
-0.00631966
-0.00636862
-0.00660164
-0.00697244
-0.00750878
-0.00821425
-0.00923061
-0.0105692
-0.0124049
-0.0144204
-0.0165682
-0.017211
-0.0165961
-0.0111427
-0.00328467
0.0398608
-0.00699996
-0.01002
-0.00885296
-0.0087833
-0.00819973
-0.00783458
-0.00763359
-0.00762033
-0.00785071
-0.00830187
-0.00911865
-0.0102699
-0.0120473
-0.014051
-0.0165483
-0.0171946
-0.0161317
-0.00393571
0.0186227
0.095012
-0.0324003
-0.00714359
-0.00554577
-0.00470864
-0.00441012
-0.00450663
-0.00487934
-0.00531934
-0.00594586
-0.00665216
-0.00772592
-0.00896585
-0.0106918
-0.0121258
-0.0130807
-0.00990803
-7.8089e-05
0.0322438
0.0958027
0.226172
0.000142025
0.00010857
0.000161619
0.000265018
0.000428856
0.000655567
0.000950207
0.00131945
0.00177021
0.00230821
0.00293558
0.00364781
0.00442905
0.00524601
0.00604381
0.00674629
0.00726586
0.00754177
0.00760273
0.00743923
0.000180787
0.000145939
0.000208039
0.00031468
0.000478017
0.000701149
0.000989555
0.00134989
0.00178894
0.00231256
0.00292368
0.00361915
0.00438433
0.0051904
0.00598298
0.00668422
0.0072001
0.00746317
0.00751127
0.00733245
0.000121093
7.5549e-05
0.000136397
0.000238507
0.000395109
0.000609325
0.000887206
0.00123639
0.00166526
0.00218227
0.00279394
0.00350174
0.00429841
0.00515624
0.00601796
0.00679128
0.00735335
0.00760469
0.0075921
0.00733337
-1.47612e-05
-6.7528e-05
-1.01988e-05
8.41247e-05
0.000229737
0.000429951
0.000691624
0.00102378
0.00143713
0.00194386
0.00255631
0.00328332
0.00412426
0.00506031
0.00603216
0.00692645
0.00757177
0.00780381
0.00767973
0.00728483
-0.000239519
-0.000298102
-0.000247465
-0.000164943
-3.53255e-05
0.000144959
0.000383606
0.000691158
0.00108099
0.00156972
0.00217682
0.00292135
0.00381338
0.00484986
0.00597352
0.00704724
0.00782599
0.00802987
0.00772959
0.00711031
-0.000551624
-0.000615546
-0.000574618
-0.000508184
-0.000400502
-0.000247986
-4.25094e-05
0.00022746
0.000577321
0.00102747
0.00160412
0.00233834
0.00325876
0.00437429
0.00565579
0.00695817
0.00793864
0.00811543
0.00760209
0.00661557
-0.000945809
-0.00101528
-0.000987048
-0.00094151
-0.000862958
-0.000748399
-0.000590357
-0.000377881
-9.57754e-05
0.000276928
0.000768696
0.00141661
0.00226124
0.00332909
0.00466006
0.00615124
0.00740923
0.00769311
0.00709157
0.00567943
-0.0014147
-0.00149034
-0.00147769
-0.00145808
-0.00141661
-0.0013519
-0.00125885
-0.00112991
-0.000954671
-0.000718689
-0.000402752
1.50172e-05
0.000556065
0.00125518
0.00218217
0.00350291
0.00506766
0.00605611
0.00594122
0.00458319
-0.0019488
-0.00203128
-0.00203641
-0.00204703
-0.00204995
-0.00204682
-0.00203721
-0.00202072
-0.00199826
-0.0019741
-0.0019619
-0.00200289
-0.00218879
-0.0025719
-0.00289995
-0.00253078
-0.000850957
0.00183436
0.00370781
0.00413219
-0.00253671
-0.00262639
-0.00264973
-0.0026926
-0.00274433
-0.00281114
-0.00289963
-0.00302054
-0.0031934
-0.00345508
-0.00387815
-0.004614
-0.00595367
-0.00810106
-0.0107031
-0.0120103
-0.0106092
-0.0060138
-0.000763079
0.0032813
-0.003166
-0.00326302
-0.00330224
-0.00337541
-0.00347482
-0.00361265
-0.00380399
-0.00407325
-0.00446308
-0.00505131
-0.00598383
-0.00753464
-0.0101721
-0.0141476
-0.0189528
-0.0221925
-0.0218518
-0.016339
-0.00846724
-0.00105504
-0.00382353
-0.00392632
-0.00397333
-0.00406821
-0.00420613
-0.00440546
-0.00468881
-0.00509246
-0.00567816
-0.00655506
-0.00792027
-0.010121
-0.0136654
-0.0187245
-0.0246951
-0.0288471
-0.0295842
-0.024642
-0.0170888
-0.00803845
-0.00450273
-0.00461151
-0.00465464
-0.00475645
-0.00491372
-0.00515124
-0.00549696
-0.00599396
-0.00671275
-0.0077737
-0.00938669
-0.0118935
-0.0157783
-0.0210328
-0.0271646
-0.0311741
-0.0325163
-0.0283957
-0.0225165
-0.0136093
-0.00519053
-0.00529231
-0.00530216
-0.00538278
-0.0055338
-0.0057824
-0.00615534
-0.00669454
-0.00746894
-0.00859105
-0.010255
-0.0127466
-0.0164684
-0.0212203
-0.0268523
-0.0301646
-0.0316611
-0.0278802
-0.0243363
-0.0156989
-0.00591641
-0.00602788
-0.0059812
-0.00602078
-0.00612541
-0.00633586
-0.00667876
-0.0071935
-0.00794017
-0.00901027
-0.0105675
-0.0128036
-0.0160644
-0.0200815
-0.0245662
-0.0270773
-0.0282755
-0.024525
-0.023126
-0.013649
-0.00677241
-0.00667149
-0.00648511
-0.00638669
-0.00641857
-0.00658915
-0.00690538
-0.0073857
-0.00807388
-0.00903499
-0.0103923
-0.0122989
-0.0149648
-0.0181336
-0.0216149
-0.0233284
-0.0240236
-0.0201779
-0.0202051
-0.00648003
-0.00719154
-0.00761413
-0.00724932
-0.00717935
-0.00706803
-0.00708744
-0.00724457
-0.00757015
-0.00810388
-0.00888482
-0.0100239
-0.0116021
-0.0137836
-0.0162976
-0.019091
-0.0203544
-0.0207432
-0.0167288
-0.0152836
0.00944079
-0.0106407
-0.0080586
-0.00731275
-0.0065853
-0.00638966
-0.00643958
-0.00667537
-0.00705124
-0.00759448
-0.00831046
-0.00933934
-0.0106966
-0.0125564
-0.0146145
-0.0168243
-0.0175412
-0.0170236
-0.0115749
-0.00371356
0.0393303
-0.00704896
-0.0100722
-0.00891327
-0.00884408
-0.00826405
-0.00790255
-0.00770511
-0.00769836
-0.0079359
-0.00839687
-0.00922392
-0.0103918
-0.0121908
-0.0142332
-0.0167884
-0.0175102
-0.016544
-0.00440593
0.0181152
0.0943308
-0.0324746
-0.00720793
-0.00561165
-0.00477707
-0.00447924
-0.00457686
-0.00495131
-0.00539565
-0.00602763
-0.00674224
-0.00782555
-0.00908096
-0.0108302
-0.0123049
-0.0133183
-0.010228
-0.000492052
0.0317111
0.0952005
0.225392
0.000117391
8.38612e-05
0.000135872
0.00023745
0.000398392
0.000620902
0.000909692
0.00127099
0.0017112
0.00223545
0.0028454
0.00353632
0.0042927
0.00508267
0.00585436
0.00653616
0.00704576
0.00732491
0.00739806
0.00724796
0.000155506
0.000120816
0.000181861
0.000286668
0.000447101
0.000666053
0.000948676
0.0013012
0.00172991
0.00224008
0.00283414
0.00350872
0.00424916
0.00502834
0.00579467
0.00647528
0.00698211
0.00725067
0.00731346
0.00714651
9.43787e-05
4.90652e-05
0.000108797
0.000209007
0.000362611
0.000572523
0.000844442
0.00118554
0.00160364
0.0021065
0.00269999
0.00338504
0.00415419
0.00498147
0.00581296
0.00656269
0.00711618
0.00737884
0.00738956
0.00714618
-4.32402e-05
-9.57242e-05
-3.95803e-05
5.27546e-05
0.000195235
0.000390951
0.000646367
0.000969985
0.00137185
0.00186333
0.00245589
0.00315758
0.0039672
0.00486778
0.00580395
0.00667098
0.00731018
0.0075657
0.00748021
0.0071047
-0.000269806
-0.000328073
-0.000278685
-0.000198242
-7.19073e-05
0.000103643
0.000335668
0.000634125
0.00101162
0.0014838
0.00206904
0.00278537
0.00364268
0.00463812
0.00572031
0.00676339
0.00754233
0.00779045
0.0075536
0.00695587
-0.000583647
-0.000647224
-0.000607579
-0.000543278
-0.000438978
-0.000291357
-9.27561e-05
0.000167744
0.000504744
0.000937649
0.00149146
0.0021964
0.00308177
0.00415475
0.00539324
0.00666595
0.00766114
0.00791762
0.00749099
0.0065254
-0.000979453
-0.00104854
-0.00102156
-0.000978115
-0.000902901
-0.000793177
-0.000641905
-0.000438688
-0.000168987
0.000187493
0.000658664
0.00128154
0.00209759
0.00313558
0.00444265
0.00592379
0.00722234
0.00761844
0.00709636
0.00569205
-0.00144991
-0.00152511
-0.00151359
-0.00149588
-0.00145747
-0.00139717
-0.0013102
-0.00118932
-0.00102434
-0.000800552
-0.000497485
-8.97038e-05
0.000452464
0.00117651
0.00214427
0.00351571
0.00514195
0.00619954
0.00609081
0.00468236
-0.00198567
-0.00206764
-0.00207368
-0.00208583
-0.00209124
-0.00209166
-0.00208675
-0.00207599
-0.00205962
-0.00203992
-0.00202556
-0.00204638
-0.00217181
-0.00243583
-0.00260575
-0.00207833
-0.000319553
0.00231787
0.00399687
0.00420512
-0.00257561
-0.00266471
-0.00268864
-0.00273251
-0.00278592
-0.00285507
-0.00294631
-0.00306969
-0.00324288
-0.00349824
-0.00389833
-0.0045738
-0.00577851
-0.00768855
-0.00996727
-0.0110525
-0.00957552
-0.00515795
-0.000274582
0.00340195
-0.00320769
-0.00330407
-0.00334349
-0.00341705
-0.00351723
-0.00365606
-0.00384811
-0.00411656
-0.00450116
-0.00507328
-0.00596507
-0.00742422
-0.0098852
-0.0135868
-0.0180595
-0.0211031
-0.0206818
-0.0152853
-0.00772825
-0.000683247
-0.00386931
-0.00397142
-0.00401825
-0.00411292
-0.00425082
-0.00445009
-0.00473277
-0.00513378
-0.00571186
-0.00656976
-0.00789084
-0.00999059
-0.013393
-0.0182563
-0.0240395
-0.0282137
-0.029012
-0.024081
-0.0164928
-0.00752956
-0.00455443
-0.00466247
-0.00470508
-0.00480619
-0.00496291
-0.0051999
-0.00554468
-0.00603933
-0.00675216
-0.00779911
-0.00938138
-0.0118268
-0.0156174
-0.0207964
-0.0269213
-0.0312511
-0.0328093
-0.0286673
-0.0224889
-0.0133724
-0.00525067
-0.00535168
-0.00536068
-0.0054402
-0.00559042
-0.00583853
-0.0062112
-0.00674993
-0.00752261
-0.00863958
-0.0102908
-0.0127575
-0.0164508
-0.0212456
-0.0269755
-0.0307246
-0.0325565
-0.0287857
-0.0247832
-0.0158367
-0.00598694
-0.00609747
-0.00604995
-0.00608816
-0.00619204
-0.00640245
-0.0067463
-0.00726314
-0.00801293
-0.00908691
-0.0106474
-0.0128911
-0.016162
-0.0202447
-0.024901
-0.0277438
-0.0292991
-0.025522
-0.0238038
-0.0140449
-0.0068595
-0.00675663
-0.00656828
-0.00646724
-0.00649802
-0.00666874
-0.00698687
-0.0074714
-0.00816644
-0.00913767
-0.0105095
-0.0124369
-0.0151332
-0.0183717
-0.0219836
-0.0239196
-0.024876
-0.0209908
-0.0209047
-0.00697826
-0.00728405
-0.00770443
-0.00734186
-0.00726959
-0.00715805
-0.00717819
-0.00733827
-0.00766966
-0.00821236
-0.00900685
-0.0101634
-0.0117677
-0.0139824
-0.0165558
-0.0194454
-0.0208247
-0.0213757
-0.0173226
-0.015847
0.00888157
-0.0107714
-0.00817736
-0.00742433
-0.0066889
-0.00649146
-0.00654149
-0.00678009
-0.00716195
-0.00771411
-0.00844385
-0.00948936
-0.0108706
-0.0127603
-0.0148687
-0.0171528
-0.0179557
-0.0175508
-0.0120737
-0.00419885
0.038667
-0.00712982
-0.0101537
-0.00900685
-0.0089361
-0.00835984
-0.00800154
-0.00780963
-0.00781039
-0.00805734
-0.00853181
-0.00937286
-0.0105623
-0.0123864
-0.0144732
-0.0170926
-0.0178946
-0.0170321
-0.00493077
0.0175454
0.0934109
-0.0325919
-0.00731273
-0.00571925
-0.0048868
-0.00458783
-0.00468486
-0.00506001
-0.00550896
-0.00614761
-0.00687328
-0.00796913
-0.00924395
-0.0110208
-0.0125424
-0.0136253
-0.0106289
-0.00100653
0.0310513
0.0944229
0.224231
8.97091e-05
5.65747e-05
0.00010767
0.00020754
0.000365581
0.000583785
0.000866486
0.00121941
0.00164833
0.00215767
0.00274848
0.00341565
0.00414381
0.00490315
0.00564464
0.00630205
0.00679937
0.00708157
0.00716867
0.00703492
0.00012645
9.24768e-05
0.000152514
0.000255574
0.000413111
0.000627826
0.000904506
0.00124889
0.00166666
0.00216238
0.00273782
0.00338917
0.00410193
0.00485026
0.00558607
0.0062421
0.00673738
0.00701121
0.00709057
0.0069384
6.30769e-05
1.86749e-05
7.73086e-05
0.000175707
0.000326335
0.000531909
0.00079773
0.00113042
0.00153712
0.00202472
0.00259823
0.00325786
0.00399557
0.00478723
0.0055828
0.00630356
0.00684496
0.00711858
0.00715549
0.00693211
-7.71464e-05
-0.000128567
-7.36182e-05
1.68145e-05
0.000156183
0.000347362
0.000596369
0.000911076
0.0013007
0.00177555
0.00234586
0.00301843
0.00379071
0.00464982
0.00554238
0.00637442
0.0070025
0.00728101
0.00723851
0.00689064
-0.000306197
-0.000363288
-0.000315179
-0.000236738
-0.000113688
5.7048e-05
0.000282218
0.000571055
0.000935194
0.00138901
0.00194926
0.00263286
0.00345081
0.00439343
0.00542227
0.00642389
0.00719655
0.00748985
0.00731953
0.00675975
-0.000622299
-0.000684601
-0.000646284
-0.000584053
-0.000483176
-0.0003406
-0.000149233
0.00010106
0.000423809
0.000837019
0.00136396
0.00203297
0.00287197
0.00389073
0.00507213
0.00630176
0.00730425
0.00764398
0.00730584
0.00638945
-0.00102014
-0.00108785
-0.00106218
-0.00102077
-0.000948964
-0.000844291
-0.000700265
-0.000507247
-0.000251673
8.55902e-05
0.000531233
0.00112134
0.00189861
0.00290016
0.00415824
0.00561381
0.00694689
0.00746139
0.00701915
0.00566344
-0.0014925
-0.00156619
-0.00155586
-0.00153999
-0.00150471
-0.00144906
-0.00136871
-0.00125694
-0.0011041
-0.000895808
-0.000611065
-0.000221618
0.000309028
0.00103577
0.00203805
0.00345894
0.00515246
0.006295
0.00616739
0.00475149
-0.00203026
-0.00211057
-0.00211754
-0.00213111
-0.00213904
-0.00214319
-0.00214345
-0.00213937
-0.0021308
-0.00211846
-0.00210651
-0.00211316
-0.00218532
-0.00233864
-0.00234363
-0.00165502
0.000215483
0.0028063
0.00425343
0.00424521
-0.00262264
-0.00270992
-0.0027344
-0.00277908
-0.00283409
-0.00290559
-0.00299983
-0.00312628
-0.00330089
-0.00355169
-0.00393113
-0.00454822
-0.00561793
-0.00729155
-0.00924893
-0.0100504
-0.00839139
-0.00409531
0.000295822
0.00347879
-0.00325812
-0.0033525
-0.00339201
-0.00346561
-0.00356631
-0.00370591
-0.00389857
-0.00416623
-0.00454571
-0.00510174
-0.00595242
-0.00731889
-0.00959382
-0.0130114
-0.0171178
-0.0198427
-0.0191261
-0.0137184
-0.00668299
-0.000206993
-0.00392488
-0.00402484
-0.00407128
-0.00416524
-0.00430261
-0.0045013
-0.0047828
-0.00518058
-0.00575023
-0.00658785
-0.00786405
-0.00987564
-0.013104
-0.0177468
-0.0232848
-0.0273573
-0.0279521
-0.0228013
-0.0153274
-0.00668449
-0.00461769
-0.00472333
-0.0047651
-0.00486482
-0.00502024
-0.00525589
-0.00559893
-0.0060903
-0.00679593
-0.00782684
-0.00937527
-0.0117543
-0.0154349
-0.0205172
-0.026584
-0.0311347
-0.0327498
-0.0283948
-0.0219435
-0.0127426
-0.00532552
-0.00542392
-0.00543169
-0.00550919
-0.00565759
-0.00590418
-0.0062756
-0.00681292
-0.00758285
-0.00869322
-0.0103296
-0.0127671
-0.0164225
-0.0212537
-0.0270817
-0.0312936
-0.0334244
-0.0294746
-0.0249117
-0.0156965
-0.006077
-0.00618443
-0.00613571
-0.00617128
-0.00627311
-0.00648224
-0.00682606
-0.00734437
-0.00809706
-0.00917481
-0.0107388
-0.0129888
-0.0162724
-0.020438
-0.0253054
-0.0285412
-0.030527
-0.0265513
-0.0243646
-0.0143116
-0.00697452
-0.00686684
-0.00667599
-0.00657051
-0.0065986
-0.00676799
-0.00708698
-0.00757532
-0.00827783
-0.00926064
-0.0106485
-0.0125998
-0.0153297
-0.0186524
-0.0224256
-0.0246544
-0.0259242
-0.0218563
-0.0215347
-0.00741979
-0.00741464
-0.00782891
-0.00746959
-0.00739197
-0.00727794
-0.00729671
-0.00745846
-0.00779559
-0.00834877
-0.00915899
-0.0103364
-0.0119693
-0.0142188
-0.0168545
-0.0198517
-0.0213727
-0.0220992
-0.0178652
-0.0162537
0.00831382
-0.0109585
-0.00834415
-0.00758413
-0.00683625
-0.00663504
-0.00668298
-0.00692302
-0.00731061
-0.00787333
-0.00861959
-0.00968549
-0.0110939
-0.0130138
-0.0151717
-0.0175296
-0.0184201
-0.0181143
-0.0124605
-0.00451703
0.0378892
-0.00727267
-0.0102859
-0.00915402
-0.00907619
-0.0085021
-0.00814528
-0.00795791
-0.00796695
-0.00822539
-0.00871735
-0.0095763
-0.0107907
-0.0126371
-0.0147637
-0.0174316
-0.0183017
-0.0175055
-0.00539575
0.0170556
0.0922037
-0.0327793
-0.00748898
-0.00590044
-0.00506644
-0.00476037
-0.00485154
-0.00522362
-0.00567627
-0.00632185
-0.00706214
-0.0081724
-0.00947096
-0.0112707
-0.0128373
-0.0139787
-0.0110843
-0.00158045
0.0302862
0.0934638
0.222498
6.10126e-05
2.93576e-05
7.98982e-05
0.000178472
0.000333964
0.00054823
0.000825249
0.00117021
0.00158822
0.00208289
0.00265454
0.00329751
0.00399663
0.00472342
0.00543239
0.006063
0.00654627
0.00683127
0.00693367
0.00681939
9.48553e-05
6.28383e-05
0.000122036
0.000223698
0.000378713
0.000589658
0.000860958
0.00119784
0.0016053
0.00208711
0.00264422
0.00327218
0.00395695
0.00467233
0.00537517
0.00600384
0.00648533
0.00676382
0.00686103
0.00672694
2.79747e-05
-1.39759e-05
4.36807e-05
0.00014063
0.000288694
0.000490466
0.000750841
0.00107586
0.00147186
0.00194476
0.00249847
0.0031322
0.00383689
0.00459004
0.00534554
0.00603246
0.00655768
0.00684087
0.0069062
0.00670839
-0.000116004
-0.000164605
-0.000110772
-2.18719e-05
0.000114819
0.000302037
0.000545326
0.000851874
0.00122995
0.00168859
0.00223645
0.00287898
0.00361353
0.00442323
0.00526409
0.00605185
0.00666058
0.0069591
0.0069647
0.00665527
-0.000348339
-0.000402338
-0.000355451
-0.000278641
-0.00015845
8.02542e-06
0.000226984
0.000506846
0.000858098
0.00129351
0.00182774
0.00247526
0.00324461
0.00412757
0.00508993
0.00603336
0.00678443
0.00711879
0.00702533
0.00652483
-0.000667225
-0.00072621
-0.000689181
-0.000628663
-0.000530821
-0.000392813
-0.000208166
3.23361e-05
0.000340909
0.000733699
0.00123147
0.00185937
0.00264208
0.0035891
0.00468921
0.00584559
0.00682878
0.00724938
0.00702023
0.00619367
-0.00106745
-0.00113161
-0.00110723
-0.00106752
-0.000998797
-0.0008988
-0.000761685
-0.000578751
-0.000337756
-2.13842e-05
0.000394585
0.000943095
0.00166505
0.00260109
0.00376907
0.00514848
0.00647401
0.00711366
0.0067914
0.00555316
-0.00154197
-0.00161187
-0.00160271
-0.00158834
-0.0015559
-0.00150463
-0.00143073
-0.00132826
-0.00118854
-0.000998414
-0.000738009
-0.000378978
0.000117556
0.000809328
0.00178144
0.00315785
0.00486633
0.00612798
0.0060512
0.00472142
-0.00208195
-0.00215816
-0.00216603
-0.00218067
-0.00219083
-0.00219847
-0.00220383
-0.00220679
-0.0022073
-0.0022055
-0.0022029
-0.00220886
-0.00225158
-0.00233946
-0.00228332
-0.00152982
0.000433339
0.00308824
0.00433055
0.00418803
-0.00267703
-0.00275986
-0.00278483
-0.00282988
-0.00288613
-0.00295967
-0.00305679
-0.00318659
-0.00336373
-0.00361275
-0.00397734
-0.00454571
-0.0054955
-0.00696885
-0.00868413
-0.00931837
-0.00748383
-0.00315177
0.000736396
0.0034568
-0.00331631
-0.00340584
-0.00344528
-0.00351839
-0.00361906
-0.00375893
-0.0039518
-0.00421852
-0.00459311
-0.00513381
-0.00594447
-0.00721789
-0.00930508
-0.0124346
-0.0162081
-0.0187002
-0.0176688
-0.0120234
-0.005594
0.000264646
-0.00398903
-0.00408375
-0.00412957
-0.00422209
-0.00435814
-0.0045554
-0.00483486
-0.00522854
-0.00578861
-0.00660377
-0.00782966
-0.00973642
-0.0127672
-0.0171424
-0.0223832
-0.0263017
-0.0265355
-0.0209332
-0.0137622
-0.00559372
-0.00469108
-0.00479086
-0.00483142
-0.00492876
-0.00508175
-0.00531486
-0.00565486
-0.00614145
-0.00683765
-0.00784825
-0.00935371
-0.0116457
-0.015174
-0.0200857
-0.0259963
-0.0306531
-0.0322273
-0.0275269
-0.0209307
-0.0116988
-0.00541385
-0.00550582
-0.00551198
-0.00558622
-0.00573126
-0.00597466
-0.00634311
-0.00687715
-0.00764189
-0.00874104
-0.0103532
-0.0127397
-0.0163144
-0.0211133
-0.0269691
-0.0316019
-0.0340381
-0.0299216
-0.0249044
-0.0152169
-0.00618615
-0.00628602
-0.00623576
-0.00626682
-0.00636457
-0.00657035
-0.00691226
-0.00743031
-0.00818411
-0.00926231
-0.0108235
-0.0130633
-0.016334
-0.0205613
-0.0256432
-0.0294076
-0.0319447
-0.0277478
-0.0251881
-0.0143491
-0.00711926
-0.00700136
-0.0068079
-0.00669569
-0.00671856
-0.00688396
-0.00720151
-0.00769195
-0.00840101
-0.00939434
-0.0107958
-0.0127631
-0.0155124
-0.0189131
-0.0228642
-0.0254772
-0.0272092
-0.0230132
-0.0226626
-0.00766651
-0.00759834
-0.00799594
-0.0076398
-0.00755095
-0.00743
-0.00744347
-0.00760422
-0.00794569
-0.00851004
-0.00933653
-0.0105371
-0.012195
-0.014469
-0.0171557
-0.0202624
-0.0219913
-0.023002
-0.0186296
-0.01725
0.00780742
-0.0112131
-0.00856974
-0.00780924
-0.00704481
-0.00683588
-0.006876
-0.00711289
-0.00750339
-0.00807732
-0.00884224
-0.00993261
-0.0113684
-0.0133138
-0.0155066
-0.0179332
-0.0189312
-0.0188146
-0.0129903
-0.00532172
0.0369981
-0.00755327
-0.0105238
-0.00940185
-0.00930275
-0.00872236
-0.00835866
-0.00816997
-0.00818429
-0.00845542
-0.00896875
-0.00985175
-0.0110911
-0.0129526
-0.015093
-0.0177756
-0.0187038
-0.0180093
-0.00582722
0.0163007
0.0906817
-0.0330863
-0.00779618
-0.00621451
-0.00536763
-0.00504133
-0.00511431
-0.00547592
-0.00592765
-0.00658131
-0.00733797
-0.00846911
-0.00978894
-0.0116068
-0.0131889
-0.0143644
-0.0115236
-0.00220443
0.0294414
0.0919987
0.219919
3.45542e-05
6.89784e-06
5.77096e-05
0.000155779
0.000309413
0.000520533
0.000792875
0.00113115
0.00153979
0.00202161
0.00257609
0.00319693
0.00386891
0.00456477
0.00524185
0.00584563
0.00631438
0.00660212
0.00672067
0.00662954
6.24128e-05
3.49538e-05
9.36094e-05
0.000194438
0.000347605
0.000555718
0.000822916
0.00115395
0.00155319
0.00202358
0.00256513
0.00317263
0.00383207
0.00451677
0.00518809
0.00578952
0.00625646
0.00653902
0.00665435
0.00654247
-9.75375e-06
-4.60902e-05
1.07871e-05
0.000106841
0.000253059
0.000452062
0.000708414
0.00102762
0.00141525
0.00187621
0.00241315
0.00302409
0.00369878
0.00441496
0.00513074
0.00578222
0.00628844
0.0065792
0.0066737
0.00650778
-0.000158842
-0.000201081
-0.000148237
-6.0318e-05
7.44379e-05
0.000258784
0.000497871
0.000798245
0.00116725
0.0016126
0.0021412
0.00275658
0.0034545
0.00421628
0.00500307
0.00574041
0.00632123
0.00663433
0.00669165
0.00643239
-0.000395183
-0.000442276
-0.000396515
-0.000320785
-0.000202718
-3.94254e-05
0.000174816
0.00044766
0.000788451
0.00120827
0.00171938
0.00233316
0.00305463
0.0038716
0.00476077
0.00563053
0.00633894
0.00670191
0.0066996
0.00628129
-0.000717151
-0.000768791
-0.000732974
-0.000673636
-0.000578147
-0.000443718
-0.000264438
-3.19774e-05
0.000264531
0.000639191
0.00110972
0.00169693
0.00242118
0.00329352
0.00428295
0.005328
0.00624365
0.00672524
0.00664679
0.00595382
-0.00111983
-0.00117623
-0.00115307
-0.00111457
-0.00104832
-0.000952168
-0.000820859
-0.000646647
-0.00041873
-0.000121998
0.000264311
0.000767909
0.00142301
0.00226188
0.00329264
0.00452562
0.00576129
0.00651983
0.00640933
0.00534774
-0.00159645
-0.00165812
-0.00165008
-0.00163677
-0.00160667
-0.00155911
-0.00149089
-0.00139689
-0.00126964
-0.00109784
-0.00086434
-0.000544208
-0.000102986
0.000510244
0.00137952
0.0025879
0.00417132
0.0055351
0.00567281
0.00451361
-0.00213848
-0.00220591
-0.00221464
-0.00222991
-0.00224187
-0.00225253
-0.00226255
-0.00227229
-0.00228215
-0.00229253
-0.00230432
-0.00232233
-0.0023614
-0.00242575
-0.0023912
-0.00178359
-4.24665e-05
0.00262693
0.00398225
0.0038486
-0.00273599
-0.00280942
-0.00283479
-0.00287976
-0.00293682
-0.00301205
-0.00311186
-0.00324519
-0.00342575
-0.00367528
-0.00403038
-0.0045598
-0.00539749
-0.00667339
-0.00824136
-0.00905073
-0.00738612
-0.00290539
0.000692836
0.00300832
-0.00337877
-0.00345811
-0.00349732
-0.00356935
-0.00366948
-0.00380922
-0.00400217
-0.00426819
-0.00463851
-0.00516461
-0.00593506
-0.00710792
-0.00896936
-0.0117587
-0.0152252
-0.0177279
-0.0164894
-0.0105001
-0.00469224
0.000383646
-0.00405728
-0.00414098
-0.00418595
-0.00427629
-0.00441022
-0.0046054
-0.00488239
-0.00527171
-0.0058216
-0.00661139
-0.00777682
-0.00954917
-0.012306
-0.0162719
-0.0210883
-0.0247594
-0.0245457
-0.0183656
-0.0116298
-0.00427126
-0.00476876
-0.00485607
-0.00489495
-0.00498884
-0.00513823
-0.00536778
-0.00570385
-0.00618475
-0.00686965
-0.00785384
-0.00929984
-0.0114663
-0.0147296
-0.019264
-0.024739
-0.0291535
-0.0304535
-0.0251555
-0.0185306
-0.00968797
-0.00550869
-0.00558678
-0.00559098
-0.00566058
-0.00580039
-0.00603881
-0.00640264
-0.00693182
-0.00768897
-0.00876984
-0.010342
-0.0126328
-0.0160167
-0.0205718
-0.0261589
-0.0309084
-0.0335082
-0.0290053
-0.0233012
-0.0134958
-0.00630628
-0.00638895
-0.00633661
-0.00636068
-0.00645185
-0.006652
-0.00699013
-0.00750646
-0.00825999
-0.00933345
-0.0108882
-0.0130686
-0.0162523
-0.0204025
-0.0254895
-0.0296614
-0.0326499
-0.0280547
-0.0244233
-0.0133541
-0.00728743
-0.0071485
-0.00695238
-0.00683076
-0.00684437
-0.00700175
-0.00731466
-0.00780517
-0.0085198
-0.00951997
-0.0109373
-0.012902
-0.0156261
-0.0190318
-0.023085
-0.0260508
-0.0281574
-0.0235573
-0.0222814
-0.00740293
-0.00784669
-0.00820278
-0.00784535
-0.00773502
-0.00760022
-0.00760272
-0.00775877
-0.00810276
-0.00867972
-0.00952375
-0.0107525
-0.0124306
-0.01471
-0.0174041
-0.020569
-0.0224725
-0.0236783
-0.0188567
-0.0166196
0.00726833
-0.0115342
-0.00885506
-0.0081088
-0.007327
-0.00710003
-0.00712063
-0.00734512
-0.00773235
-0.00831565
-0.00910517
-0.0102251
-0.0116897
-0.013654
-0.0158535
-0.0182995
-0.0193589
-0.0192554
-0.0129208
-0.00463874
0.0355753
-0.0081438
-0.0109512
-0.00981203
-0.00965077
-0.00904031
-0.00865092
-0.0084481
-0.00846277
-0.00874714
-0.0092869
-0.0102031
-0.0114681
-0.0133355
-0.015445
-0.0180451
-0.018863
-0.0179617
-0.00562331
0.016548
0.0878599
-0.0336618
-0.00839056
-0.00680845
-0.00589668
-0.00550725
-0.00553453
-0.00586907
-0.00630883
-0.00696608
-0.00774088
-0.0088955
-0.0102375
-0.0120507
-0.0136122
-0.0147414
-0.0119355
-0.00268517
0.0285397
0.0903548
0.214396
1.25636e-05
-8.44221e-06
4.32885e-05
0.000141475
0.000293938
0.00050286
0.000771829
0.00110514
0.00150662
0.00197833
0.00251897
0.00312152
0.00377053
0.00443932
0.00508854
0.00566799
0.00612315
0.00641358
0.00654813
0.0064842
3.02097e-05
1.05063e-05
6.86558e-05
0.00016906
0.000321038
0.000527351
0.000791915
0.00111908
0.00151265
0.00197485
0.00250482
0.00309647
0.00373551
0.00439549
0.00503884
0.00561575
0.00606889
0.00635484
0.0064872
0.00640266
-4.91195e-05
-7.58233e-05
-1.98096e-05
7.57473e-05
0.00022081
0.00041816
0.000672086
0.000987616
0.00136966
0.00182215
0.00234653
0.00293947
0.00358955
0.00427395
0.00495343
0.00557108
0.00605718
0.00635309
0.00647505
0.00634893
-0.000204571
-0.000235954
-0.000184264
-9.69341e-05
3.65996e-05
0.000219233
0.000455782
0.000752224
0.00111507
0.00155078
0.00206449
0.00265762
0.00332391
0.00404361
0.00477705
0.00546189
0.00600803
0.00632749
0.00643513
0.00624107
-0.000445482
-0.000480892
-0.00043646
-0.000361424
-0.00024478
-8.35351e-05
0.000127614
0.000395628
0.000728794
0.00113656
0.00162873
0.00221326
0.00289194
0.00365251
0.0044573
0.00524215
0.005887
0.00625554
0.00634968
0.00604681
-0.000770698
-0.000810048
-0.00077567
-0.000717153
-0.000623372
-0.000491495
-0.000316129
-8.97775e-05
0.000197129
0.00055661
0.00100307
0.00155227
0.00221749
0.00300145
0.00388089
0.00478176
0.00557065
0.00604741
0.00615729
0.00568076
-0.00117582
-0.00121941
-0.00119774
-0.00116013
-0.00109582
-0.00100265
-0.000876009
-0.000709077
-0.00049254
-0.000213691
0.000144262
0.000602582
0.00118555
0.00191408
0.00279101
0.0037835
0.00477358
0.0055102
0.00575839
0.00505261
-0.00165441
-0.00170275
-0.00169613
-0.00168361
-0.00165543
-0.00161099
-0.00154774
-0.00146149
-0.00134618
-0.00119282
-0.000988075
-0.000713045
-0.000342535
0.000155806
0.000825814
0.00173158
0.00295566
0.00429745
0.00498655
0.00417804
-0.00219822
-0.00225177
-0.00226166
-0.00227736
-0.00229083
-0.00230418
-0.00231865
-0.00233533
-0.00235545
-0.00238034
-0.00241173
-0.0024532
-0.00251144
-0.0025846
-0.00260239
-0.00221357
-0.000743523
0.00185282
0.00349171
0.00335986
-0.0027977
-0.00285667
-0.00288279
-0.0029275
-0.00298514
-0.00306192
-0.00316465
-0.00330248
-0.00348862
-0.0037427
-0.00409498
-0.00459525
-0.00532509
-0.00635239
-0.00757354
-0.00822114
-0.00671615
-0.00276928
0.000489239
0.00244221
-0.00344343
-0.00350745
-0.00354671
-0.00361746
-0.00371677
-0.00385629
-0.00404974
-0.00431639
-0.00468505
-0.00520014
-0.00593244
-0.00699585
-0.00857276
-0.0107908
-0.0134685
-0.0154876
-0.0146012
-0.00957837
-0.00424333
0.000468375
-0.00412722
-0.00419463
-0.00423903
-0.00432691
-0.00445818
-0.00465088
-0.00492547
-0.00531135
-0.0058527
-0.00661733
-0.00771406
-0.00930422
-0.0116423
-0.0148393
-0.01862
-0.0216645
-0.0216199
-0.0157169
-0.00944525
-0.00271504
-0.00484759
-0.00491646
-0.00495373
-0.00504359
-0.00518844
-0.00541357
-0.00574509
-0.00622012
-0.00689389
-0.00784732
-0.00921112
-0.0111604
-0.0139829
-0.0177254
-0.0221175
-0.0258857
-0.0270369
-0.0214634
-0.0153943
-0.00682838
-0.00560554
-0.00566364
-0.00566638
-0.00573056
-0.00586338
-0.00609493
-0.00645231
-0.00697539
-0.00772278
-0.00877713
-0.0102803
-0.0123822
-0.0153898
-0.0192941
-0.0240361
-0.028427
-0.0313007
-0.0269321
-0.0214776
-0.0109148
-0.00642987
-0.00648678
-0.00643351
-0.00644923
-0.00653157
-0.00672358
-0.0070555
-0.00756795
-0.00831897
-0.00937065
-0.0108774
-0.0129674
-0.0158782
-0.0196263
-0.0242397
-0.0285186
-0.0324742
-0.0281664
-0.0245917
-0.0119981
-0.00746813
-0.00729835
-0.00710206
-0.00697061
-0.00697101
-0.0071159
-0.00742006
-0.00790689
-0.00861963
-0.00962534
-0.0110355
-0.0129479
-0.0155392
-0.0187519
-0.0226439
-0.0259293
-0.0290433
-0.0246368
-0.0240709
-0.00707008
-0.00815812
-0.00845446
-0.00808677
-0.00794667
-0.0077908
-0.00777522
-0.00792078
-0.00826145
-0.00884144
-0.00970751
-0.0109517
-0.0126242
-0.0148491
-0.0174471
-0.0205472
-0.0226784
-0.0247469
-0.0200623
-0.0197734
0.00712803
-0.0118631
-0.00916404
-0.00847552
-0.00769557
-0.00743574
-0.00742008
-0.00761913
-0.00799193
-0.00857904
-0.00939214
-0.0105419
-0.0120224
-0.013983
-0.0161211
-0.0185645
-0.0197446
-0.0203939
-0.0141202
-0.00822108
0.0345083
-0.00921181
-0.0117615
-0.0105229
-0.0102517
-0.00956191
-0.00910233
-0.00885811
-0.0088453
-0.00913213
-0.00968563
-0.0106423
-0.0119185
-0.0137869
-0.0157927
-0.0183028
-0.0190823
-0.0183785
-0.00639626
0.0135157
0.0850237
-0.034397
-0.00926694
-0.00770297
-0.0066553
-0.00614439
-0.00610531
-0.00640963
-0.00682979
-0.00749763
-0.00828797
-0.00948507
-0.0108248
-0.0126336
-0.0140716
-0.0151245
-0.0122875
-0.0037663
0.0263588
0.0846043
0.207
5.57803e-06
-1.8745e-06
5.25748e-05
0.000152371
0.000305069
0.000513634
0.000781851
0.00111386
0.00151319
0.00198145
0.0025168
0.00311165
0.00375011
0.00440562
0.00503985
0.00560547
0.00605222
0.00634423
0.00648801
0.0064487
9.19922e-06
2.78389e-06
6.08957e-05
0.000161471
0.000313132
0.00051917
0.000783619
0.00111078
0.00150437
0.00196636
0.00249548
0.00308504
0.00372008
0.0043742
0.0050091
0.00557708
0.00602563
0.00631462
0.00645373
0.00639189
-7.59804e-05
-8.65052e-05
-3.08013e-05
6.47913e-05
0.000209435
0.000406504
0.00066043
0.000976234
0.00135876
0.00181167
0.00233589
0.00292732
0.00357362
0.00425107
0.00492027
0.00552663
0.0060065
0.00630646
0.00643843
0.00634156
-0.000235659
-0.000249249
-0.000198093
-0.000110868
2.20812e-05
0.000204286
0.00044072
0.000737386
0.00110075
0.00153704
0.00205075
0.00264224
0.00330395
0.00401514
0.00473606
0.00540361
0.00593947
0.00626363
0.00638755
0.00623288
-0.000478487
-0.000495153
-0.000451291
-0.000376443
-0.000260597
-0.000100115
0.000110472
0.000378152
0.000711171
0.00111872
0.00160993
0.00219139
0.00286299
0.00361123
0.00440007
0.00515931
0.00578392
0.00615363
0.00627466
0.00603248
-0.000804136
-0.000824139
-0.000790264
-0.000731996
-0.000639269
-0.000508621
-0.000334514
-0.000109435
0.00017614
0.000533973
0.00097778
0.00152177
0.00217645
0.00294111
0.0037905
0.00465691
0.00540694
0.00586749
0.00601533
0.00565955
-0.00120885
-0.00123262
-0.0012113
-0.00117395
-0.00111091
-0.00101944
-0.000894816
-0.000730249
-0.000516472
-0.000240931
0.000112676
0.000564439
0.00113623
0.0018444
0.00268718
0.00362338
0.00453134
0.0051696
0.00544587
0.0049779
-0.00168649
-0.00171446
-0.00170793
-0.00169555
-0.00166872
-0.00162632
-0.00156573
-0.00148282
-0.00137151
-0.00122271
-0.00102288
-0.000752575
-0.000385603
0.000110482
0.000767306
0.00160227
0.00259864
0.00357432
0.00426768
0.00390057
-0.00222896
-0.00226139
-0.00227094
-0.00228645
-0.00230113
-0.00231659
-0.00233409
-0.00235472
-0.00237947
-0.00240881
-0.00244209
-0.00247683
-0.00250598
-0.00250707
-0.00242137
-0.00208712
-0.00119594
0.000339815
0.00204734
0.0024048
-0.00282691
-0.00286358
-0.00288878
-0.00293278
-0.0029912
-0.00306985
-0.00317557
-0.00331742
-0.00350791
-0.00376432
-0.00411057
-0.00457982
-0.00521292
-0.0060229
-0.0069203
-0.00752726
-0.00695713
-0.00451484
-0.00121837
0.000446006
-0.00347069
-0.00351094
-0.00354854
-0.00361793
-0.0037173
-0.00385819
-0.00405425
-0.00432454
-0.0046964
-0.00520968
-0.00592255
-0.00691723
-0.00830285
-0.0101138
-0.012156
-0.0136705
-0.013033
-0.00906005
-0.00437203
-0.00165675
-0.00415297
-0.00419456
-0.00423682
-0.00432276
-0.00445318
-0.00464652
-0.00492307
-0.00531213
-0.00585591
-0.00661586
-0.0076818
-0.00917352
-0.0112297
-0.0138564
-0.0165892
-0.0182539
-0.0170725
-0.0115469
-0.00676307
-0.00296632
-0.00487318
-0.00491163
-0.00494562
-0.00503244
-0.00517569
-0.00540132
-0.00573456
-0.00621251
-0.00689009
-0.00784054
-0.00917386
-0.011035
-0.0135404
-0.0165782
-0.0195355
-0.0211752
-0.0199933
-0.014815
-0.00988004
-0.00403923
-0.00563834
-0.00566028
-0.00566149
-0.00572229
-0.00585195
-0.00608247
-0.00643941
-0.00696748
-0.00772094
-0.00877954
-0.0102619
-0.012306
-0.0150169
-0.0182348
-0.0213981
-0.0236304
-0.0243329
-0.0200471
-0.0143411
-0.0054252
-0.00647652
-0.00647658
-0.00642041
-0.006429
-0.00650881
-0.00670205
-0.00703601
-0.0075584
-0.00832116
-0.00939714
-0.0109037
-0.0129574
-0.015658
-0.0188647
-0.0222423
-0.0250344
-0.0272415
-0.0230986
-0.0173988
-0.00555339
-0.00757467
-0.00734195
-0.00713616
-0.00699442
-0.00698244
-0.00711962
-0.00742159
-0.00791693
-0.00865049
-0.0096825
-0.0111133
-0.0130284
-0.0155127
-0.0184165
-0.0215685
-0.0239351
-0.0260296
-0.0214544
-0.0169062
-0.00138369
-0.00843667
-0.00851273
-0.00814246
-0.00795172
-0.00778559
-0.00776521
-0.00791655
-0.00827353
-0.00888422
-0.00978879
-0.0110712
-0.0127747
-0.0149668
-0.0174088
-0.0200676
-0.0215454
-0.0230366
-0.0171064
-0.0125178
0.0101631
-0.0123239
-0.00945803
-0.0087345
-0.00792509
-0.00758856
-0.00751326
-0.00768049
-0.0080502
-0.0086565
-0.00950945
-0.0107016
-0.0122192
-0.0141555
-0.0161512
-0.0182446
-0.0189412
-0.0192029
-0.0110011
-0.00326612
0.0334978
-0.0118217
-0.0126858
-0.0110959
-0.0104721
-0.00961881
-0.00906291
-0.00878425
-0.00878469
-0.00911153
-0.00973461
-0.0107606
-0.0121037
-0.0139454
-0.0157912
-0.0178298
-0.0178154
-0.016602
-0.00375845
0.0133736
0.0767562
-0.0366037
-0.0111299
-0.00932207
-0.00771533
-0.00684297
-0.00663374
-0.00682763
-0.00720006
-0.00783982
-0.00865419
-0.00986758
-0.0112183
-0.0129884
-0.0142432
-0.0150831
-0.0117584
-0.00349736
0.0241753
0.0708034
0.176604
)
;

boundaryField
{
    movingWall
    {
        type            zeroGradient;
    }
    fixedWalls
    {
        type            zeroGradient;
    }
}


// ************************************************************************* //
