/*--------------------------------*- C++ -*----------------------------------*\
  =========                 |
  \\      /  F ield         | OpenFOAM: The Open Source CFD Toolbox
   \\    /   O peration     | Website:  https://openfoam.org
    \\  /    A nd           | Version:  10
     \\/     M anipulation  |
\*---------------------------------------------------------------------------*/
FoamFile
{
    format      ascii;
    class       volScalarField;
    location    "0.525";
    object      p;
}
// * * * * * * * * * * * * * * * * * * * * * * * * * * * * * * * * * * * * * //

dimensions      [0 2 -2 0 0 0 0];

internalField   nonuniform List<scalar> 
8000
(
-1.43879e-09
7.20123e-05
0.000238075
0.00049113
0.000824672
0.00123023
0.00169755
0.0022149
0.00276938
0.0033472
0.00393397
0.00451498
0.00507556
0.00560131
0.00607852
0.00649448
0.0068379
0.00709931
0.00727132
0.00734632
-7.07611e-05
2.58528e-06
0.000171923
0.000429878
0.000769826
0.00118312
0.0016593
0.00218642
0.00275136
0.0033401
0.00393802
0.0045302
0.00510169
0.00563786
0.00612469
0.00654921
0.00689983
0.00716681
0.00734259
0.00741915
-0.000240313
-0.000163669
1.34975e-05
0.00028331
0.000638748
0.00107069
0.00156818
0.00211872
0.00270866
0.00332347
0.00394799
0.00456675
0.00516425
0.00572522
0.00623502
0.00667997
0.0070478
0.00732812
0.00751279
0.00759319
-0.000509053
-0.000427011
-0.000237347
5.13505e-05
0.000431413
0.000892953
0.00142417
0.00201173
0.00264116
0.00329709
0.00396357
0.00462429
0.00526286
0.00586309
0.00640931
0.00688674
0.007282
0.00758361
0.00778254
0.00786922
-0.000884194
-0.00079449
-0.000587196
-0.00027193
0.000142669
0.000645583
0.00122381
0.00186286
0.00254709
0.00326004
0.00398468
0.00470363
0.00539933
0.00605431
0.00665149
0.00717457
0.00760853
0.00794034
0.00815953
0.00825522
-0.00137582
-0.00127588
-0.00104514
-0.000694673
-0.000234517
0.000322735
0.000962461
0.0016686
0.00242405
0.00321102
0.00401117
0.0048058
0.00557596
0.00630259
0.00696681
0.00755029
0.00803579
0.00840803
0.00865452
0.0087624
-0.00199732
-0.00188408
-0.00162308
-0.00122744
-0.000709152
-8.29978e-05
0.000634258
0.00142456
0.00226906
0.00314837
0.00404271
0.00493191
0.00579545
0.00661245
0.00736181
0.00802259
0.00857462
0.0089995
0.00928179
0.00940581
-0.00276597
-0.0026357
-0.00233618
-0.00188346
-0.00129235
-0.000580604
0.000232205
0.00112556
0.00207853
0.00307
0.0040787
0.00508299
0.00606071
0.00698898
0.00784415
0.00860204
0.0092386
0.00973113
0.0100599
0.0102051
-0.00370391
-0.00355175
-0.00320333
-0.00267893
-0.0019974
-0.00118058
-0.000251704
0.000765693
0.00184835
0.00297339
0.00411815
0.00525974
0.0063745
0.00743754
0.00842238
0.00930097
0.0100442
0.0106234
0.0110127
0.0111859
-0.00483938
-0.00465877
-0.0042479
-0.0036333
-0.00283973
-0.00189469
-0.00082617
0.000338689
0.00157412
0.00285563
0.00415953
0.00546219
0.00673892
0.0079631
0.00910537
0.0101331
0.0110109
0.0117018
0.0121705
0.0123814
-0.00620879
-0.00599034
-0.00549855
-0.0047695
-0.0038367
-0.0027355
-0.0015
-0.000161586
0.00125147
0.00271351
0.00420058
0.00568918
0.0071546
0.00856927
0.00990126
0.011113
0.0121611
0.0129972
0.0135724
0.0138356
-0.00785996
-0.00758936
-0.00699046
-0.00611414
-0.00500705
-0.00371541
-0.00228108
-0.000740182
0.000876739
0.00254381
0.0042381
0.00593777
0.00761965
0.0092568
0.0108158
0.0122543
0.0135193
0.0145474
0.0152687
0.0156075
-0.00985741
-0.00951155
-0.00876677
-0.00769721
-0.00636964
-0.00484493
-0.00317459
-0.00139975
0.000447852
0.00234369
0.00426789
0.00620244
0.00812821
0.0100214
0.0118495
0.013567
0.0151104
0.0163968
0.0173248
0.0177794
-0.0122932
-0.0118298
-0.0108801
-0.00955094
-0.0079408
-0.00612986
-0.00418082
-0.00213867
-3.43695e-05
0.00211141
0.0042846
0.00647416
0.00866841
0.0108506
0.0129935
0.0150522
0.0169551
0.0185961
0.019823
0.0204751
-0.0153068
-0.0146365
-0.0133934
-0.0117064
-0.00972981
-0.00756719
-0.00529126
-0.00294807
-0.000564151
0.00184739
0.004282
0.00673948
0.00922016
0.0117199
0.0142233
0.0166942
0.0190603
0.0211974
0.0228644
0.023889
-0.0191833
-0.0180616
-0.0163799
-0.0141855
-0.0117315
-0.00913779
-0.00648309
-0.00380789
-0.00112812
0.00155585
0.00425356
0.00698
0.00975293
0.0125875
0.0154902
0.0184472
0.0214019
0.0242371
0.0265588
0.0283544
-0.0238519
-0.0221596
-0.0198959
-0.0169849
-0.0139105
-0.0107954
-0.00771168
-0.00468212
-0.00170268
0.00124647
0.00419392
0.00717312
0.0102244
0.0133896
0.0167094
0.0202127
0.0238901
0.0277065
0.0309397
0.0342354
-0.0324357
-0.0275655
-0.0241893
-0.020111
-0.0161927
-0.0124509
-0.00889955
-0.00551312
-0.00225016
0.000937654
0.00410286
0.00729453
0.0105844
0.0140436
0.017761
0.0218541
0.0264562
0.0318591
0.0366931
0.043823
-0.0387132
-0.0330974
-0.0285545
-0.0232066
-0.0183729
-0.0139701
-0.00995536
-0.00623928
-0.00273353
0.000643214
0.00396681
0.00731996
0.0107741
0.0144314
0.0184102
0.022863
0.0278628
0.0345769
0.0392489
0.0518823
-0.0689271
-0.0392576
-0.033149
-0.0256359
-0.0196919
-0.0148051
-0.0105082
-0.00661057
-0.00298085
0.000487909
0.00388849
0.00730929
0.0108486
0.0146378
0.0188842
0.024001
0.0304256
0.0408192
0.0511524
0.0883435
9.20169e-08
7.11478e-05
0.000237052
0.000490099
0.000823716
0.0012294
0.00169687
0.00221441
0.00276909
0.00334712
0.00393411
0.00451534
0.00507613
0.00560209
0.00607949
0.00649561
0.00683914
0.00710055
0.00727242
0.00734646
-6.96666e-05
2.68174e-06
0.000171813
0.000429686
0.000769615
0.00118292
0.00165914
0.0021863
0.0027513
0.0033401
0.00393809
0.00453034
0.00510191
0.00563815
0.00612505
0.00654961
0.00690024
0.00716717
0.00734275
0.00741831
-0.000238922
-0.000163338
1.36072e-05
0.000283316
0.000638711
0.00107065
0.00156814
0.00211869
0.00270866
0.0033235
0.00394806
0.00456686
0.0051644
0.00572542
0.00623526
0.00668024
0.00704806
0.0073283
0.00751276
0.00759209
-0.000507431
-0.00042653
-0.000237106
5.14747e-05
0.000431485
0.000893002
0.00142421
0.00201177
0.00264121
0.00329715
0.00396365
0.00462439
0.00526299
0.00586326
0.0064095
0.00688695
0.00728219
0.00758372
0.00778241
0.00786794
-0.000882339
-0.000793884
-0.000586853
-0.000271717
0.000142819
0.000645701
0.00122392
0.00186295
0.00254717
0.00326013
0.00398478
0.00470375
0.00539947
0.00605447
0.00665168
0.00717477
0.00760872
0.00794043
0.00815937
0.00825378
-0.00137369
-0.00127514
-0.00104469
-0.000694371
-0.000234286
0.000322926
0.000962627
0.00166875
0.00242419
0.00321115
0.00401131
0.00480595
0.00557612
0.00630278
0.00696703
0.00755052
0.008036
0.00840814
0.00865434
0.0087608
-0.00199483
-0.00188318
-0.0016225
-0.00122702
-0.00070882
-8.2715e-05
0.000634506
0.00142479
0.00226926
0.00314856
0.00404289
0.00493209
0.00579565
0.00661267
0.00736206
0.00802287
0.00857489
0.00899966
0.00928163
0.00940403
-0.00276303
-0.00263456
-0.00233542
-0.00188289
-0.00129188
-0.0005802
0.000232561
0.00112587
0.00207881
0.00307025
0.00407893
0.00508321
0.00606095
0.00698924
0.00784445
0.00860238
0.00923894
0.00973136
0.0100598
0.0102031
-0.00370036
-0.0035503
-0.00320232
-0.00267815
-0.00199674
-0.00118001
-0.000251206
0.000766126
0.00184872
0.00297372
0.00411844
0.00526001
0.00637478
0.00743785
0.00842274
0.00930139
0.0100447
0.0106238
0.0110126
0.0111837
-0.004835
-0.00465687
-0.00424651
-0.0036322
-0.00283881
-0.0018939
-0.000825486
0.000339273
0.00157461
0.00285604
0.00415989
0.00546252
0.00673924
0.00796345
0.00910579
0.0101337
0.0110115
0.0117023
0.0121706
0.012379
-0.00620326
-0.00598775
-0.0054966
-0.00476795
-0.0038354
-0.0027344
-0.00149908
-0.000160824
0.00125209
0.00271402
0.004201
0.00568955
0.00715495
0.00856967
0.00990173
0.0111136
0.0121618
0.012998
0.0135728
0.013833
-0.00785273
-0.00758565
-0.00698765
-0.00611193
-0.00500524
-0.00371393
-0.00227988
-0.000739229
0.000877487
0.00254439
0.00423856
0.00593814
0.00761996
0.00925713
0.0108163
0.012255
0.0135202
0.0145484
0.0152694
0.015605
-0.00984752
-0.00950597
-0.00876263
-0.00769403
-0.00636715
-0.00484299
-0.0031731
-0.00139863
0.000448679
0.00234429
0.0042683
0.00620271
0.00812836
0.0100215
0.0118498
0.0135676
0.0151115
0.0163984
0.0173262
0.0177774
-0.0122787
-0.0118211
-0.010874
-0.00954642
-0.0079375
-0.00612749
-0.00417914
-0.00213751
-3.35861e-05
0.00211189
0.00428483
0.00647416
0.00866824
0.0108504
0.0129933
0.0150524
0.0169561
0.0185982
0.0198253
0.0204745
-0.0152833
-0.0146222
-0.0133844
-0.0117002
-0.00972585
-0.00756467
-0.0052897
-0.00294714
-0.000563696
0.00184748
0.00428178
0.00673897
0.00921941
0.0117189
0.0142223
0.0166934
0.0190605
0.0212004
0.0228677
0.0238924
-0.0191483
-0.0180389
-0.016368
-0.0141783
-0.0117278
-0.00913606
-0.00648245
-0.0038079
-0.00112857
0.00155508
0.00425249
0.00697856
0.00975102
0.012585
0.0154872
0.0184439
0.0213993
0.0242393
0.0265598
0.0283684
-0.0237476
-0.0221124
-0.0198808
-0.0169791
-0.0139102
-0.010797
-0.00771397
-0.00468452
-0.00170509
0.00124398
0.00419115
0.00716978
0.0102201
0.0133837
0.0167015
0.0202024
0.0238772
0.0277021
0.0309221
0.0342624
-0.0323724
-0.0275186
-0.0242007
-0.0201226
-0.0162058
-0.0124624
-0.0089089
-0.0055207
-0.00225659
0.000931737
0.00409672
0.00728731
0.010575
0.0140307
0.017743
0.0218312
0.0264289
0.0318649
0.0366805
0.0439268
-0.038428
-0.033103
-0.0286224
-0.0232735
-0.0184283
-0.0140096
-0.00998336
-0.00625972
-0.00274954
0.000629261
0.00395307
0.0073044
0.0107537
0.0144014
0.0183621
0.022784
0.0277129
0.0344458
0.0389072
0.0518849
-0.0686293
-0.03899
-0.0331943
-0.0257001
-0.0197448
-0.0148492
-0.0105412
-0.00663503
-0.00300044
0.000470255
0.00387029
0.00728769
0.0108198
0.0145963
0.0188203
0.0239158
0.0302744
0.0407878
0.0511567
0.0889759
2.47834e-07
7.11482e-05
0.000236979
0.000489979
0.000823579
0.00122927
0.00169677
0.00221434
0.00276906
0.00334715
0.00393418
0.00451548
0.00507633
0.00560234
0.00607978
0.00649592
0.00683945
0.00710084
0.00727264
0.00734651
-6.93214e-05
2.84829e-06
0.0001719
0.000429718
0.000769611
0.00118291
0.00165912
0.0021863
0.00275131
0.00334014
0.00393816
0.00453044
0.00510204
0.00563831
0.00612523
0.0065498
0.00690042
0.0071673
0.00734281
0.00741819
-0.000238448
-0.000163057
1.37895e-05
0.00028343
0.000638787
0.0010707
0.00156817
0.00211873
0.0027087
0.00332355
0.00394812
0.00456695
0.00516451
0.00572554
0.00623539
0.00668037
0.00704817
0.00732835
0.00751273
0.00759187
-0.000506825
-0.000426136
-0.000236826
5.16728e-05
0.000431629
0.000893111
0.00142429
0.00201185
0.00264127
0.00329722
0.00396372
0.00462447
0.00526309
0.00586336
0.00640961
0.00688705
0.00728226
0.00758372
0.00778232
0.00786764
-0.00088159
-0.000793372
-0.000586471
-0.000271432
0.000143037
0.000645872
0.00122405
0.00186307
0.00254727
0.00326022
0.00398487
0.00470383
0.00539955
0.00605456
0.00665177
0.00717484
0.00760875
0.0079404
0.00815923
0.00825342
-0.00137277
-0.00127449
-0.00104419
-0.000693986
-0.000233984
0.000323168
0.000962822
0.00166891
0.00242432
0.00321126
0.00401141
0.00480604
0.0055762
0.00630286
0.0069671
0.00755058
0.00803602
0.00840808
0.00865418
0.00876039
-0.0019937
-0.00188235
-0.00162186
-0.00122651
-0.000708415
-8.23884e-05
0.00063477
0.001425
0.00226943
0.00314869
0.004043
0.00493219
0.00579573
0.00661274
0.00736213
0.00802292
0.0085749
0.00899959
0.00928144
0.00940356
-0.00276161
-0.00263351
-0.00233458
-0.00188222
-0.00129135
-0.000579767
0.000232907
0.00112615
0.00207902
0.00307041
0.00407905
0.00508331
0.00606102
0.00698931
0.00784451
0.00860242
0.00923895
0.00973129
0.0100596
0.0102026
-0.00369855
-0.00354893
-0.00320121
-0.00267726
-0.00199604
-0.00117944
-0.000250761
0.000766468
0.00184898
0.0029739
0.00411857
0.0052601
0.00637484
0.00743789
0.00842278
0.00930141
0.0100446
0.0106237
0.0110124
0.0111831
-0.00483265
-0.00465506
-0.00424504
-0.00363102
-0.00283787
-0.00189317
-0.000824928
0.000339684
0.0015749
0.00285623
0.00416
0.00546257
0.00673925
0.00796345
0.00910578
0.0101336
0.0110115
0.0117022
0.0121704
0.0123784
-0.00620014
-0.00598529
-0.00549462
-0.00476638
-0.00383419
-0.00273348
-0.00149841
-0.000160353
0.00125239
0.00271418
0.00420105
0.00568952
0.00715488
0.00856957
0.00990164
0.0111136
0.0121618
0.0129979
0.0135726
0.0138324
-0.00784849
-0.00758225
-0.00698494
-0.00610983
-0.00500367
-0.0037128
-0.0022791
-0.000738734
0.000877752
0.00254447
0.00423849
0.00593798
0.00761975
0.00925689
0.010816
0.0122548
0.0135201
0.0145484
0.0152693
0.0156045
-0.00984159
-0.00950118
-0.00875891
-0.00769127
-0.00636518
-0.00484167
-0.00317228
-0.0013982
0.00044882
0.0023442
0.00426804
0.00620232
0.00812789
0.010021
0.0118493
0.0135672
0.0151112
0.0163983
0.0173262
0.0177771
-0.0122701
-0.0118143
-0.0108689
-0.00954287
-0.00793518
-0.0061261
-0.00417842
-0.00213728
-3.37163e-05
0.00211149
0.00428422
0.00647338
0.00866731
0.0108493
0.0129923
0.0150514
0.0169555
0.018598
0.0198254
0.0204747
-0.0152706
-0.0146124
-0.0133777
-0.0116959
-0.00972337
-0.00756348
-0.00528937
-0.00294739
-0.000564315
0.00184657
0.00428062
0.00673754
0.00921769
0.0117169
0.0142202
0.0166914
0.0190589
0.0211998
0.0228678
0.0238939
-0.0191298
-0.0180252
-0.0163595
-0.0141736
-0.0117257
-0.00913566
-0.00648304
-0.00380902
-0.00113003
0.00155332
0.0042504
0.00697605
0.00974799
0.0125814
0.0154831
0.0184397
0.0213956
0.0242377
0.0265596
0.0283728
-0.0237137
-0.0220919
-0.0198705
-0.0169747
-0.0139097
-0.0107984
-0.00771624
-0.00468718
-0.00170796
0.00124088
0.00418766
0.00716564
0.010215
0.0133775
0.0166941
0.0201941
0.0238687
0.0276973
0.0309176
0.0342698
-0.0323363
-0.0274953
-0.0241933
-0.0201212
-0.0162089
-0.0124672
-0.00891411
-0.00552582
-0.00226156
0.0009267
0.00409133
0.00728084
0.010567
0.0140205
0.0177305
0.0218173
0.0264151
0.0318612
0.0366797
0.0439511
-0.0383606
-0.0330818
-0.0286184
-0.0232792
-0.0184383
-0.0140202
-0.00999307
-0.00626835
-0.00275742
0.000621564
0.0039448
0.00729494
0.0107418
0.0143858
0.0183412
0.0227564
0.0276746
0.0344183
0.0388605
0.0518992
-0.0685414
-0.0389304
-0.0331817
-0.0257033
-0.0197547
-0.014861
-0.0105524
-0.00664509
-0.00300964
0.000461246
0.00386059
0.00727626
0.0108054
0.0145772
0.0187952
0.0238861
0.0302395
0.0407805
0.0511671
0.0890789
4.21041e-07
7.11875e-05
0.000236939
0.000489891
0.000823477
0.00122917
0.00169669
0.00221429
0.00276905
0.00334718
0.00393426
0.00451561
0.0050765
0.00560255
0.00608003
0.00649619
0.00683972
0.00710107
0.00727281
0.00734655
-6.90053e-05
3.03296e-06
0.000171998
0.00042975
0.000769619
0.0011829
0.00165911
0.0021863
0.00275133
0.00334019
0.00393823
0.00453054
0.00510217
0.00563846
0.0061254
0.00654998
0.00690058
0.00716742
0.00734285
0.00741811
-0.000238013
-0.000162762
1.39949e-05
0.000283568
0.00063888
0.00107076
0.00156823
0.00211878
0.00270876
0.00332361
0.0039482
0.00456704
0.00516461
0.00572566
0.00623552
0.00668049
0.00704827
0.0073284
0.0075127
0.0075917
-0.000506267
-0.00042573
-0.000236519
5.19029e-05
0.000431803
0.000893245
0.0014244
0.00201194
0.00264136
0.0032973
0.0039638
0.00462455
0.00526317
0.00586345
0.0064097
0.00688713
0.00728231
0.00758372
0.00778223
0.0078674
-0.000880895
-0.000792845
-0.000586056
-0.000271107
0.000143293
0.000646075
0.00122422
0.0018632
0.00254738
0.00326031
0.00398496
0.00470391
0.00539963
0.00605464
0.00665184
0.0071749
0.00760878
0.00794036
0.0081591
0.00825312
-0.00137191
-0.00127382
-0.00104365
-0.000693552
-0.000233636
0.000323446
0.000963045
0.00166908
0.00242447
0.00321138
0.0040115
0.00480612
0.00557628
0.00630293
0.00696716
0.00755062
0.00803603
0.00840802
0.00865401
0.00876003
-0.00199263
-0.0018815
-0.00162115
-0.00122594
-0.000707956
-8.20203e-05
0.000635062
0.00142523
0.00226961
0.00314883
0.0040431
0.00493227
0.0057958
0.0066128
0.00736218
0.00802295
0.00857489
0.00899951
0.00928124
0.00940315
-0.00276026
-0.00263241
-0.00233367
-0.00188148
-0.00129075
-0.00057929
0.00023328
0.00112643
0.00207923
0.00307057
0.00407916
0.00508338
0.00606108
0.00698935
0.00784454
0.00860244
0.00923893
0.00973119
0.0100594
0.0102022
-0.00369683
-0.00354751
-0.00320003
-0.00267629
-0.00199526
-0.00117883
-0.000250294
0.000766814
0.00184922
0.00297406
0.00411867
0.00526015
0.00637485
0.00743789
0.00842277
0.0093014
0.0100446
0.0106236
0.0110122
0.0111826
-0.00483041
-0.00465318
-0.00424347
-0.00362976
-0.00283687
-0.00189239
-0.000824356
0.000340089
0.00157516
0.00285639
0.00416006
0.00546256
0.0067392
0.00796337
0.0091057
0.0101336
0.0110114
0.0117021
0.0121702
0.0123779
-0.00619717
-0.00598278
-0.00549254
-0.00476472
-0.0038329
-0.00273252
-0.00149773
-0.000159904
0.00125265
0.00271429
0.00420103
0.00568941
0.0071547
0.00856936
0.00990143
0.0111134
0.0121616
0.0129977
0.0135723
0.0138319
-0.00784448
-0.00757885
-0.00698216
-0.00610766
-0.00500205
-0.00371164
-0.00227833
-0.000738279
0.000877958
0.00254447
0.00423833
0.00593768
0.00761935
0.00925644
0.0108156
0.0122544
0.0135198
0.0145482
0.0152691
0.015604
-0.00983607
-0.00949649
-0.00875518
-0.00768846
-0.00636319
-0.00484035
-0.00317149
-0.00139781
0.000448885
0.002344
0.00426762
0.00620172
0.00812714
0.0100202
0.0118484
0.0135664
0.0151106
0.0163979
0.0173259
0.0177768
-0.0122623
-0.0118078
-0.0108639
-0.00953932
-0.00793284
-0.0061247
-0.00417773
-0.00213711
-3.39449e-05
0.00211094
0.00428339
0.00647229
0.00866601
0.0108479
0.0129908
0.01505
0.0169544
0.0185975
0.0198252
0.0204748
-0.0152593
-0.0146033
-0.0133711
-0.0116916
-0.00972086
-0.00756226
-0.00528904
-0.00294767
-0.00056507
0.00184544
0.00427913
0.00673571
0.00921552
0.0117145
0.0142175
0.0166888
0.0190568
0.0211986
0.0228674
0.0238949
-0.0191136
-0.0180125
-0.0163513
-0.0141688
-0.0117235
-0.0091351
-0.00648351
-0.00381017
-0.00113165
0.00155131
0.00424797
0.00697314
0.00974453
0.0125774
0.0154786
0.0184351
0.0213914
0.0242351
0.0265583
0.028376
-0.0236856
-0.0220732
-0.0198608
-0.0169704
-0.0139088
-0.0107994
-0.00771825
-0.00468973
-0.00171086
0.00123762
0.00418394
0.00716124
0.0102097
0.0133712
0.0166867
0.0201861
0.0238608
0.0276921
0.0309128
0.034275
-0.032308
-0.0274739
-0.0241859
-0.0201199
-0.0162111
-0.012471
-0.00891851
-0.00553035
-0.00226618
0.000921857
0.00408605
0.00727453
0.0105592
0.0140109
0.017719
0.0218045
0.0264028
0.0318562
0.0366766
0.0439708
-0.0383039
-0.0330534
-0.0286124
-0.0232825
-0.0184457
-0.0140284
-0.0100009
-0.00627557
-0.00276425
0.0006147
0.00393731
0.00728637
0.0107312
0.0143722
0.0183234
0.0227332
0.0276437
0.0343951
0.0388217
0.0519093
-0.0684771
-0.0388785
-0.0331715
-0.0257063
-0.019763
-0.0148707
-0.0105618
-0.00665361
-0.00301759
0.00045331
0.00385198
0.00726624
0.010793
0.0145613
0.0187747
0.0238622
0.0302123
0.0407735
0.0511662
0.0891564
6.1017e-07
7.13306e-05
0.000237043
0.000489968
0.000823522
0.0012292
0.00169671
0.00221431
0.00276909
0.00334723
0.00393433
0.0045157
0.00507661
0.00560269
0.00608017
0.00649634
0.00683985
0.00710118
0.00727288
0.00734658
-6.8751e-05
3.2342e-06
0.000172153
0.000429869
0.000769703
0.00118296
0.00165916
0.00218635
0.00275138
0.00334024
0.0039383
0.00453063
0.00510227
0.00563857
0.00612551
0.00655009
0.00690067
0.00716748
0.00734288
0.00741809
-0.000237678
-0.000162485
1.42165e-05
0.000283742
0.000639013
0.00107087
0.00156831
0.00211885
0.00270882
0.00332368
0.00394827
0.00456711
0.00516469
0.00572574
0.0062356
0.00668057
0.00704832
0.00732843
0.00751268
0.00759163
-0.000505834
-0.000425362
-0.000236215
5.21487e-05
0.000431999
0.000893402
0.00142453
0.00201204
0.00264144
0.00329737
0.00396387
0.00462463
0.00526324
0.00586352
0.00640976
0.00688718
0.00728233
0.00758371
0.00778217
0.00786729
-0.000880344
-0.000792368
-0.000585653
-0.000270775
0.000143562
0.000646293
0.00122439
0.00186334
0.0025475
0.0032604
0.00398503
0.00470398
0.00539969
0.00605469
0.00665188
0.00717492
0.00760877
0.00794031
0.008159
0.00825296
-0.00137121
-0.00127321
-0.00104312
-0.000693116
-0.000233279
0.000323734
0.000963274
0.00166926
0.0024246
0.00321149
0.00401158
0.00480618
0.00557633
0.00630296
0.00696718
0.00755062
0.00803599
0.00840795
0.00865387
0.00875983
-0.00199174
-0.00188071
-0.00162048
-0.00122538
-0.000707492
-8.16479e-05
0.000635354
0.00142545
0.00226978
0.00314895
0.00404319
0.00493232
0.00579583
0.00661281
0.00736217
0.00802292
0.00857483
0.0089994
0.00928107
0.00940291
-0.00275913
-0.0026314
-0.00233279
-0.00188075
-0.00129015
-0.000578816
0.000233645
0.0011267
0.00207942
0.00307069
0.00407923
0.00508341
0.00606108
0.00698933
0.0078445
0.00860237
0.00923884
0.00973106
0.0100592
0.0102019
-0.00369536
-0.00354619
-0.00319889
-0.00267535
-0.00199449
-0.00117824
-0.000249848
0.000767131
0.00184943
0.00297418
0.00411871
0.00526014
0.0063748
0.00743781
0.00842268
0.00930129
0.0100445
0.0106234
0.011012
0.0111823
-0.00482849
-0.00465146
-0.00424199
-0.00362853
-0.0028359
-0.00189166
-0.000823823
0.000340446
0.00157537
0.00285647
0.00416005
0.00546248
0.00673906
0.0079632
0.00910551
0.0101334
0.0110112
0.0117019
0.0121699
0.0123775
-0.00619463
-0.0059805
-0.00549059
-0.00476315
-0.00383168
-0.00273163
-0.00149711
-0.000159527
0.00125283
0.00271431
0.00420092
0.0056892
0.00715441
0.00856903
0.00990109
0.0111131
0.0121613
0.0129975
0.013572
0.0138315
-0.00784108
-0.0075758
-0.00697961
-0.00610565
-0.00500054
-0.00371059
-0.00227766
-0.000737924
0.000878053
0.00254436
0.00423805
0.00593726
0.00761883
0.00925587
0.010815
0.0122538
0.0135193
0.0145478
0.0152687
0.0156036
-0.00983147
-0.00949239
-0.00875184
-0.00768591
-0.00636137
-0.00483916
-0.00317081
-0.00139755
0.000448811
0.00234366
0.00426706
0.00620098
0.00812627
0.0100192
0.0118474
0.0135655
0.0151099
0.0163973
0.0173255
0.0177764
-0.012256
-0.0118022
-0.0108596
-0.00953616
-0.00793074
-0.00612346
-0.00417717
-0.00213707
-3.43148e-05
0.00211024
0.00428241
0.00647108
0.00866459
0.0108463
0.0129892
0.0150485
0.0169531
0.0185965
0.0198246
0.0204746
-0.0152506
-0.0145959
-0.0133656
-0.0116878
-0.00971859
-0.00756114
-0.00528878
-0.00294805
-0.000565913
0.00184421
0.00427756
0.00673381
0.00921332
0.011712
0.014215
0.0166863
0.0190547
0.0211971
0.0228666
0.023895
-0.0191017
-0.0180027
-0.0163444
-0.0141645
-0.0117213
-0.00913441
-0.00648384
-0.0038112
-0.00113319
0.00154934
0.0042456
0.00697032
0.00974124
0.0125737
0.0154746
0.0184311
0.0213879
0.0242327
0.026557
0.0283768
-0.0236681
-0.02206
-0.0198526
-0.0169659
-0.0139071
-0.0107996
-0.00771955
-0.00469173
-0.00171336
0.00123469
0.00418053
0.00715723
0.010205
0.0133657
0.0166806
0.0201797
0.0238549
0.0276882
0.0309101
0.0342766
-0.0322884
-0.0274582
-0.0241775
-0.020116
-0.0162105
-0.0124725
-0.00892113
-0.0055336
-0.00226984
0.000917797
0.0040815
0.00726914
0.0105528
0.0140033
0.0177103
0.0217954
0.0263945
0.031852
0.036675
0.0439777
-0.0382745
-0.0330335
-0.0286029
-0.0232789
-0.0184464
-0.0140314
-0.010005
-0.00628019
-0.00276915
0.000609414
0.00393134
0.00727956
0.0107231
0.0143623
0.0183115
0.0227195
0.0276286
0.0343847
0.0388106
0.0519141
-0.0684426
-0.0388517
-0.0331599
-0.0257022
-0.0197638
-0.0148744
-0.0105666
-0.00665892
-0.00302315
0.000447383
0.0038454
0.00725857
0.0107838
0.0145501
0.0187615
0.0238479
0.0301986
0.0407682
0.0511657
0.0891789
7.91061e-07
7.14836e-05
0.000237164
0.000490057
0.000823591
0.00122925
0.00169675
0.00221436
0.00276913
0.00334728
0.00393439
0.00451577
0.0050767
0.00560278
0.00608026
0.00649643
0.00683993
0.00710125
0.00727292
0.0073466
-6.8531e-05
3.42617e-06
0.000172312
0.000429996
0.000769803
0.00118304
0.00165923
0.00218641
0.00275144
0.0033403
0.00393836
0.00453069
0.00510234
0.00563865
0.00612559
0.00655016
0.00690073
0.00716752
0.00734289
0.00741808
-0.000237399
-0.000162237
1.44284e-05
0.000283916
0.000639155
0.00107098
0.0015684
0.00211893
0.00270889
0.00332374
0.00394833
0.00456717
0.00516475
0.00572581
0.00623566
0.00668062
0.00704836
0.00732844
0.00751267
0.00759159
-0.000505476
-0.000425039
-0.000235935
5.23844e-05
0.000432194
0.00089356
0.00142465
0.00201214
0.00264153
0.00329745
0.00396394
0.00462468
0.0052633
0.00586357
0.0064098
0.0068872
0.00728234
0.00758369
0.00778212
0.00786721
-0.000879887
-0.00079195
-0.000585287
-0.000270464
0.000143821
0.000646503
0.00122456
0.00186347
0.0025476
0.00326049
0.0039851
0.00470403
0.00539973
0.00605472
0.0066519
0.00717493
0.00760876
0.00794027
0.00815892
0.00825285
-0.00137063
-0.00127267
-0.00104265
-0.000692711
-0.000232943
0.000324007
0.000963491
0.00166943
0.00242473
0.00321158
0.00401165
0.00480623
0.00557635
0.00630298
0.00696718
0.0075506
0.00803595
0.00840787
0.00865376
0.00875969
-0.00199099
-0.00188002
-0.00161987
-0.00122486
-0.00070706
-8.13002e-05
0.000635626
0.00142566
0.00226993
0.00314905
0.00404325
0.00493235
0.00579584
0.0066128
0.00736214
0.00802287
0.00857476
0.0089993
0.00928093
0.00940273
-0.00275817
-0.00263051
-0.00233201
-0.00188008
-0.0012896
-0.000578379
0.000233979
0.00112695
0.00207959
0.00307079
0.00407928
0.00508342
0.00606105
0.00698927
0.00784442
0.00860228
0.00923873
0.00973091
0.010059
0.0102017
-0.00369412
-0.00354504
-0.00319787
-0.00267449
-0.0019938
-0.0011777
-0.000249446
0.000767409
0.0018496
0.00297427
0.00411872
0.00526009
0.00637471
0.0074377
0.00842254
0.00930114
0.0100443
0.0106232
0.0110117
0.0111821
-0.00482687
-0.00464996
-0.00424068
-0.00362744
-0.00283503
-0.001891
-0.000823352
0.000340751
0.00157554
0.00285652
0.00416
0.00546235
0.00673888
0.00796298
0.00910528
0.0101331
0.011011
0.0117016
0.0121696
0.0123772
-0.0061925
-0.00597854
-0.00548889
-0.00476175
-0.0038306
-0.00273083
-0.00149658
-0.000159216
0.00125295
0.00271428
0.00420077
0.00568895
0.00715409
0.00856866
0.0099007
0.0111127
0.012161
0.0129971
0.0135717
0.0138312
-0.00783827
-0.00757322
-0.00697741
-0.00610388
-0.00499922
-0.00370966
-0.00227708
-0.000737644
0.00087809
0.0025442
0.00423773
0.00593681
0.00761829
0.00925526
0.0108144
0.0122532
0.0135188
0.0145473
0.0152683
0.0156032
-0.00982774
-0.009489
-0.00874901
-0.00768371
-0.00635979
-0.00483813
-0.00317025
-0.00139737
0.000448685
0.00234329
0.00426649
0.00620023
0.00812539
0.0100182
0.0118465
0.0135645
0.015109
0.0163967
0.017325
0.017776
-0.0122511
-0.0117978
-0.010856
-0.00953347
-0.00792891
-0.00612238
-0.00417669
-0.00213707
-3.469e-05
0.00210956
0.00428147
0.00646991
0.00866324
0.0108448
0.0129876
0.015047
0.0169518
0.0185955
0.0198239
0.0204741
-0.015244
-0.0145901
-0.0133611
-0.0116846
-0.00971659
-0.00756012
-0.00528852
-0.00294836
-0.000566673
0.00184308
0.00427612
0.00673207
0.00921132
0.0117098
0.0142127
0.0166841
0.0190527
0.0211957
0.0228656
0.0238946
-0.019093
-0.0179953
-0.0163389
-0.0141609
-0.0117193
-0.00913363
-0.00648397
-0.003812
-0.00113449
0.00154763
0.0042435
0.00696784
0.00973839
0.0125705
0.0154713
0.0184277
0.0213849
0.0242305
0.0265557
0.0283768
-0.0236563
-0.0220504
-0.019846
-0.016962
-0.0139053
-0.0107993
-0.00772029
-0.00469318
-0.00171534
0.00123226
0.00417765
0.00715385
0.0102011
0.0133613
0.0166759
0.020175
0.0238506
0.0276851
0.0309081
0.0342769
-0.0322749
-0.0274469
-0.0241705
-0.0201121
-0.0162092
-0.0124729
-0.00892265
-0.00553583
-0.0022726
0.000914581
0.00407781
0.00726479
0.0105477
0.0139975
0.0177039
0.0217889
0.0263887
0.0318484
0.0366732
0.0439805
-0.0382558
-0.0330194
-0.0285948
-0.0232751
-0.0184457
-0.0140327
-0.0100074
-0.00628321
-0.00277266
0.000605429
0.00392674
0.00727431
0.010717
0.0143552
0.0183034
0.0227107
0.0276194
0.0343783
0.0388042
0.0519158
-0.0684218
-0.0388344
-0.0331506
-0.0256982
-0.0197633
-0.014876
-0.0105694
-0.00666236
-0.00302707
0.000442999
0.00384043
0.00725281
0.010777
0.0145423
0.0187527
0.0238387
0.0301901
0.040764
0.051164
0.0891888
9.52991e-07
7.16311e-05
0.000237292
0.000490163
0.000823678
0.00122932
0.00169682
0.00221441
0.00276918
0.00334733
0.00393445
0.00451583
0.00507675
0.00560284
0.00608032
0.00649648
0.00683998
0.00710128
0.00727294
0.00734661
-6.83445e-05
3.59747e-06
0.000172461
0.000430123
0.000769907
0.00118313
0.0016593
0.00218647
0.0027515
0.00334035
0.00393842
0.00453075
0.00510239
0.0056387
0.00612564
0.0065502
0.00690077
0.00716754
0.0073429
0.00741807
-0.000237169
-0.000162024
1.46168e-05
0.000284077
0.00063929
0.0010711
0.0015685
0.00211901
0.00270896
0.0033238
0.00394838
0.00456722
0.0051648
0.00572585
0.0062357
0.00668065
0.00704838
0.00732844
0.00751265
0.00759157
-0.000505185
-0.000424768
-0.000235692
5.25934e-05
0.000432369
0.000893706
0.00142477
0.00201224
0.00264161
0.00329751
0.00396399
0.00462473
0.00526334
0.0058636
0.00640982
0.00688722
0.00728234
0.00758367
0.00778209
0.00786716
-0.000879515
-0.000791603
-0.000584975
-0.000270194
0.000144049
0.000646691
0.00122471
0.00186359
0.0025477
0.00326056
0.00398515
0.00470407
0.00539976
0.00605474
0.00665191
0.00717492
0.00760873
0.00794023
0.00815886
0.00825278
-0.00137016
-0.00127222
-0.00104225
-0.000692363
-0.00023265
0.000324247
0.000963681
0.00166958
0.00242484
0.00321166
0.0040117
0.00480626
0.00557637
0.00630297
0.00696717
0.00755057
0.0080359
0.00840781
0.00865368
0.00875959
-0.00199038
-0.00187945
-0.00161935
-0.00122441
-0.000706687
-8.09988e-05
0.00063586
0.00142583
0.00227005
0.00314913
0.00404329
0.00493237
0.00579583
0.00661277
0.0073621
0.00802281
0.00857468
0.0089992
0.00928082
0.0094026
-0.00275738
-0.00262977
-0.00233134
-0.00187951
-0.00128913
-0.000578004
0.000234264
0.00112715
0.00207972
0.00307086
0.0040793
0.0050834
0.006061
0.00698921
0.00784434
0.00860218
0.00923861
0.00973078
0.0100588
0.0102015
-0.0036931
-0.00354409
-0.00319702
-0.00267376
-0.00199321
-0.00117723
-0.000249108
0.000767639
0.00184974
0.00297432
0.00411871
0.00526003
0.00637462
0.00743757
0.00842239
0.00930098
0.0100441
0.010623
0.0110116
0.0111819
-0.00482556
-0.00464873
-0.00423959
-0.00362652
-0.00283429
-0.00189044
-0.000822959
0.000340998
0.00157566
0.00285654
0.00415993
0.00546222
0.00673869
0.00796276
0.00910504
0.0101329
0.0110107
0.0117014
0.0121694
0.012377
-0.0061908
-0.00597695
-0.00548749
-0.00476059
-0.00382969
-0.00273017
-0.00149614
-0.000158968
0.00125304
0.00271422
0.0042006
0.00568869
0.00715377
0.0085683
0.00990033
0.0111123
0.0121606
0.0129968
0.0135714
0.0138308
-0.00783604
-0.00757116
-0.00697562
-0.00610244
-0.00499812
-0.0037089
-0.00227661
-0.000737425
0.000878097
0.00254403
0.00423741
0.00593638
0.00761778
0.00925469
0.0108138
0.0122527
0.0135183
0.0145468
0.0152678
0.0156028
-0.00982484
-0.00948633
-0.00874674
-0.00768192
-0.00635849
-0.00483727
-0.00316978
-0.00139722
0.000448564
0.00234295
0.00426596
0.00619956
0.0081246
0.0100174
0.0118456
0.0135637
0.0151083
0.016396
0.0173244
0.0177755
-0.0122473
-0.0117944
-0.0108531
-0.0095313
-0.00792742
-0.00612148
-0.00417628
-0.00213706
-3.50176e-05
0.00210896
0.00428064
0.0064689
0.00866208
0.0108436
0.0129863
0.0150458
0.0169507
0.0185946
0.0198232
0.0204736
-0.0152391
-0.0145857
-0.0133576
-0.0116821
-0.00971493
-0.00755923
-0.00528825
-0.00294859
-0.000567293
0.00184214
0.0042749
0.00673061
0.00920965
0.011708
0.0142108
0.0166823
0.0190511
0.0211944
0.0228647
0.023894
-0.0190868
-0.0179898
-0.0163347
-0.014158
-0.0117176
-0.00913285
-0.00648395
-0.00381255
-0.00113549
0.00154625
0.00424179
0.00696582
0.00973609
0.012568
0.0154686
0.0184252
0.0213827
0.0242288
0.0265545
0.0283762
-0.0236483
-0.0220437
-0.019841
-0.0169588
-0.0139036
-0.0107987
-0.0077206
-0.00469416
-0.00171681
0.00123037
0.00417539
0.0071512
0.0101981
0.013358
0.0166723
0.0201715
0.0238475
0.0276827
0.0309065
0.0342764
-0.0322657
-0.0274389
-0.0241649
-0.0201087
-0.0162076
-0.0124727
-0.0089234
-0.00553728
-0.00227457
0.00091217
0.00407498
0.00726148
0.0105439
0.0139933
0.0176994
0.0217844
0.0263848
0.0318457
0.0366716
0.0439809
-0.0382442
-0.0330098
-0.0285884
-0.0232714
-0.0184443
-0.0140327
-0.0100085
-0.0062851
-0.00277508
0.000602534
0.00392334
0.00727042
0.0107125
0.0143501
0.0182978
0.0227049
0.027614
0.0343743
0.0388011
0.0519159
-0.0684089
-0.0388236
-0.0331436
-0.0256943
-0.0197619
-0.0148762
-0.0105708
-0.00666449
-0.00302974
0.000439858
0.0038368
0.00724862
0.0107722
0.0145368
0.0187467
0.0238327
0.0301848
0.0407608
0.0511623
0.0891915
1.08441e-06
7.17541e-05
0.000237402
0.000490258
0.000823758
0.00122939
0.00169687
0.00221446
0.00276923
0.00334737
0.00393449
0.00451587
0.00507679
0.00560287
0.00608036
0.00649651
0.00684
0.0071013
0.00727295
0.00734661
-6.81969e-05
3.73614e-06
0.000172586
0.000430231
0.000769999
0.00118321
0.00165937
0.00218653
0.00275154
0.0033404
0.00393846
0.00453079
0.00510243
0.00563873
0.00612567
0.00655023
0.00690079
0.00716755
0.0073429
0.00741807
-0.00023699
-0.000161855
1.47689e-05
0.00028421
0.000639403
0.00107119
0.00156858
0.00211907
0.00270901
0.00332385
0.00394842
0.00456726
0.00516483
0.00572588
0.00623572
0.00668066
0.00704839
0.00732844
0.00751264
0.00759155
-0.000504962
-0.000424556
-0.0002355
5.27618e-05
0.000432513
0.000893825
0.00142487
0.00201232
0.00264167
0.00329756
0.00396403
0.00462476
0.00526336
0.00586362
0.00640984
0.00688722
0.00728234
0.00758366
0.00778206
0.00786713
-0.000879232
-0.000791333
-0.000584729
-0.000269978
0.000144232
0.000646843
0.00122483
0.00186369
0.00254777
0.00326062
0.00398519
0.0047041
0.00539978
0.00605475
0.00665191
0.00717491
0.00760871
0.00794019
0.00815882
0.00825272
-0.00136979
-0.00127188
-0.00104194
-0.000692088
-0.000232416
0.000324438
0.000963833
0.00166969
0.00242493
0.00321172
0.00401174
0.00480628
0.00557637
0.00630297
0.00696715
0.00755054
0.00803586
0.00840775
0.00865361
0.00875951
-0.00198992
-0.00187901
-0.00161895
-0.00122406
-0.000706392
-8.076e-05
0.000636046
0.00142597
0.00227014
0.00314919
0.00404332
0.00493237
0.00579581
0.00661274
0.00736205
0.00802276
0.00857461
0.00899912
0.00928073
0.0094025
-0.00275679
-0.00262921
-0.00233083
-0.00187906
-0.00128876
-0.000577709
0.000234487
0.00112731
0.00207982
0.00307092
0.00407931
0.00508338
0.00606096
0.00698914
0.00784426
0.00860209
0.00923851
0.00973067
0.0100587
0.0102014
-0.00369233
-0.00354336
-0.00319637
-0.0026732
-0.00199274
-0.00117687
-0.000248844
0.000767816
0.00184984
0.00297436
0.0041187
0.00525997
0.00637452
0.00743745
0.00842226
0.00930084
0.010044
0.0106229
0.0110114
0.0111817
-0.00482457
-0.00464779
-0.00423875
-0.00362581
-0.00283372
-0.00189001
-0.000822656
0.000341186
0.00157575
0.00285654
0.00415987
0.00546209
0.00673853
0.00796257
0.00910483
0.0101327
0.0110105
0.0117012
0.0121692
0.0123768
-0.00618952
-0.00597574
-0.00548643
-0.00475971
-0.003829
-0.00272966
-0.0014958
-0.000158783
0.00125309
0.00271417
0.00420046
0.00568848
0.0071535
0.008568
0.00990001
0.011112
0.0121603
0.0129965
0.0135711
0.0138306
-0.00783439
-0.00756962
-0.00697428
-0.00610134
-0.00499728
-0.00370831
-0.00227625
-0.000737264
0.000878091
0.00254388
0.00423715
0.00593603
0.00761736
0.00925423
0.0108133
0.0122522
0.0135178
0.0145464
0.0152675
0.0156024
-0.00982272
-0.00948437
-0.00874505
-0.00768058
-0.0063575
-0.00483662
-0.00316942
-0.00139712
0.000448459
0.00234267
0.00426553
0.00619902
0.00812397
0.0100167
0.0118449
0.013563
0.0151076
0.0163955
0.0173239
0.0177751
-0.0122446
-0.0117919
-0.010851
-0.00952969
-0.00792628
-0.00612078
-0.00417596
-0.00213706
-3.52719e-05
0.00210849
0.00427999
0.0064681
0.00866116
0.0108426
0.0129853
0.0150448
0.0169498
0.0185939
0.0198226
0.020473
-0.0152357
-0.0145826
-0.013355
-0.0116802
-0.00971366
-0.00755852
-0.00528801
-0.00294873
-0.000567752
0.00184143
0.00427396
0.00672949
0.00920838
0.0117066
0.0142094
0.0166809
0.0190499
0.0211934
0.0228639
0.0238934
-0.0190826
-0.017986
-0.0163316
-0.0141558
-0.0117162
-0.00913219
-0.00648386
-0.00381291
-0.00113621
0.00154523
0.00424051
0.00696431
0.00973438
0.0125661
0.0154667
0.0184233
0.021381
0.0242275
0.0265535
0.0283756
-0.023643
-0.022039
-0.0198374
-0.0169563
-0.0139022
-0.0107982
-0.00772072
-0.00469478
-0.00171784
0.00122901
0.00417373
0.00714926
0.0101959
0.0133556
0.0166698
0.020169
0.0238453
0.027681
0.0309052
0.0342758
-0.0322597
-0.0274336
-0.0241609
-0.0201061
-0.0162062
-0.0124723
-0.00892374
-0.00553818
-0.0022759
0.000910473
0.00407296
0.00725912
0.0105413
0.0139903
0.0176963
0.0217814
0.0263821
0.0318438
0.0366703
0.0439806
-0.0382369
-0.0330036
-0.0285839
-0.0232686
-0.0184429
-0.0140325
-0.0100091
-0.00628624
-0.00277669
0.00060054
0.00392096
0.0072677
0.0107094
0.0143467
0.0182942
0.0227013
0.0276106
0.0343717
0.0387991
0.0519154
-0.068401
-0.0388167
-0.0331388
-0.0256913
-0.0197605
-0.014876
-0.0105714
-0.00666577
-0.00303148
0.000437713
0.00383428
0.0072457
0.0107689
0.0145332
0.0187429
0.0238289
0.0301814
0.0407585
0.0511608
0.0891919
1.17682e-06
7.18417e-05
0.000237481
0.000490328
0.000823818
0.00122944
0.00169692
0.00221449
0.00276926
0.0033474
0.00393451
0.00451589
0.00507682
0.0056029
0.00608038
0.00649653
0.00684002
0.00710131
0.00727296
0.00734661
-6.80944e-05
3.8335e-06
0.000172675
0.000430309
0.000770066
0.00118326
0.00165941
0.00218657
0.00275158
0.00334043
0.00393848
0.00453081
0.00510245
0.00563876
0.00612569
0.00655025
0.0069008
0.00716756
0.0073429
0.00741807
-0.000236868
-0.000161739
1.48754e-05
0.000284304
0.000639484
0.00107126
0.00156863
0.00211912
0.00270905
0.00332388
0.00394845
0.00456728
0.00516485
0.0057259
0.00623574
0.00668067
0.00704839
0.00732844
0.00751264
0.00759154
-0.00050481
-0.000424411
-0.000235367
5.28796e-05
0.000432614
0.00089391
0.00142494
0.00201238
0.00264172
0.0032976
0.00396406
0.00462478
0.00526338
0.00586363
0.00640984
0.00688722
0.00728233
0.00758365
0.00778205
0.00786711
-0.000879039
-0.000791149
-0.000584561
-0.000269829
0.00014436
0.000646949
0.00122492
0.00186376
0.00254782
0.00326065
0.00398522
0.00470412
0.00539979
0.00605475
0.0066519
0.0071749
0.0076087
0.00794017
0.00815879
0.00825269
-0.00136955
-0.00127164
-0.00104172
-0.000691898
-0.000232255
0.000324571
0.000963939
0.00166977
0.00242498
0.00321176
0.00401176
0.00480629
0.00557637
0.00630296
0.00696713
0.00755052
0.00803583
0.00840771
0.00865357
0.00875947
-0.0019896
-0.00187871
-0.00161867
-0.00122382
-0.000706188
-8.05949e-05
0.000636174
0.00142606
0.00227021
0.00314923
0.00404334
0.00493237
0.0057958
0.00661272
0.00736202
0.00802271
0.00857456
0.00899907
0.00928066
0.00940244
-0.00275638
-0.00262882
-0.00233048
-0.00187876
-0.0012885
-0.000577506
0.00023464
0.00112742
0.00207989
0.00307095
0.00407932
0.00508336
0.00606092
0.00698909
0.0078442
0.00860203
0.00923843
0.00973059
0.0100586
0.0102013
-0.00369182
-0.00354287
-0.00319592
-0.00267282
-0.00199243
-0.00117663
-0.000248664
0.000767935
0.00184991
0.00297438
0.00411868
0.00525992
0.00637445
0.00743737
0.00842216
0.00930073
0.0100439
0.0106228
0.0110113
0.0111816
-0.0048239
-0.00464716
-0.00423818
-0.00362533
-0.00283333
-0.00188971
-0.00082245
0.000341311
0.0015758
0.00285653
0.00415981
0.005462
0.00673841
0.00796243
0.00910468
0.0101325
0.0110103
0.011701
0.012169
0.0123766
-0.00618866
-0.00597494
-0.00548572
-0.00475911
-0.00382852
-0.00272932
-0.00149557
-0.000158659
0.00125313
0.00271412
0.00420035
0.00568832
0.00715331
0.00856778
0.00989978
0.0111117
0.0121601
0.0129963
0.0135709
0.0138304
-0.00783331
-0.0075686
-0.00697338
-0.0061006
-0.00499671
-0.00370791
-0.00227601
-0.000737157
0.000878082
0.00254378
0.00423697
0.00593578
0.00761706
0.0092539
0.010813
0.0122519
0.0135175
0.0145461
0.0152672
0.0156022
-0.00982134
-0.00948308
-0.00874394
-0.00767968
-0.00635683
-0.00483617
-0.00316918
-0.00139705
0.000448384
0.00234247
0.00426524
0.00619864
0.00812353
0.0100162
0.0118444
0.0135625
0.0151072
0.0163951
0.0173236
0.0177748
-0.0122429
-0.0117903
-0.0108497
-0.00952861
-0.00792551
-0.0061203
-0.00417574
-0.00213705
-3.54427e-05
0.00210817
0.00427955
0.00646756
0.00866054
0.0108419
0.0129846
0.0150442
0.0169492
0.0185934
0.0198222
0.0204727
-0.0152335
-0.0145806
-0.0133533
-0.0116789
-0.0097128
-0.00755803
-0.00528784
-0.00294882
-0.000568052
0.00184095
0.00427334
0.00672874
0.00920753
0.0117057
0.0142084
0.01668
0.0190491
0.0211927
0.0228634
0.023893
-0.0190799
-0.0179836
-0.0163296
-0.0141543
-0.0117153
-0.00913171
-0.00648376
-0.00381312
-0.00113667
0.00154457
0.00423967
0.00696332
0.00973326
0.0125649
0.0154655
0.0184221
0.0213799
0.0242266
0.0265528
0.0283751
-0.0236398
-0.0220362
-0.0198351
-0.0169547
-0.0139012
-0.0107977
-0.00772072
-0.00469514
-0.00171848
0.00122814
0.00417266
0.007148
0.0101945
0.013354
0.0166683
0.0201675
0.023844
0.0276799
0.0309044
0.0342752
-0.032256
-0.0274303
-0.0241584
-0.0201043
-0.0162052
-0.0124719
-0.00892386
-0.00553869
-0.00227672
0.000909401
0.00407167
0.00725761
0.0105396
0.0139885
0.0176944
0.0217795
0.0263804
0.0318425
0.0366694
0.0439801
-0.0382326
-0.0329998
-0.0285811
-0.0232667
-0.0184419
-0.0140322
-0.0100093
-0.00628689
-0.00277766
0.000599296
0.00391946
0.00726598
0.0107075
0.0143446
0.018292
0.0226991
0.0276086
0.0343702
0.0387979
0.0519148
-0.0683964
-0.0388126
-0.0331357
-0.0256893
-0.0197594
-0.0148757
-0.0105717
-0.00666649
-0.00303253
0.000436383
0.0038327
0.00724387
0.0107669
0.0145309
0.0187405
0.0238266
0.0301794
0.040757
0.0511598
0.0891917
1.22445e-06
7.18871e-05
0.000237523
0.000490365
0.00082385
0.00122947
0.00169694
0.00221451
0.00276928
0.00334742
0.00393453
0.0045159
0.00507683
0.00560291
0.00608039
0.00649654
0.00684002
0.00710131
0.00727296
0.00734661
-6.80419e-05
3.88362e-06
0.000172721
0.000430349
0.000770102
0.00118329
0.00165944
0.00218659
0.0027516
0.00334044
0.0039385
0.00453082
0.00510247
0.00563877
0.0061257
0.00655025
0.0069008
0.00716756
0.0073429
0.00741806
-0.000236806
-0.000161679
1.49302e-05
0.000284353
0.000639526
0.00107129
0.00156866
0.00211914
0.00270907
0.0033239
0.00394847
0.0045673
0.00516486
0.0057259
0.00623574
0.00668068
0.00704839
0.00732844
0.00751263
0.00759153
-0.000504733
-0.000424337
-0.000235299
5.29401e-05
0.000432666
0.000893954
0.00142498
0.00201241
0.00264174
0.00329762
0.00396407
0.00462479
0.00526339
0.00586364
0.00640985
0.00688722
0.00728233
0.00758364
0.00778204
0.0078671
-0.000878941
-0.000791056
-0.000584475
-0.000269753
0.000144426
0.000647004
0.00122496
0.00186379
0.00254785
0.00326067
0.00398523
0.00470413
0.00539979
0.00605475
0.0066519
0.0071749
0.00760869
0.00794016
0.00815877
0.00825267
-0.00136942
-0.00127153
-0.00104161
-0.000691801
-0.000232172
0.000324639
0.000963993
0.00166982
0.00242501
0.00321178
0.00401177
0.00480629
0.00557637
0.00630295
0.00696712
0.0075505
0.00803582
0.00840769
0.00865355
0.00875944
-0.00198945
-0.00187856
-0.00161854
-0.0012237
-0.000706085
-8.05108e-05
0.00063624
0.00142611
0.00227024
0.00314924
0.00404334
0.00493237
0.00579579
0.0066127
0.007362
0.00802269
0.00857454
0.00899904
0.00928063
0.0094024
-0.00275618
-0.00262863
-0.0023303
-0.0018786
-0.00128837
-0.000577403
0.000234718
0.00112747
0.00207992
0.00307097
0.00407932
0.00508335
0.0060609
0.00698907
0.00784417
0.00860199
0.0092384
0.00973055
0.0100586
0.0102012
-0.00369156
-0.00354262
-0.0031957
-0.00267262
-0.00199227
-0.0011765
-0.000248573
0.000767995
0.00184994
0.00297439
0.00411867
0.0052599
0.00637442
0.00743732
0.00842211
0.00930068
0.0100438
0.0106227
0.0110112
0.0111815
-0.00482357
-0.00464684
-0.0042379
-0.00362509
-0.00283314
-0.00188956
-0.000822346
0.000341375
0.00157583
0.00285653
0.00415978
0.00546195
0.00673835
0.00796236
0.0091046
0.0101324
0.0110103
0.0117009
0.012169
0.0123765
-0.00618824
-0.00597454
-0.00548536
-0.00475881
-0.00382829
-0.00272914
-0.00149546
-0.000158597
0.00125314
0.0027141
0.00420029
0.00568824
0.00715321
0.00856767
0.00989966
0.0111116
0.01216
0.0129962
0.0135708
0.0138303
-0.00783277
-0.00756809
-0.00697294
-0.00610023
-0.00499643
-0.00370771
-0.00227589
-0.000737103
0.000878077
0.00254372
0.00423687
0.00593565
0.00761691
0.00925374
0.0108128
0.0122517
0.0135173
0.014546
0.0152671
0.015602
-0.00982066
-0.00948244
-0.00874339
-0.00767923
-0.0063565
-0.00483595
-0.00316905
-0.00139701
0.000448346
0.00234237
0.00426509
0.00619845
0.00812331
0.010016
0.0118441
0.0135623
0.015107
0.0163949
0.0173234
0.0177746
-0.012242
-0.0117895
-0.010849
-0.00952808
-0.00792513
-0.00612006
-0.00417562
-0.00213705
-3.55279e-05
0.00210801
0.00427933
0.00646728
0.00866023
0.0108416
0.0129843
0.0150438
0.0169489
0.0185931
0.0198219
0.0204725
-0.0152325
-0.0145796
-0.0133525
-0.0116783
-0.00971237
-0.00755778
-0.00528774
-0.00294886
-0.000568199
0.00184071
0.00427302
0.00672836
0.0092071
0.0117053
0.014208
0.0166796
0.0190487
0.0211923
0.0228631
0.0238927
-0.0190787
-0.0179824
-0.0163287
-0.0141536
-0.0117148
-0.00913146
-0.0064837
-0.00381322
-0.0011369
0.00154424
0.00423925
0.00696282
0.00973271
0.0125643
0.0154649
0.0184215
0.0213794
0.0242261
0.0265525
0.0283748
-0.0236383
-0.0220348
-0.019834
-0.0169539
-0.0139007
-0.0107975
-0.00772071
-0.0046953
-0.00171878
0.00122772
0.00417213
0.00714738
0.0101938
0.0133533
0.0166675
0.0201668
0.0238433
0.0276794
0.030904
0.0342749
-0.0322542
-0.0274287
-0.0241571
-0.0201035
-0.0162047
-0.0124717
-0.0089239
-0.00553892
-0.00227711
0.000908884
0.00407105
0.00725687
0.0105387
0.0139876
0.0176934
0.0217786
0.0263797
0.0318418
0.036669
0.0439798
-0.0382306
-0.032998
-0.0285797
-0.0232657
-0.0184413
-0.014032
-0.0100094
-0.00628717
-0.00277811
0.0005987
0.00391874
0.00726515
0.0107066
0.0143436
0.018291
0.0226981
0.0276077
0.0343694
0.0387973
0.0519145
-0.0683942
-0.0388107
-0.0331343
-0.0256884
-0.0197589
-0.0148755
-0.0105718
-0.0066668
-0.00303303
0.000435746
0.00383193
0.00724299
0.0107659
0.0145299
0.0187394
0.0238255
0.0301784
0.0407563
0.0511592
0.0891914
1.22435e-06
7.1887e-05
0.000237523
0.000490364
0.00082385
0.00122947
0.00169694
0.00221451
0.00276928
0.00334742
0.00393453
0.0045159
0.00507683
0.00560291
0.00608039
0.00649654
0.00684002
0.00710131
0.00727296
0.00734661
-6.8042e-05
3.88352e-06
0.000172721
0.000430349
0.000770101
0.00118329
0.00165944
0.00218659
0.0027516
0.00334044
0.0039385
0.00453082
0.00510247
0.00563877
0.0061257
0.00655025
0.0069008
0.00716756
0.0073429
0.00741806
-0.000236806
-0.000161679
1.49301e-05
0.000284353
0.000639526
0.00107129
0.00156866
0.00211914
0.00270907
0.0033239
0.00394847
0.0045673
0.00516486
0.0057259
0.00623574
0.00668068
0.00704839
0.00732844
0.00751263
0.00759153
-0.000504733
-0.000424337
-0.000235299
5.294e-05
0.000432666
0.000893954
0.00142498
0.00201241
0.00264174
0.00329762
0.00396407
0.00462479
0.00526339
0.00586364
0.00640985
0.00688722
0.00728233
0.00758364
0.00778204
0.0078671
-0.000878942
-0.000791056
-0.000584475
-0.000269753
0.000144425
0.000647004
0.00122496
0.00186379
0.00254785
0.00326067
0.00398523
0.00470413
0.00539979
0.00605475
0.0066519
0.0071749
0.00760869
0.00794016
0.00815877
0.00825267
-0.00136942
-0.00127153
-0.00104161
-0.000691801
-0.000232172
0.000324639
0.000963993
0.00166982
0.00242501
0.00321178
0.00401177
0.00480629
0.00557637
0.00630295
0.00696712
0.0075505
0.00803582
0.00840769
0.00865355
0.00875944
-0.00198945
-0.00187856
-0.00161854
-0.0012237
-0.000706085
-8.05108e-05
0.00063624
0.00142611
0.00227024
0.00314924
0.00404334
0.00493237
0.00579579
0.0066127
0.007362
0.00802269
0.00857454
0.00899904
0.00928063
0.0094024
-0.00275618
-0.00262863
-0.0023303
-0.0018786
-0.00128837
-0.000577403
0.000234718
0.00112747
0.00207992
0.00307097
0.00407932
0.00508335
0.0060609
0.00698907
0.00784417
0.00860199
0.0092384
0.00973055
0.0100586
0.0102012
-0.00369156
-0.00354262
-0.0031957
-0.00267262
-0.00199227
-0.0011765
-0.000248573
0.000767995
0.00184994
0.00297439
0.00411867
0.0052599
0.00637441
0.00743732
0.00842211
0.00930068
0.0100438
0.0106227
0.0110112
0.0111815
-0.00482357
-0.00464684
-0.0042379
-0.00362509
-0.00283314
-0.00188956
-0.000822346
0.000341375
0.00157583
0.00285653
0.00415978
0.00546195
0.00673835
0.00796236
0.0091046
0.0101324
0.0110103
0.0117009
0.012169
0.0123765
-0.00618824
-0.00597454
-0.00548536
-0.00475881
-0.00382829
-0.00272914
-0.00149546
-0.000158597
0.00125314
0.0027141
0.00420029
0.00568824
0.00715321
0.00856767
0.00989966
0.0111116
0.01216
0.0129962
0.0135708
0.0138303
-0.00783277
-0.00756809
-0.00697294
-0.00610023
-0.00499643
-0.00370771
-0.00227589
-0.000737103
0.000878077
0.00254372
0.00423687
0.00593565
0.00761691
0.00925374
0.0108128
0.0122517
0.0135173
0.014546
0.0152671
0.015602
-0.00982066
-0.00948244
-0.00874339
-0.00767923
-0.0063565
-0.00483595
-0.00316905
-0.00139701
0.000448346
0.00234237
0.00426509
0.00619845
0.00812331
0.010016
0.0118441
0.0135623
0.015107
0.0163949
0.0173234
0.0177746
-0.012242
-0.0117895
-0.010849
-0.00952808
-0.00792513
-0.00612006
-0.00417562
-0.00213705
-3.55279e-05
0.00210801
0.00427933
0.00646728
0.00866023
0.0108416
0.0129843
0.0150438
0.0169489
0.0185931
0.0198219
0.0204725
-0.0152325
-0.0145796
-0.0133525
-0.0116783
-0.00971237
-0.00755778
-0.00528774
-0.00294886
-0.000568199
0.00184071
0.00427302
0.00672836
0.0092071
0.0117053
0.014208
0.0166796
0.0190487
0.0211923
0.0228631
0.0238927
-0.0190787
-0.0179824
-0.0163287
-0.0141536
-0.0117148
-0.00913146
-0.0064837
-0.00381322
-0.0011369
0.00154424
0.00423925
0.00696282
0.00973271
0.0125643
0.0154649
0.0184215
0.0213794
0.0242261
0.0265525
0.0283748
-0.0236383
-0.0220348
-0.019834
-0.0169539
-0.0139007
-0.0107975
-0.00772071
-0.0046953
-0.00171878
0.00122772
0.00417213
0.00714738
0.0101938
0.0133533
0.0166675
0.0201668
0.0238433
0.0276794
0.030904
0.0342749
-0.0322542
-0.0274287
-0.0241571
-0.0201035
-0.0162047
-0.0124717
-0.0089239
-0.00553892
-0.00227711
0.000908884
0.00407105
0.00725687
0.0105387
0.0139876
0.0176934
0.0217786
0.0263797
0.0318418
0.036669
0.0439798
-0.0382306
-0.032998
-0.0285797
-0.0232657
-0.0184413
-0.014032
-0.0100094
-0.00628717
-0.00277811
0.0005987
0.00391874
0.00726515
0.0107066
0.0143436
0.018291
0.0226981
0.0276077
0.0343694
0.0387973
0.0519145
-0.0683942
-0.0388107
-0.0331343
-0.0256884
-0.0197589
-0.0148755
-0.0105718
-0.0066668
-0.00303303
0.000435746
0.00383193
0.00724299
0.0107659
0.0145299
0.0187394
0.0238255
0.0301784
0.0407563
0.0511592
0.0891914
1.17653e-06
7.18414e-05
0.000237481
0.000490327
0.000823818
0.00122944
0.00169692
0.00221449
0.00276926
0.0033474
0.00393451
0.00451589
0.00507682
0.0056029
0.00608038
0.00649653
0.00684002
0.00710131
0.00727296
0.00734661
-6.80947e-05
3.83321e-06
0.000172674
0.000430308
0.000770066
0.00118326
0.00165941
0.00218657
0.00275158
0.00334043
0.00393848
0.00453081
0.00510245
0.00563876
0.00612569
0.00655025
0.0069008
0.00716756
0.0073429
0.00741807
-0.000236868
-0.000161739
1.48752e-05
0.000284304
0.000639483
0.00107126
0.00156863
0.00211912
0.00270905
0.00332388
0.00394845
0.00456728
0.00516485
0.0057259
0.00623574
0.00668067
0.00704839
0.00732844
0.00751264
0.00759154
-0.00050481
-0.000424411
-0.000235367
5.28793e-05
0.000432614
0.00089391
0.00142494
0.00201238
0.00264172
0.0032976
0.00396406
0.00462478
0.00526338
0.00586363
0.00640984
0.00688722
0.00728233
0.00758365
0.00778205
0.00786711
-0.000879039
-0.000791149
-0.000584561
-0.000269829
0.00014436
0.000646949
0.00122492
0.00186376
0.00254782
0.00326065
0.00398522
0.00470412
0.00539979
0.00605475
0.0066519
0.0071749
0.0076087
0.00794017
0.00815879
0.00825269
-0.00136955
-0.00127164
-0.00104172
-0.000691898
-0.000232255
0.000324571
0.000963939
0.00166977
0.00242498
0.00321176
0.00401176
0.00480629
0.00557637
0.00630296
0.00696713
0.00755052
0.00803583
0.00840771
0.00865357
0.00875947
-0.0019896
-0.00187871
-0.00161868
-0.00122382
-0.000706188
-8.05951e-05
0.000636174
0.00142606
0.00227021
0.00314923
0.00404334
0.00493237
0.0057958
0.00661272
0.00736202
0.00802271
0.00857456
0.00899907
0.00928066
0.00940244
-0.00275638
-0.00262882
-0.00233048
-0.00187876
-0.0012885
-0.000577507
0.00023464
0.00112742
0.00207989
0.00307095
0.00407932
0.00508336
0.00606092
0.00698909
0.0078442
0.00860203
0.00923844
0.00973059
0.0100586
0.0102013
-0.00369182
-0.00354287
-0.00319592
-0.00267282
-0.00199243
-0.00117663
-0.000248664
0.000767935
0.00184991
0.00297438
0.00411868
0.00525992
0.00637445
0.00743737
0.00842216
0.00930073
0.0100439
0.0106228
0.0110113
0.0111816
-0.0048239
-0.00464716
-0.00423819
-0.00362533
-0.00283333
-0.00188971
-0.00082245
0.000341312
0.0015758
0.00285653
0.00415981
0.005462
0.00673841
0.00796243
0.00910468
0.0101325
0.0110103
0.011701
0.012169
0.0123766
-0.00618866
-0.00597494
-0.00548572
-0.00475911
-0.00382852
-0.00272932
-0.00149557
-0.000158659
0.00125313
0.00271412
0.00420035
0.00568832
0.00715331
0.00856778
0.00989978
0.0111117
0.0121601
0.0129963
0.0135709
0.0138304
-0.00783331
-0.0075686
-0.00697338
-0.0061006
-0.00499671
-0.00370791
-0.00227601
-0.000737157
0.000878082
0.00254378
0.00423697
0.00593578
0.00761706
0.0092539
0.010813
0.0122519
0.0135175
0.0145461
0.0152672
0.0156022
-0.00982134
-0.00948308
-0.00874394
-0.00767968
-0.00635683
-0.00483617
-0.00316918
-0.00139705
0.000448384
0.00234247
0.00426524
0.00619864
0.00812353
0.0100162
0.0118444
0.0135625
0.0151072
0.0163951
0.0173236
0.0177748
-0.0122429
-0.0117903
-0.0108497
-0.00952861
-0.00792551
-0.0061203
-0.00417574
-0.00213705
-3.54429e-05
0.00210817
0.00427955
0.00646756
0.00866054
0.0108419
0.0129846
0.0150442
0.0169492
0.0185934
0.0198222
0.0204727
-0.0152335
-0.0145806
-0.0133533
-0.0116789
-0.0097128
-0.00755803
-0.00528784
-0.00294882
-0.000568052
0.00184095
0.00427334
0.00672874
0.00920753
0.0117057
0.0142084
0.01668
0.0190491
0.0211927
0.0228634
0.023893
-0.0190799
-0.0179836
-0.0163296
-0.0141543
-0.0117153
-0.00913171
-0.00648376
-0.00381312
-0.00113667
0.00154457
0.00423967
0.00696332
0.00973326
0.0125649
0.0154655
0.0184221
0.0213799
0.0242266
0.0265528
0.0283751
-0.0236398
-0.0220362
-0.0198351
-0.0169547
-0.0139012
-0.0107977
-0.00772072
-0.00469514
-0.00171848
0.00122814
0.00417266
0.007148
0.0101945
0.013354
0.0166683
0.0201675
0.023844
0.0276799
0.0309044
0.0342752
-0.032256
-0.0274303
-0.0241584
-0.0201043
-0.0162052
-0.0124719
-0.00892386
-0.00553869
-0.00227672
0.000909401
0.00407167
0.00725761
0.0105396
0.0139885
0.0176944
0.0217795
0.0263804
0.0318425
0.0366694
0.0439801
-0.0382326
-0.0329998
-0.0285811
-0.0232667
-0.0184419
-0.0140322
-0.0100093
-0.00628689
-0.00277766
0.000599296
0.00391946
0.00726598
0.0107075
0.0143446
0.018292
0.0226991
0.0276086
0.0343702
0.0387979
0.0519148
-0.0683964
-0.0388126
-0.0331357
-0.0256893
-0.0197594
-0.0148757
-0.0105717
-0.00666649
-0.00303253
0.000436383
0.0038327
0.00724387
0.0107669
0.0145309
0.0187405
0.0238266
0.0301794
0.040757
0.0511598
0.0891917
1.08391e-06
7.17536e-05
0.000237401
0.000490257
0.000823758
0.00122939
0.00169687
0.00221446
0.00276923
0.00334737
0.00393449
0.00451587
0.00507679
0.00560287
0.00608036
0.00649651
0.00684
0.0071013
0.00727295
0.00734661
-6.81974e-05
3.73564e-06
0.000172586
0.00043023
0.000769999
0.00118321
0.00165937
0.00218653
0.00275154
0.0033404
0.00393846
0.00453079
0.00510243
0.00563873
0.00612567
0.00655023
0.00690079
0.00716755
0.0073429
0.00741807
-0.000236991
-0.000161856
1.47684e-05
0.00028421
0.000639402
0.00107119
0.00156858
0.00211907
0.00270901
0.00332385
0.00394842
0.00456726
0.00516483
0.00572588
0.00623572
0.00668066
0.00704838
0.00732844
0.00751264
0.00759155
-0.000504962
-0.000424557
-0.000235501
5.27614e-05
0.000432513
0.000893825
0.00142487
0.00201232
0.00264167
0.00329756
0.00396403
0.00462476
0.00526336
0.00586362
0.00640984
0.00688722
0.00728234
0.00758366
0.00778206
0.00786713
-0.000879232
-0.000791333
-0.00058473
-0.000269979
0.000144232
0.000646843
0.00122483
0.00186369
0.00254777
0.00326062
0.00398519
0.0047041
0.00539978
0.00605475
0.00665191
0.00717491
0.00760871
0.0079402
0.00815882
0.00825272
-0.00136979
-0.00127188
-0.00104194
-0.000692088
-0.000232417
0.000324438
0.000963833
0.00166969
0.00242493
0.00321172
0.00401174
0.00480628
0.00557637
0.00630297
0.00696715
0.00755054
0.00803586
0.00840775
0.00865361
0.00875951
-0.00198992
-0.00187901
-0.00161895
-0.00122406
-0.000706392
-8.07602e-05
0.000636046
0.00142597
0.00227014
0.00314919
0.00404332
0.00493237
0.00579581
0.00661274
0.00736205
0.00802276
0.00857461
0.00899912
0.00928073
0.0094025
-0.00275679
-0.00262921
-0.00233083
-0.00187906
-0.00128876
-0.000577709
0.000234487
0.00112731
0.00207982
0.00307092
0.00407931
0.00508338
0.00606096
0.00698914
0.00784426
0.00860209
0.00923851
0.00973067
0.0100587
0.0102014
-0.00369233
-0.00354336
-0.00319637
-0.0026732
-0.00199275
-0.00117687
-0.000248844
0.000767816
0.00184984
0.00297436
0.0041187
0.00525997
0.00637452
0.00743745
0.00842226
0.00930084
0.010044
0.0106229
0.0110114
0.0111817
-0.00482457
-0.00464779
-0.00423875
-0.00362581
-0.00283372
-0.00189001
-0.000822656
0.000341186
0.00157575
0.00285654
0.00415987
0.00546209
0.00673853
0.00796257
0.00910483
0.0101327
0.0110105
0.0117012
0.0121692
0.0123768
-0.00618952
-0.00597574
-0.00548643
-0.00475971
-0.003829
-0.00272966
-0.0014958
-0.000158783
0.00125309
0.00271417
0.00420046
0.00568848
0.0071535
0.008568
0.00990001
0.011112
0.0121603
0.0129965
0.0135711
0.0138306
-0.00783439
-0.00756962
-0.00697428
-0.00610134
-0.00499728
-0.00370831
-0.00227625
-0.000737264
0.000878091
0.00254388
0.00423715
0.00593603
0.00761736
0.00925423
0.0108133
0.0122522
0.0135178
0.0145464
0.0152675
0.0156024
-0.00982272
-0.00948437
-0.00874505
-0.00768058
-0.0063575
-0.00483662
-0.00316942
-0.00139712
0.000448459
0.00234266
0.00426553
0.00619902
0.00812397
0.0100167
0.0118449
0.013563
0.0151076
0.0163955
0.0173239
0.0177751
-0.0122446
-0.0117919
-0.010851
-0.00952969
-0.00792628
-0.00612078
-0.00417596
-0.00213706
-3.52722e-05
0.00210849
0.00428
0.0064681
0.00866116
0.0108426
0.0129853
0.0150448
0.0169498
0.0185939
0.0198226
0.020473
-0.0152357
-0.0145826
-0.013355
-0.0116802
-0.00971366
-0.00755853
-0.00528801
-0.00294874
-0.000567753
0.00184143
0.00427396
0.00672949
0.00920838
0.0117066
0.0142094
0.0166809
0.0190499
0.0211934
0.0228639
0.0238934
-0.0190826
-0.017986
-0.0163316
-0.0141558
-0.0117162
-0.00913219
-0.00648386
-0.00381291
-0.00113621
0.00154523
0.00424051
0.00696431
0.00973438
0.0125661
0.0154667
0.0184233
0.021381
0.0242275
0.0265535
0.0283756
-0.023643
-0.022039
-0.0198374
-0.0169563
-0.0139022
-0.0107982
-0.00772072
-0.00469478
-0.00171784
0.00122901
0.00417373
0.00714926
0.0101959
0.0133556
0.0166698
0.020169
0.0238453
0.027681
0.0309052
0.0342758
-0.0322597
-0.0274336
-0.0241609
-0.0201061
-0.0162062
-0.0124723
-0.00892375
-0.00553818
-0.0022759
0.000910474
0.00407296
0.00725912
0.0105413
0.0139903
0.0176963
0.0217814
0.0263821
0.0318438
0.0366703
0.0439806
-0.0382369
-0.0330036
-0.0285839
-0.0232686
-0.0184429
-0.0140325
-0.0100091
-0.00628624
-0.00277669
0.00060054
0.00392096
0.0072677
0.0107094
0.0143467
0.0182942
0.0227013
0.0276106
0.0343717
0.0387991
0.0519154
-0.068401
-0.0388167
-0.0331388
-0.0256913
-0.0197605
-0.014876
-0.0105714
-0.00666577
-0.00303148
0.000437713
0.00383428
0.0072457
0.0107689
0.0145332
0.0187429
0.0238289
0.0301814
0.0407585
0.0511608
0.0891919
9.52265e-07
7.16304e-05
0.000237291
0.000490163
0.000823678
0.00122932
0.00169681
0.00221441
0.00276918
0.00334733
0.00393445
0.00451583
0.00507675
0.00560284
0.00608032
0.00649648
0.00683998
0.00710128
0.00727294
0.00734661
-6.83453e-05
3.59673e-06
0.000172461
0.000430122
0.000769907
0.00118313
0.0016593
0.00218647
0.0027515
0.00334035
0.00393842
0.00453075
0.00510239
0.0056387
0.00612564
0.0065502
0.00690077
0.00716754
0.0073429
0.00741807
-0.00023717
-0.000162025
1.46161e-05
0.000284077
0.000639289
0.00107109
0.0015685
0.00211901
0.00270896
0.0033238
0.00394838
0.00456722
0.0051648
0.00572585
0.0062357
0.00668065
0.00704838
0.00732844
0.00751265
0.00759157
-0.000505186
-0.000424768
-0.000235693
5.25928e-05
0.000432369
0.000893705
0.00142477
0.00201224
0.00264161
0.00329751
0.00396399
0.00462473
0.00526334
0.0058636
0.00640982
0.00688722
0.00728234
0.00758367
0.00778209
0.00786716
-0.000879516
-0.000791603
-0.000584975
-0.000270194
0.000144048
0.000646691
0.00122471
0.00186359
0.0025477
0.00326056
0.00398515
0.00470407
0.00539976
0.00605474
0.00665191
0.00717492
0.00760874
0.00794023
0.00815886
0.00825278
-0.00137016
-0.00127222
-0.00104225
-0.000692363
-0.00023265
0.000324246
0.000963681
0.00166958
0.00242484
0.00321166
0.0040117
0.00480626
0.00557637
0.00630297
0.00696717
0.00755057
0.0080359
0.00840781
0.00865368
0.00875959
-0.00199038
-0.00187945
-0.00161935
-0.00122441
-0.000706687
-8.09991e-05
0.00063586
0.00142583
0.00227005
0.00314913
0.00404329
0.00493237
0.00579583
0.00661277
0.0073621
0.00802281
0.00857468
0.0089992
0.00928082
0.0094026
-0.00275738
-0.00262977
-0.00233134
-0.00187951
-0.00128913
-0.000578004
0.000234263
0.00112715
0.00207972
0.00307086
0.0040793
0.0050834
0.006061
0.00698921
0.00784434
0.00860218
0.00923861
0.00973078
0.0100588
0.0102015
-0.0036931
-0.00354409
-0.00319702
-0.00267376
-0.00199321
-0.00117723
-0.000249108
0.000767639
0.00184974
0.00297432
0.00411871
0.00526003
0.00637461
0.00743757
0.00842239
0.00930098
0.0100441
0.010623
0.0110116
0.0111819
-0.00482556
-0.00464873
-0.00423959
-0.00362652
-0.00283429
-0.00189044
-0.000822959
0.000340998
0.00157566
0.00285654
0.00415993
0.00546222
0.00673869
0.00796276
0.00910504
0.0101329
0.0110107
0.0117014
0.0121694
0.012377
-0.0061908
-0.00597695
-0.00548749
-0.00476059
-0.00382969
-0.00273017
-0.00149614
-0.000158968
0.00125304
0.00271422
0.0042006
0.00568869
0.00715377
0.0085683
0.00990033
0.0111123
0.0121606
0.0129968
0.0135714
0.0138308
-0.00783604
-0.00757116
-0.00697562
-0.00610244
-0.00499812
-0.0037089
-0.00227661
-0.000737426
0.000878097
0.00254403
0.00423741
0.00593638
0.00761778
0.00925469
0.0108138
0.0122527
0.0135183
0.0145468
0.0152678
0.0156028
-0.00982484
-0.00948633
-0.00874674
-0.00768192
-0.00635849
-0.00483727
-0.00316978
-0.00139722
0.000448564
0.00234295
0.00426596
0.00619956
0.0081246
0.0100174
0.0118456
0.0135637
0.0151083
0.016396
0.0173244
0.0177755
-0.0122473
-0.0117944
-0.0108531
-0.0095313
-0.00792742
-0.00612148
-0.00417628
-0.00213707
-3.5018e-05
0.00210896
0.00428064
0.0064689
0.00866208
0.0108436
0.0129863
0.0150458
0.0169507
0.0185946
0.0198232
0.0204736
-0.0152391
-0.0145857
-0.0133576
-0.0116821
-0.00971493
-0.00755923
-0.00528825
-0.00294859
-0.000567293
0.00184214
0.0042749
0.00673061
0.00920965
0.011708
0.0142108
0.0166823
0.0190511
0.0211944
0.0228647
0.023894
-0.0190868
-0.0179898
-0.0163347
-0.014158
-0.0117176
-0.00913285
-0.00648395
-0.00381255
-0.00113549
0.00154625
0.00424179
0.00696582
0.00973609
0.012568
0.0154686
0.0184252
0.0213827
0.0242288
0.0265545
0.0283762
-0.0236483
-0.0220437
-0.019841
-0.0169588
-0.0139036
-0.0107987
-0.0077206
-0.00469416
-0.00171681
0.00123037
0.00417539
0.0071512
0.0101981
0.013358
0.0166723
0.0201715
0.0238475
0.0276827
0.0309065
0.0342764
-0.0322657
-0.0274389
-0.0241649
-0.0201087
-0.0162076
-0.0124727
-0.0089234
-0.00553728
-0.00227457
0.00091217
0.00407498
0.00726148
0.0105439
0.0139933
0.0176994
0.0217844
0.0263848
0.0318457
0.0366716
0.0439809
-0.0382442
-0.0330098
-0.0285884
-0.0232714
-0.0184443
-0.0140327
-0.0100085
-0.0062851
-0.00277508
0.000602534
0.00392334
0.00727042
0.0107125
0.0143501
0.0182978
0.0227049
0.027614
0.0343743
0.0388011
0.0519159
-0.0684089
-0.0388236
-0.0331436
-0.0256943
-0.0197619
-0.0148762
-0.0105708
-0.00666449
-0.00302974
0.000439858
0.0038368
0.00724862
0.0107722
0.0145368
0.0187467
0.0238327
0.0301848
0.0407608
0.0511623
0.0891915
7.90032e-07
7.14826e-05
0.000237163
0.000490056
0.000823591
0.00122925
0.00169675
0.00221436
0.00276913
0.00334728
0.00393439
0.00451577
0.0050767
0.00560278
0.00608026
0.00649643
0.00683993
0.00710125
0.00727292
0.0073466
-6.85321e-05
3.4251e-06
0.000172311
0.000429995
0.000769802
0.00118304
0.00165923
0.00218641
0.00275144
0.0033403
0.00393836
0.00453069
0.00510234
0.00563865
0.00612559
0.00655016
0.00690073
0.00716752
0.00734289
0.00741808
-0.0002374
-0.000162238
1.44274e-05
0.000283915
0.000639154
0.00107098
0.0015684
0.00211893
0.00270889
0.00332374
0.00394833
0.00456717
0.00516475
0.00572581
0.00623566
0.00668062
0.00704836
0.00732844
0.00751267
0.00759159
-0.000505477
-0.00042504
-0.000235936
5.23835e-05
0.000432193
0.00089356
0.00142465
0.00201214
0.00264153
0.00329745
0.00396394
0.00462468
0.0052633
0.00586357
0.0064098
0.0068872
0.00728234
0.00758369
0.00778212
0.00786721
-0.000879887
-0.000791951
-0.000585288
-0.000270465
0.00014382
0.000646503
0.00122456
0.00186347
0.0025476
0.00326049
0.0039851
0.00470403
0.00539973
0.00605472
0.0066519
0.00717493
0.00760876
0.00794027
0.00815892
0.00825285
-0.00137063
-0.00127267
-0.00104265
-0.000692712
-0.000232943
0.000324007
0.000963491
0.00166943
0.00242473
0.00321158
0.00401165
0.00480623
0.00557635
0.00630298
0.00696718
0.0075506
0.00803595
0.00840787
0.00865377
0.00875969
-0.00199099
-0.00188002
-0.00161987
-0.00122486
-0.00070706
-8.13006e-05
0.000635625
0.00142566
0.00226992
0.00314905
0.00404325
0.00493235
0.00579584
0.0066128
0.00736214
0.00802287
0.00857476
0.0089993
0.00928093
0.00940273
-0.00275817
-0.00263051
-0.00233201
-0.00188008
-0.0012896
-0.000578379
0.000233979
0.00112694
0.00207959
0.00307079
0.00407928
0.00508342
0.00606105
0.00698927
0.00784442
0.00860228
0.00923873
0.00973091
0.010059
0.0102017
-0.00369412
-0.00354504
-0.00319787
-0.00267449
-0.0019938
-0.0011777
-0.000249446
0.000767409
0.0018496
0.00297427
0.00411872
0.00526009
0.00637471
0.0074377
0.00842254
0.00930114
0.0100443
0.0106232
0.0110117
0.0111821
-0.00482687
-0.00464996
-0.00424068
-0.00362744
-0.00283503
-0.001891
-0.000823352
0.000340751
0.00157554
0.00285652
0.00416
0.00546235
0.00673888
0.00796298
0.00910528
0.0101331
0.011011
0.0117016
0.0121696
0.0123772
-0.0061925
-0.00597854
-0.00548889
-0.00476175
-0.0038306
-0.00273083
-0.00149658
-0.000159216
0.00125295
0.00271428
0.00420077
0.00568895
0.00715409
0.00856866
0.0099007
0.0111127
0.012161
0.0129971
0.0135717
0.0138312
-0.00783827
-0.00757322
-0.00697741
-0.00610388
-0.00499922
-0.00370966
-0.00227708
-0.000737644
0.00087809
0.0025442
0.00423773
0.00593681
0.00761829
0.00925526
0.0108144
0.0122532
0.0135188
0.0145473
0.0152683
0.0156032
-0.00982774
-0.009489
-0.00874901
-0.00768371
-0.00635979
-0.00483813
-0.00317025
-0.00139737
0.000448684
0.00234329
0.00426649
0.00620023
0.00812539
0.0100182
0.0118465
0.0135645
0.015109
0.0163967
0.017325
0.017776
-0.0122511
-0.0117978
-0.010856
-0.00953347
-0.00792891
-0.00612238
-0.00417669
-0.00213707
-3.46905e-05
0.00210956
0.00428147
0.00646991
0.00866324
0.0108448
0.0129876
0.015047
0.0169518
0.0185955
0.0198239
0.0204741
-0.015244
-0.0145901
-0.0133611
-0.0116846
-0.00971659
-0.00756012
-0.00528852
-0.00294836
-0.000566674
0.00184308
0.00427612
0.00673207
0.00921132
0.0117098
0.0142127
0.0166841
0.0190527
0.0211957
0.0228656
0.0238946
-0.019093
-0.0179953
-0.0163389
-0.0141609
-0.0117193
-0.00913363
-0.00648397
-0.003812
-0.00113449
0.00154763
0.0042435
0.00696784
0.00973839
0.0125705
0.0154713
0.0184277
0.0213849
0.0242305
0.0265557
0.0283768
-0.0236563
-0.0220504
-0.019846
-0.016962
-0.0139053
-0.0107993
-0.00772029
-0.00469318
-0.00171534
0.00123226
0.00417765
0.00715385
0.0102011
0.0133613
0.0166759
0.020175
0.0238506
0.0276851
0.0309081
0.0342769
-0.0322749
-0.0274469
-0.0241705
-0.0201121
-0.0162092
-0.0124729
-0.00892265
-0.00553583
-0.0022726
0.000914582
0.00407781
0.00726479
0.0105477
0.0139975
0.0177039
0.0217889
0.0263887
0.0318484
0.0366732
0.0439805
-0.0382558
-0.0330194
-0.0285948
-0.0232751
-0.0184457
-0.0140327
-0.0100074
-0.00628321
-0.00277266
0.000605429
0.00392674
0.00727431
0.010717
0.0143552
0.0183034
0.0227107
0.0276194
0.0343783
0.0388042
0.0519158
-0.0684218
-0.0388344
-0.0331506
-0.0256982
-0.0197633
-0.014876
-0.0105694
-0.00666237
-0.00302707
0.000442999
0.00384043
0.00725281
0.010777
0.0145423
0.0187527
0.0238387
0.0301901
0.040764
0.051164
0.0891888
6.08761e-07
7.13291e-05
0.000237041
0.000489966
0.000823521
0.0012292
0.00169671
0.00221431
0.00276909
0.00334723
0.00393433
0.0045157
0.00507661
0.00560269
0.00608017
0.00649634
0.00683985
0.00710118
0.00727288
0.00734658
-6.87524e-05
3.23272e-06
0.000172151
0.000429868
0.000769702
0.00118296
0.00165916
0.00218635
0.00275138
0.00334024
0.0039383
0.00453063
0.00510227
0.00563857
0.00612551
0.00655009
0.00690067
0.00716748
0.00734288
0.00741809
-0.000237679
-0.000162487
1.42153e-05
0.00028374
0.000639012
0.00107087
0.00156831
0.00211885
0.00270882
0.00332368
0.00394827
0.00456711
0.00516469
0.00572574
0.0062356
0.00668057
0.00704832
0.00732843
0.00751268
0.00759163
-0.000505835
-0.000425364
-0.000236216
5.21476e-05
0.000431999
0.000893402
0.00142453
0.00201204
0.00264144
0.00329737
0.00396387
0.00462463
0.00526324
0.00586352
0.00640976
0.00688718
0.00728233
0.00758371
0.00778217
0.00786729
-0.000880345
-0.000792369
-0.000585654
-0.000270776
0.000143562
0.000646292
0.00122439
0.00186334
0.0025475
0.0032604
0.00398503
0.00470398
0.00539969
0.00605469
0.00665188
0.00717492
0.00760877
0.00794031
0.008159
0.00825296
-0.00137121
-0.00127321
-0.00104313
-0.000693117
-0.00023328
0.000323734
0.000963274
0.00166926
0.0024246
0.00321149
0.00401158
0.00480618
0.00557633
0.00630296
0.00696718
0.00755062
0.00803599
0.00840795
0.00865387
0.00875983
-0.00199174
-0.00188071
-0.00162048
-0.00122538
-0.000707492
-8.16484e-05
0.000635354
0.00142545
0.00226978
0.00314895
0.00404318
0.00493232
0.00579583
0.00661281
0.00736217
0.00802292
0.00857483
0.0089994
0.00928107
0.00940291
-0.00275913
-0.0026314
-0.00233279
-0.00188075
-0.00129015
-0.000578816
0.000233645
0.0011267
0.00207942
0.00307069
0.00407923
0.00508341
0.00606108
0.00698933
0.0078445
0.00860237
0.00923884
0.00973106
0.0100592
0.0102019
-0.00369536
-0.00354619
-0.00319889
-0.00267535
-0.00199449
-0.00117824
-0.000249848
0.000767131
0.00184943
0.00297418
0.00411871
0.00526014
0.0063748
0.00743781
0.00842268
0.00930129
0.0100445
0.0106234
0.011012
0.0111823
-0.00482849
-0.00465146
-0.00424199
-0.00362853
-0.0028359
-0.00189166
-0.000823823
0.000340446
0.00157537
0.00285647
0.00416005
0.00546248
0.00673906
0.0079632
0.00910551
0.0101334
0.0110112
0.0117019
0.0121699
0.0123775
-0.00619463
-0.0059805
-0.00549059
-0.00476315
-0.00383168
-0.00273163
-0.00149711
-0.000159527
0.00125283
0.00271431
0.00420092
0.0056892
0.00715441
0.00856903
0.00990109
0.0111131
0.0121613
0.0129975
0.013572
0.0138315
-0.00784108
-0.0075758
-0.00697961
-0.00610565
-0.00500054
-0.00371059
-0.00227766
-0.000737924
0.000878053
0.00254436
0.00423805
0.00593726
0.00761884
0.00925587
0.010815
0.0122538
0.0135193
0.0145478
0.0152687
0.0156036
-0.00983147
-0.00949239
-0.00875184
-0.00768591
-0.00636137
-0.00483916
-0.00317081
-0.00139755
0.000448811
0.00234366
0.00426706
0.00620098
0.00812627
0.0100192
0.0118474
0.0135655
0.0151099
0.0163973
0.0173255
0.0177764
-0.012256
-0.0118022
-0.0108596
-0.00953616
-0.00793074
-0.00612346
-0.00417717
-0.00213707
-3.43153e-05
0.00211024
0.00428241
0.00647108
0.00866459
0.0108463
0.0129892
0.0150485
0.0169531
0.0185965
0.0198246
0.0204746
-0.0152506
-0.0145959
-0.0133656
-0.0116878
-0.00971859
-0.00756114
-0.00528878
-0.00294805
-0.000565914
0.00184421
0.00427756
0.00673381
0.00921332
0.011712
0.014215
0.0166863
0.0190547
0.0211971
0.0228666
0.023895
-0.0191017
-0.0180027
-0.0163444
-0.0141645
-0.0117213
-0.00913441
-0.00648384
-0.0038112
-0.00113319
0.00154934
0.0042456
0.00697032
0.00974124
0.0125737
0.0154746
0.0184311
0.0213879
0.0242327
0.026557
0.0283768
-0.0236681
-0.02206
-0.0198526
-0.0169659
-0.0139071
-0.0107996
-0.00771955
-0.00469173
-0.00171336
0.00123469
0.00418053
0.00715723
0.010205
0.0133657
0.0166806
0.0201797
0.0238549
0.0276882
0.0309101
0.0342766
-0.0322884
-0.0274582
-0.0241775
-0.020116
-0.0162105
-0.0124725
-0.00892113
-0.0055336
-0.00226984
0.000917798
0.0040815
0.00726914
0.0105528
0.0140033
0.0177103
0.0217954
0.0263945
0.031852
0.036675
0.0439777
-0.0382745
-0.0330335
-0.0286029
-0.0232789
-0.0184464
-0.0140314
-0.010005
-0.00628019
-0.00276915
0.000609414
0.00393134
0.00727956
0.0107231
0.0143623
0.0183115
0.0227195
0.0276286
0.0343847
0.0388106
0.0519141
-0.0684426
-0.0388517
-0.0331599
-0.0257022
-0.0197638
-0.0148744
-0.0105666
-0.00665892
-0.00302315
0.000447383
0.0038454
0.00725857
0.0107838
0.0145501
0.0187615
0.0238479
0.0301986
0.0407682
0.0511657
0.0891789
4.18985e-07
7.11854e-05
0.000236937
0.00048989
0.000823476
0.00122917
0.00169669
0.00221429
0.00276905
0.00334718
0.00393426
0.00451561
0.0050765
0.00560255
0.00608003
0.00649619
0.00683972
0.00710107
0.00727281
0.00734655
-6.90073e-05
3.03082e-06
0.000171996
0.000429748
0.000769617
0.0011829
0.00165911
0.0021863
0.00275133
0.00334018
0.00393823
0.00453054
0.00510217
0.00563846
0.0061254
0.00654998
0.00690058
0.00716742
0.00734285
0.00741811
-0.000238014
-0.000162764
1.39933e-05
0.000283567
0.000638879
0.00107076
0.00156823
0.00211878
0.00270876
0.00332361
0.0039482
0.00456704
0.00516461
0.00572566
0.00623552
0.00668049
0.00704827
0.0073284
0.0075127
0.0075917
-0.000506269
-0.000425732
-0.000236521
5.19016e-05
0.000431802
0.000893244
0.0014244
0.00201194
0.00264136
0.0032973
0.0039638
0.00462455
0.00526317
0.00586345
0.0064097
0.00688713
0.00728231
0.00758372
0.00778223
0.0078674
-0.000880896
-0.000792846
-0.000586057
-0.000271108
0.000143292
0.000646074
0.00122422
0.0018632
0.00254738
0.00326031
0.00398496
0.00470391
0.00539963
0.00605464
0.00665184
0.0071749
0.00760878
0.00794036
0.0081591
0.00825312
-0.00137191
-0.00127382
-0.00104365
-0.000693553
-0.000233637
0.000323445
0.000963045
0.00166908
0.00242447
0.00321138
0.0040115
0.00480612
0.00557628
0.00630293
0.00696717
0.00755062
0.00803603
0.00840802
0.00865401
0.00876003
-0.00199263
-0.0018815
-0.00162115
-0.00122594
-0.000707956
-8.20208e-05
0.000635062
0.00142523
0.00226961
0.00314883
0.0040431
0.00493227
0.0057958
0.0066128
0.00736218
0.00802295
0.00857489
0.00899951
0.00928124
0.00940315
-0.00276026
-0.00263241
-0.00233367
-0.00188148
-0.00129075
-0.00057929
0.00023328
0.00112643
0.00207923
0.00307057
0.00407916
0.00508338
0.00606108
0.00698935
0.00784454
0.00860244
0.00923893
0.00973119
0.0100594
0.0102022
-0.00369683
-0.00354751
-0.00320003
-0.00267629
-0.00199526
-0.00117883
-0.000250294
0.000766814
0.00184922
0.00297406
0.00411867
0.00526015
0.00637485
0.00743789
0.00842277
0.0093014
0.0100446
0.0106236
0.0110122
0.0111826
-0.00483041
-0.00465318
-0.00424347
-0.00362976
-0.00283687
-0.00189239
-0.000824356
0.000340089
0.00157516
0.00285639
0.00416006
0.00546256
0.0067392
0.00796337
0.0091057
0.0101336
0.0110114
0.0117021
0.0121702
0.0123779
-0.00619717
-0.00598278
-0.00549254
-0.00476472
-0.0038329
-0.00273252
-0.00149773
-0.000159904
0.00125265
0.00271429
0.00420103
0.00568941
0.0071547
0.00856936
0.00990143
0.0111134
0.0121616
0.0129977
0.0135723
0.0138319
-0.00784448
-0.00757885
-0.00698216
-0.00610766
-0.00500205
-0.00371164
-0.00227833
-0.000738279
0.000877957
0.00254447
0.00423833
0.00593768
0.00761935
0.00925644
0.0108156
0.0122544
0.0135198
0.0145482
0.0152691
0.015604
-0.00983607
-0.00949649
-0.00875518
-0.00768846
-0.00636319
-0.00484035
-0.00317149
-0.00139781
0.000448884
0.002344
0.00426762
0.00620172
0.00812714
0.0100202
0.0118484
0.0135664
0.0151106
0.0163979
0.0173259
0.0177768
-0.0122623
-0.0118078
-0.0108639
-0.00953932
-0.00793284
-0.0061247
-0.00417773
-0.00213711
-3.39453e-05
0.00211094
0.00428339
0.00647229
0.00866601
0.0108479
0.0129908
0.01505
0.0169544
0.0185975
0.0198252
0.0204748
-0.0152593
-0.0146033
-0.0133711
-0.0116916
-0.00972086
-0.00756226
-0.00528904
-0.00294768
-0.00056507
0.00184544
0.00427913
0.00673571
0.00921552
0.0117145
0.0142175
0.0166888
0.0190568
0.0211986
0.0228674
0.0238949
-0.0191136
-0.0180125
-0.0163513
-0.0141688
-0.0117235
-0.0091351
-0.00648351
-0.00381017
-0.00113165
0.00155131
0.00424797
0.00697314
0.00974453
0.0125774
0.0154786
0.0184351
0.0213914
0.0242351
0.0265583
0.028376
-0.0236856
-0.0220732
-0.0198608
-0.0169704
-0.0139088
-0.0107994
-0.00771825
-0.00468973
-0.00171086
0.00123762
0.00418394
0.00716124
0.0102097
0.0133712
0.0166867
0.0201861
0.0238608
0.0276921
0.0309128
0.034275
-0.032308
-0.0274738
-0.0241859
-0.0201199
-0.0162111
-0.012471
-0.00891851
-0.00553035
-0.00226618
0.000921857
0.00408605
0.00727453
0.0105592
0.0140109
0.017719
0.0218045
0.0264028
0.0318562
0.0366766
0.0439708
-0.0383039
-0.0330534
-0.0286124
-0.0232825
-0.0184457
-0.0140284
-0.0100009
-0.00627557
-0.00276425
0.000614701
0.00393731
0.00728637
0.0107312
0.0143722
0.0183234
0.0227332
0.0276437
0.0343951
0.0388217
0.0519093
-0.0684771
-0.0388785
-0.0331715
-0.0257063
-0.019763
-0.0148707
-0.0105618
-0.00665361
-0.00301759
0.00045331
0.00385198
0.00726624
0.010793
0.0145613
0.0187747
0.0238622
0.0302123
0.0407735
0.0511662
0.0891564
2.44548e-07
7.11451e-05
0.000236976
0.000489978
0.000823577
0.00122927
0.00169676
0.00221434
0.00276906
0.00334714
0.00393418
0.00451548
0.00507633
0.00560234
0.00607978
0.00649592
0.00683945
0.00710084
0.00727264
0.00734651
-6.93244e-05
2.84526e-06
0.000171898
0.000429716
0.00076961
0.0011829
0.00165912
0.0021863
0.00275131
0.00334014
0.00393816
0.00453044
0.00510204
0.00563831
0.00612523
0.0065498
0.00690042
0.0071673
0.00734281
0.00741819
-0.00023845
-0.000163059
1.37874e-05
0.000283428
0.000638786
0.0010707
0.00156817
0.00211873
0.0027087
0.00332355
0.00394812
0.00456695
0.00516451
0.00572554
0.00623539
0.00668037
0.00704817
0.00732835
0.00751273
0.00759187
-0.000506827
-0.000426138
-0.000236828
5.16713e-05
0.000431628
0.00089311
0.00142429
0.00201184
0.00264127
0.00329722
0.00396372
0.00462447
0.00526309
0.00586336
0.00640961
0.00688705
0.00728226
0.00758372
0.00778232
0.00786764
-0.000881592
-0.000793374
-0.000586473
-0.000271433
0.000143036
0.000645871
0.00122405
0.00186306
0.00254727
0.00326022
0.00398487
0.00470383
0.00539955
0.00605456
0.00665177
0.00717484
0.00760875
0.0079404
0.00815923
0.00825342
-0.00137277
-0.00127449
-0.00104419
-0.000693987
-0.000233985
0.000323167
0.000962822
0.0016689
0.00242432
0.00321126
0.00401141
0.00480604
0.0055762
0.00630286
0.0069671
0.00755058
0.00803602
0.00840809
0.00865418
0.00876039
-0.0019937
-0.00188235
-0.00162186
-0.00122651
-0.000708416
-8.2389e-05
0.00063477
0.001425
0.00226943
0.00314869
0.004043
0.00493219
0.00579573
0.00661274
0.00736213
0.00802292
0.0085749
0.00899959
0.00928144
0.00940356
-0.00276161
-0.00263351
-0.00233458
-0.00188222
-0.00129135
-0.000579767
0.000232907
0.00112615
0.00207902
0.00307041
0.00407905
0.00508331
0.00606102
0.00698931
0.00784451
0.00860242
0.00923895
0.00973129
0.0100596
0.0102026
-0.00369855
-0.00354893
-0.00320121
-0.00267726
-0.00199604
-0.00117944
-0.000250761
0.000766468
0.00184898
0.0029739
0.00411857
0.0052601
0.00637484
0.00743789
0.00842278
0.00930141
0.0100446
0.0106237
0.0110124
0.0111831
-0.00483265
-0.00465506
-0.00424504
-0.00363103
-0.00283787
-0.00189317
-0.000824929
0.000339684
0.0015749
0.00285623
0.00416
0.00546257
0.00673925
0.00796345
0.00910578
0.0101336
0.0110115
0.0117022
0.0121704
0.0123784
-0.00620014
-0.00598529
-0.00549462
-0.00476638
-0.00383419
-0.00273348
-0.00149841
-0.000160354
0.00125239
0.00271418
0.00420105
0.00568952
0.00715488
0.00856957
0.00990164
0.0111136
0.0121618
0.0129979
0.0135726
0.0138324
-0.00784849
-0.00758225
-0.00698494
-0.00610983
-0.00500367
-0.0037128
-0.0022791
-0.000738735
0.000877751
0.00254447
0.00423849
0.00593798
0.00761975
0.00925689
0.010816
0.0122548
0.0135201
0.0145484
0.0152693
0.0156045
-0.00984159
-0.00950118
-0.00875891
-0.00769127
-0.00636518
-0.00484167
-0.00317228
-0.0013982
0.00044882
0.0023442
0.00426804
0.00620232
0.00812789
0.010021
0.0118493
0.0135672
0.0151112
0.0163983
0.0173262
0.0177771
-0.0122701
-0.0118143
-0.0108689
-0.00954287
-0.00793518
-0.0061261
-0.00417842
-0.00213728
-3.37167e-05
0.00211149
0.00428422
0.00647338
0.00866731
0.0108493
0.0129923
0.0150514
0.0169555
0.018598
0.0198254
0.0204747
-0.0152706
-0.0146124
-0.0133777
-0.0116959
-0.00972337
-0.00756348
-0.00528937
-0.00294739
-0.000564315
0.00184657
0.00428062
0.00673754
0.00921769
0.0117169
0.0142202
0.0166914
0.0190589
0.0211998
0.0228678
0.0238939
-0.0191298
-0.0180252
-0.0163595
-0.0141736
-0.0117257
-0.00913566
-0.00648304
-0.00380902
-0.00113003
0.00155333
0.0042504
0.00697605
0.00974799
0.0125814
0.0154831
0.0184397
0.0213956
0.0242376
0.0265596
0.0283728
-0.0237137
-0.0220919
-0.0198705
-0.0169747
-0.0139097
-0.0107984
-0.00771624
-0.00468718
-0.00170796
0.00124088
0.00418766
0.00716564
0.010215
0.0133775
0.0166941
0.0201941
0.0238687
0.0276973
0.0309176
0.0342698
-0.0323363
-0.0274953
-0.0241933
-0.0201212
-0.0162089
-0.0124672
-0.00891411
-0.00552582
-0.00226156
0.0009267
0.00409133
0.00728084
0.010567
0.0140205
0.0177305
0.0218173
0.0264151
0.0318612
0.0366797
0.0439511
-0.0383606
-0.0330818
-0.0286184
-0.0232792
-0.0184383
-0.0140202
-0.00999307
-0.00626835
-0.00275742
0.000621564
0.0039448
0.00729494
0.0107418
0.0143858
0.0183412
0.0227564
0.0276746
0.0344183
0.0388605
0.0518992
-0.0685414
-0.0389304
-0.0331817
-0.0257033
-0.0197547
-0.014861
-0.0105524
-0.00664509
-0.00300964
0.000461246
0.00386059
0.00727626
0.0108054
0.0145772
0.0187952
0.0238861
0.0302395
0.0407805
0.0511671
0.0890789
8.67856e-08
7.11428e-05
0.000237049
0.000490097
0.000823714
0.0012294
0.00169687
0.00221441
0.00276909
0.00334712
0.0039341
0.00451534
0.00507613
0.00560209
0.00607949
0.00649561
0.00683914
0.00710055
0.00727242
0.00734646
-6.96709e-05
2.67728e-06
0.00017181
0.000429683
0.000769613
0.00118292
0.00165913
0.0021863
0.0027513
0.0033401
0.00393809
0.00453034
0.00510191
0.00563815
0.00612505
0.00654961
0.00690024
0.00716717
0.00734275
0.00741831
-0.000238925
-0.000163342
1.36045e-05
0.000283313
0.000638709
0.00107065
0.00156813
0.00211869
0.00270866
0.0033235
0.00394806
0.00456686
0.0051644
0.00572542
0.00623526
0.00668024
0.00704806
0.0073283
0.00751276
0.00759209
-0.000507433
-0.000426533
-0.000237109
5.14728e-05
0.000431484
0.000893001
0.00142421
0.00201177
0.00264121
0.00329715
0.00396365
0.00462439
0.00526299
0.00586326
0.0064095
0.00688695
0.00728219
0.00758372
0.00778241
0.00786794
-0.000882341
-0.000793886
-0.000586855
-0.000271719
0.000142817
0.0006457
0.00122391
0.00186295
0.00254717
0.00326013
0.00398478
0.00470375
0.00539947
0.00605447
0.00665168
0.00717477
0.00760872
0.00794043
0.00815937
0.00825378
-0.00137369
-0.00127514
-0.00104469
-0.000694372
-0.000234287
0.000322925
0.000962626
0.00166874
0.00242419
0.00321115
0.00401131
0.00480595
0.00557612
0.00630278
0.00696703
0.00755052
0.008036
0.00840814
0.00865434
0.0087608
-0.00199483
-0.00188318
-0.0016225
-0.00122702
-0.000708821
-8.27156e-05
0.000634505
0.00142478
0.00226926
0.00314855
0.00404289
0.00493209
0.00579565
0.00661267
0.00736206
0.00802287
0.00857489
0.00899966
0.00928163
0.00940403
-0.00276303
-0.00263457
-0.00233542
-0.00188289
-0.00129188
-0.0005802
0.00023256
0.00112587
0.00207881
0.00307025
0.00407893
0.00508321
0.00606095
0.00698924
0.00784445
0.00860238
0.00923894
0.00973136
0.0100598
0.0102031
-0.00370036
-0.0035503
-0.00320232
-0.00267815
-0.00199674
-0.00118001
-0.000251206
0.000766126
0.00184872
0.00297372
0.00411844
0.00526001
0.00637478
0.00743785
0.00842274
0.00930139
0.0100447
0.0106238
0.0110126
0.0111837
-0.004835
-0.00465687
-0.00424651
-0.0036322
-0.00283881
-0.0018939
-0.000825486
0.000339272
0.00157461
0.00285604
0.00415989
0.00546252
0.00673924
0.00796345
0.00910579
0.0101337
0.0110115
0.0117023
0.0121706
0.012379
-0.00620326
-0.00598775
-0.0054966
-0.00476795
-0.0038354
-0.0027344
-0.00149908
-0.000160825
0.00125209
0.00271402
0.00420099
0.00568955
0.00715495
0.00856967
0.00990173
0.0111136
0.0121618
0.012998
0.0135728
0.013833
-0.00785273
-0.00758565
-0.00698765
-0.00611193
-0.00500524
-0.00371393
-0.00227988
-0.00073923
0.000877486
0.00254439
0.00423856
0.00593814
0.00761996
0.00925713
0.0108163
0.012255
0.0135202
0.0145484
0.0152694
0.015605
-0.00984752
-0.00950597
-0.00876263
-0.00769403
-0.00636715
-0.00484299
-0.0031731
-0.00139863
0.000448679
0.00234429
0.0042683
0.00620271
0.00812836
0.0100215
0.0118498
0.0135676
0.0151115
0.0163984
0.0173262
0.0177774
-0.0122787
-0.0118211
-0.010874
-0.00954642
-0.0079375
-0.00612749
-0.00417914
-0.00213751
-3.35864e-05
0.00211189
0.00428483
0.00647416
0.00866824
0.0108504
0.0129933
0.0150524
0.0169561
0.0185982
0.0198253
0.0204745
-0.0152833
-0.0146222
-0.0133844
-0.0117002
-0.00972585
-0.00756467
-0.0052897
-0.00294715
-0.000563696
0.00184748
0.00428178
0.00673897
0.0092194
0.0117189
0.0142223
0.0166934
0.0190605
0.0212004
0.0228677
0.0238924
-0.0191483
-0.0180389
-0.016368
-0.0141783
-0.0117278
-0.00913606
-0.00648245
-0.0038079
-0.00112857
0.00155508
0.00425249
0.00697856
0.00975102
0.012585
0.0154872
0.0184439
0.0213993
0.0242393
0.0265598
0.0283684
-0.0237476
-0.0221124
-0.0198808
-0.0169791
-0.0139102
-0.010797
-0.00771397
-0.00468452
-0.00170509
0.00124398
0.00419115
0.00716978
0.0102201
0.0133837
0.0167015
0.0202024
0.0238772
0.0277021
0.0309221
0.0342624
-0.0323724
-0.0275186
-0.0242007
-0.0201226
-0.0162058
-0.0124624
-0.0089089
-0.0055207
-0.00225659
0.000931737
0.00409672
0.00728731
0.010575
0.0140307
0.017743
0.0218312
0.0264289
0.0318649
0.0366805
0.0439268
-0.038428
-0.033103
-0.0286224
-0.0232735
-0.0184283
-0.0140096
-0.00998336
-0.00625972
-0.00274954
0.000629261
0.00395306
0.0073044
0.0107537
0.0144014
0.0183621
0.022784
0.0277129
0.0344458
0.0389072
0.0518849
-0.0686293
-0.03899
-0.0331943
-0.0257001
-0.0197448
-0.0148492
-0.0105412
-0.00663503
-0.00300044
0.000470255
0.00387029
0.00728769
0.0108198
0.0145963
0.0188203
0.0239158
0.0302744
0.0407878
0.0511567
0.0889759
-9.15097e-09
7.20056e-05
0.00023807
0.000491127
0.000824669
0.00123023
0.00169754
0.0022149
0.00276938
0.0033472
0.00393397
0.00451498
0.00507556
0.00560131
0.00607852
0.00649448
0.0068379
0.00709931
0.00727132
0.00734632
-7.07672e-05
2.57957e-06
0.000171919
0.000429875
0.000769824
0.00118312
0.0016593
0.00218642
0.00275136
0.0033401
0.00393802
0.0045302
0.00510169
0.00563786
0.00612469
0.00654921
0.00689983
0.00716681
0.00734259
0.00741915
-0.000240318
-0.000163673
1.34943e-05
0.000283307
0.000638746
0.00107069
0.00156817
0.00211872
0.00270866
0.00332347
0.00394799
0.00456675
0.00516425
0.00572522
0.00623502
0.00667997
0.0070478
0.00732812
0.00751279
0.00759319
-0.000509055
-0.000427014
-0.00023735
5.13484e-05
0.000431411
0.000892952
0.00142416
0.00201173
0.00264116
0.00329709
0.00396357
0.00462429
0.00526286
0.00586309
0.00640931
0.00688674
0.007282
0.00758361
0.00778254
0.00786922
-0.000884196
-0.000794492
-0.000587198
-0.000271931
0.000142668
0.000645582
0.00122381
0.00186286
0.00254709
0.00326004
0.00398468
0.00470363
0.00539933
0.00605431
0.00665149
0.00717457
0.00760853
0.00794034
0.00815953
0.00825522
-0.00137583
-0.00127588
-0.00104514
-0.000694675
-0.000234518
0.000322734
0.00096246
0.0016686
0.00242405
0.00321102
0.00401117
0.0048058
0.00557596
0.00630259
0.00696681
0.00755029
0.00803579
0.00840803
0.00865452
0.0087624
-0.00199732
-0.00188409
-0.00162308
-0.00122744
-0.000709153
-8.29984e-05
0.000634257
0.00142456
0.00226906
0.00314837
0.00404271
0.00493191
0.00579545
0.00661245
0.00736181
0.00802259
0.00857462
0.0089995
0.00928179
0.00940581
-0.00276597
-0.0026357
-0.00233618
-0.00188346
-0.00129235
-0.000580605
0.000232205
0.00112556
0.00207853
0.00307
0.0040787
0.00508299
0.00606071
0.00698898
0.00784415
0.00860204
0.0092386
0.00973113
0.0100599
0.0102051
-0.00370391
-0.00355175
-0.00320333
-0.00267893
-0.0019974
-0.00118058
-0.000251704
0.000765692
0.00184835
0.00297339
0.00411815
0.00525974
0.0063745
0.00743754
0.00842238
0.00930097
0.0100442
0.0106234
0.0110127
0.0111859
-0.00483938
-0.00465878
-0.0042479
-0.0036333
-0.00283973
-0.00189469
-0.00082617
0.000338689
0.00157412
0.00285563
0.00415953
0.00546219
0.00673892
0.0079631
0.00910537
0.0101331
0.0110109
0.0117018
0.0121705
0.0123814
-0.00620879
-0.00599034
-0.00549855
-0.0047695
-0.0038367
-0.0027355
-0.0015
-0.000161587
0.00125147
0.00271351
0.00420058
0.00568919
0.0071546
0.00856927
0.00990126
0.011113
0.0121611
0.0129972
0.0135724
0.0138356
-0.00785996
-0.00758936
-0.00699046
-0.00611414
-0.00500705
-0.00371541
-0.00228108
-0.000740183
0.000876738
0.0025438
0.0042381
0.00593777
0.00761965
0.0092568
0.0108158
0.0122543
0.0135193
0.0145474
0.0152687
0.0156075
-0.00985741
-0.00951155
-0.00876677
-0.00769721
-0.00636964
-0.00484493
-0.00317459
-0.00139975
0.000447851
0.00234369
0.00426789
0.00620244
0.00812821
0.0100214
0.0118495
0.013567
0.0151104
0.0163968
0.0173248
0.0177794
-0.0122932
-0.0118298
-0.0108801
-0.00955094
-0.0079408
-0.00612986
-0.00418082
-0.00213867
-3.43697e-05
0.00211141
0.0042846
0.00647416
0.00866841
0.0108506
0.0129935
0.0150522
0.0169551
0.0185961
0.019823
0.0204751
-0.0153068
-0.0146365
-0.0133934
-0.0117064
-0.00972981
-0.00756719
-0.00529126
-0.00294807
-0.000564151
0.00184739
0.004282
0.00673948
0.00922016
0.0117199
0.0142233
0.0166942
0.0190603
0.0211974
0.0228644
0.023889
-0.0191833
-0.0180616
-0.0163799
-0.0141855
-0.0117315
-0.00913779
-0.00648309
-0.00380789
-0.00112812
0.00155585
0.00425356
0.00698
0.00975292
0.0125875
0.0154902
0.0184472
0.0214019
0.0242371
0.0265588
0.0283544
-0.0238519
-0.0221596
-0.0198959
-0.0169849
-0.0139105
-0.0107954
-0.00771168
-0.00468212
-0.00170268
0.00124647
0.00419392
0.00717312
0.0102244
0.0133896
0.0167094
0.0202127
0.0238901
0.0277065
0.0309397
0.0342354
-0.0324357
-0.0275655
-0.0241893
-0.020111
-0.0161927
-0.0124509
-0.00889955
-0.00551312
-0.00225016
0.000937654
0.00410286
0.00729453
0.0105844
0.0140436
0.017761
0.0218541
0.0264562
0.0318591
0.0366931
0.043823
-0.0387132
-0.0330974
-0.0285545
-0.0232066
-0.0183729
-0.0139701
-0.00995536
-0.00623928
-0.00273353
0.000643213
0.00396681
0.00731996
0.0107741
0.0144314
0.0184102
0.022863
0.0278628
0.0345769
0.0392489
0.0518823
-0.0689271
-0.0392576
-0.033149
-0.0256359
-0.0196919
-0.0148051
-0.0105082
-0.00661057
-0.00298085
0.000487909
0.00388849
0.00730929
0.0108486
0.0146378
0.0188842
0.024001
0.0304256
0.0408192
0.0511524
0.0883435
)
;

boundaryField
{
    movingWall
    {
        type            zeroGradient;
    }
    fixedWalls
    {
        type            zeroGradient;
    }
}


// ************************************************************************* //
