/*--------------------------------*- C++ -*----------------------------------*\
  =========                 |
  \\      /  F ield         | OpenFOAM: The Open Source CFD Toolbox
   \\    /   O peration     | Website:  https://openfoam.org
    \\  /    A nd           | Version:  10
     \\/     M anipulation  |
\*---------------------------------------------------------------------------*/
FoamFile
{
    format      ascii;
    class       volScalarField;
    location    "0.825";
    object      p;
}
// * * * * * * * * * * * * * * * * * * * * * * * * * * * * * * * * * * * * * //

dimensions      [0 2 -2 0 0 0 0];

internalField   nonuniform List<scalar> 
8000
(
8.41116e-10
5.21743e-05
0.000193347
0.000413076
0.000706324
0.00106595
0.00148308
0.00194744
0.00244755
0.00297095
0.00350449
0.00403454
0.00454728
0.00502904
0.00546663
0.00584772
0.00616127
0.00639803
0.00655122
0.00660913
-5.18525e-05
8.85442e-07
0.000144239
0.0003672
0.000664765
0.00102971
0.00145307
0.00192442
0.00243216
0.00296368
0.00350567
0.00404432
0.00456561
0.00505564
0.00550098
0.00588901
0.00620843
0.00644975
0.00660606
0.00666497
-0.000196224
-0.000141591
7.75277e-06
0.000240041
0.000550033
0.000930194
0.00137117
0.00186217
0.00239118
0.00294519
0.00351044
0.00407262
0.00461721
0.00512973
0.00559608
0.00600294
0.00633828
0.00659191
0.00675634
0.00681816
-0.000429633
-0.0003716
-0.000212502
3.4937e-05
0.000365076
0.00076983
0.00123926
0.00176193
0.00232518
0.00291534
0.00351795
0.00411798
0.00470008
0.00524884
0.00574912
0.00618647
0.00654764
0.0068213
0.00699898
0.00706588
-0.00075835
-0.000695407
-0.000522461
-0.000253574
0.000105003
0.000544388
0.00105377
0.00162082
0.00223197
0.00287268
0.00352757
0.00418063
0.00481541
0.00541524
0.00596354
0.00644423
0.00684233
0.00714476
0.00734158
0.00741595
-0.00119109
-0.00112159
-0.000930232
-0.000632933
-0.000236817
0.000248116
0.000809865
0.00143492
0.00210859
0.00281521
0.00353831
0.00426071
0.00496462
0.00563181
0.00624383
0.00678245
0.00723026
0.00757171
0.00779464
0.00787933
-0.00173933
-0.00166135
-0.00144637
-0.00111275
-0.000668884
-0.000126297
0.000501431
0.0011993
0.00195121
0.00274025
0.0035487
0.00435812
0.00514919
0.00590187
0.00659544
0.0072089
0.0077216
0.00811448
0.00837216
0.00847079
-0.00241784
-0.00232913
-0.00208431
-0.00170515
-0.00120179
-0.000587863
0.000120978
0.000907864
0.0017551
0.00264434
0.00355663
0.00447227
0.00537038
0.00622895
0.00702464
0.00773299
0.00832907
0.00878895
0.00909248
0.00920989
-0.00324544
-0.00314312
-0.00286088
-0.00242505
-0.00184835
-0.00114732
-0.000340317
0.000553495
0.00151458
0.00252317
0.00355916
0.0046018
0.00562884
0.00661633
0.00753807
0.00836546
0.00906806
0.00961511
0.00997935
0.0101223
-0.004246
-0.00412624
-0.00379687
-0.00329053
-0.00262374
-0.00181708
-0.000892462
0.000128139
0.00122316
0.00237153
0.00355227
0.0047441
0.00592395
0.00706628
0.00814204
0.00911797
0.0099566
0.0106178
0.0110634
0.0112421
-0.00545015
-0.00530736
-0.00491797
-0.00432327
-0.00354551
-0.002611
-0.00154631
-0.000376824
0.000873766
0.00218335
0.00353071
0.00489488
0.00625296
0.00757888
0.00884128
0.010002
0.011015
0.0118272
0.0123842
0.0126149
-0.00689787
-0.00672321
-0.00625596
-0.00554895
-0.00463348
-0.00354389
-0.00231286
-0.000969863
0.000459257
0.00195195
0.0034878
0.00504745
0.00660992
0.00815032
0.00963675
0.0110267
0.0122644
0.01328
0.0139929
0.0143036
-0.0086431
-0.00842134
-0.00785051
-0.00699776
-0.00590927
-0.00463041
-0.00320185
-0.00165798
-2.64847e-05
0.00167065
0.00341547
0.00519217
0.00698416
0.00877072
0.0105224
0.0121954
0.0137243
0.0150186
0.0159564
0.0163978
-0.0107619
-0.0104652
-0.00975184
-0.00870462
-0.00739504
-0.00588299
-0.00421985
-0.00244504
-0.000587202
0.00133382
0.00330469
0.00531589
0.00735865
0.00942083
0.0114808
0.0134989
0.0154054
0.0170898
0.0183606
0.0190306
-0.0133564
-0.01294
-0.0120242
-0.0107084
-0.00911047
-0.00730886
-0.0053671
-0.00332886
-0.00122191
0.000938575
0.00314657
0.00540204
0.00770854
0.0100684
0.0124759
0.014906
0.0172961
0.0195366
0.0213024
0.022427
-0.016697
-0.0159823
-0.0147549
-0.0130483
-0.0110682
-0.00890419
-0.00663217
-0.00429681
-0.00192133
0.000487277
0.00293407
0.00543118
0.00800003
0.0106643
0.0134447
0.0163471
0.0193365
0.0223614
0.0248604
0.0269691
-0.0204689
-0.0195818
-0.0179939
-0.0157454
-0.01326
-0.0106439
-0.00798426
-0.0053201
-0.0026641
-9.83126e-06
0.00266267
0.00538385
0.00819232
0.0111394
0.0142838
0.01768
0.0213503
0.0254811
0.0289179
0.03312
-0.0281663
-0.0244771
-0.0221072
-0.0188609
-0.015645
-0.0124579
-0.0093525
-0.00633913
-0.0034051
-0.000522626
0.00234699
0.00525282
0.00825011
0.011431
0.0149175
0.01889
0.0234731
0.029423
0.0346632
0.0430484
-0.0332166
-0.0301314
-0.0266276
-0.0224003
-0.0182575
-0.0143353
-0.0107051
-0.0073191
-0.00411686
-0.00103712
0.00198243
0.00500847
0.00810759
0.0113667
0.0148868
0.0189001
0.023066
0.0306501
0.0344869
0.0514683
-0.0611443
-0.0340249
-0.0301559
-0.0243769
-0.0193953
-0.0151548
-0.0113151
-0.00777014
-0.0044524
-0.00128914
0.00178993
0.00485703
0.0080029
0.0113598
0.0151214
0.0199352
0.0259356
0.037574
0.0501658
0.092521
4.06133e-07
5.04625e-05
0.00019135
0.000411035
0.000704419
0.00106428
0.00148173
0.00194646
0.00244698
0.00297083
0.00350482
0.00403533
0.00454854
0.00503075
0.00546876
0.00585019
0.00616396
0.00640075
0.00655368
0.00660943
-4.92714e-05
1.2703e-06
0.000144248
0.000367002
0.0006645
0.00102945
0.00145284
0.00192427
0.00243211
0.00296374
0.00350586
0.00404465
0.00456609
0.00505629
0.00550176
0.0058899
0.00620935
0.00645054
0.0066065
0.00666314
-0.000192985
-0.000140694
8.24145e-06
0.000240283
0.000550159
0.000930251
0.00137121
0.00186223
0.00239126
0.00294532
0.00351063
0.00407289
0.00461758
0.0051302
0.00559663
0.00600356
0.00633889
0.00659235
0.00675639
0.00681579
-0.000425879
-0.000370364
-0.000211711
3.54514e-05
0.000365443
0.00077011
0.00123949
0.00176213
0.00232537
0.00291554
0.00351819
0.00411827
0.00470044
0.00524927
0.00574962
0.00618701
0.00654815
0.00682161
0.00699887
0.00706314
-0.000754053
-0.000693866
-0.000521407
-0.00025283
0.000105576
0.000544853
0.00105416
0.00162116
0.00223229
0.00287299
0.00352789
0.00418098
0.00481582
0.00541571
0.00596407
0.00644481
0.00684288
0.00714509
0.00734143
0.00741289
-0.00118614
-0.0011197
-0.000928889
-0.00063194
-0.000236023
0.000248781
0.000810437
0.00143543
0.00210905
0.00281565
0.00353875
0.00426118
0.00496513
0.00563238
0.00624448
0.00678315
0.00723093
0.00757213
0.00779453
0.00787596
-0.00173353
-0.00165903
-0.00144465
-0.00111144
-0.00066781
-0.000125381
0.000502229
0.0012
0.00195186
0.00274085
0.0035493
0.00435873
0.00514985
0.0059026
0.00659626
0.00720979
0.00772247
0.00811509
0.00837218
0.00846707
-0.00241093
-0.00232621
-0.0020821
-0.00170341
-0.00120034
-0.000586619
0.000122066
0.000908829
0.00175597
0.00264515
0.00355742
0.00447307
0.00537123
0.00622989
0.00702569
0.00773415
0.00833025
0.00878987
0.00909275
0.0092058
-0.00323703
-0.00313937
-0.00285796
-0.00242272
-0.0018464
-0.00114564
-0.000338855
0.000554782
0.00151573
0.00252423
0.00356017
0.00460281
0.00562991
0.00661752
0.00753942
0.00836699
0.00906967
0.0096165
0.00998007
0.0101179
-0.00423553
-0.00412129
-0.00379294
-0.00328737
-0.0026211
-0.00181483
-0.000890528
0.000129818
0.00122464
0.00237287
0.00355354
0.00474536
0.00592527
0.00706775
0.00814376
0.00911998
0.00995882
0.0106198
0.0110648
0.0112374
-0.00543674
-0.00530061
-0.00491255
-0.00431893
-0.00354193
-0.00260802
-0.0015438
-0.000374696
0.000875603
0.00218498
0.00353223
0.00489637
0.00625453
0.00758065
0.00884341
0.0100046
0.011018
0.0118304
0.0123866
0.0126102
-0.00688009
-0.00671365
-0.00624833
-0.00554293
-0.00462866
-0.00353999
-0.0023097
-0.000967276
0.000461422
0.00195382
0.00348951
0.00504912
0.00661167
0.00815236
0.00963931
0.01103
0.0122686
0.0132848
0.0139971
0.0142998
-0.00861846
-0.00840719
-0.00783954
-0.00698938
-0.00590287
-0.0046255
-0.00319808
-0.00165504
-2.41388e-05
0.0016726
0.00341719
0.00519379
0.00698585
0.00877276
0.0105252
0.0121994
0.0137299
0.0150258
0.0159634
0.0163969
-0.010726
-0.0104434
-0.00973586
-0.00869306
-0.00738686
-0.00587724
-0.0042158
-0.00244214
-0.000585062
0.00133545
0.00330609
0.00531703
0.00735981
0.00942237
0.0114832
0.0135029
0.0154122
0.0171006
0.0183724
0.0190368
-0.0132982
-0.0129044
-0.012001
-0.0106932
-0.00910107
-0.00730318
-0.00536374
-0.00332696
-0.00122088
0.000939032
0.00314684
0.00540175
0.00770802
0.010068
0.0124762
0.0149083
0.0173024
0.0195519
0.0213212
0.0224506
-0.0166081
-0.015929
-0.0147251
-0.0130312
-0.0110604
-0.0089015
-0.00663208
-0.00429814
-0.00192332
0.000485067
0.00293296
0.00542807
0.00799601
0.0106594
0.0134391
0.016342
0.0193342
0.0223767
0.02488
0.027031
-0.0202396
-0.0194804
-0.0179543
-0.0157335
-0.0132629
-0.0106521
-0.00799363
-0.00532918
-0.00267259
-1.81742e-05
0.00265259
0.00537427
0.00818082
0.0111242
0.0142627
0.017651
0.0213112
0.0254729
0.0288991
0.0332692
-0.0278959
-0.0243364
-0.022103
-0.0188859
-0.0156844
-0.0124957
-0.00938464
-0.00636544
-0.00342706
-0.000542216
0.00232769
0.0052318
0.00822407
0.0113961
0.0148686
0.0188256
0.0233763
0.0293893
0.0346006
0.0432668
-0.0325519
-0.0301906
-0.0268057
-0.0226201
-0.0184397
-0.0144677
-0.0108002
-0.00738877
-0.00417057
-0.00108235
0.00193943
0.00496186
0.00804794
0.0112796
0.014744
0.0186763
0.0225917
0.0302511
0.0335687
0.0516454
-0.0601454
-0.0334805
-0.030155
-0.0245403
-0.0195531
-0.0152863
-0.0114175
-0.00784768
-0.00451399
-0.00134279
0.00173698
0.00479662
0.00792253
0.0112453
0.0149323
0.0196908
0.0254915
0.0373646
0.0505129
0.0943994
8.84151e-07
5.05704e-05
0.000191318
0.0004109
0.000704238
0.0010641
0.00148159
0.00194638
0.00244698
0.00297093
0.00350504
0.00403568
0.00454901
0.00503134
0.00546944
0.00585093
0.00616471
0.00640144
0.00655425
0.0066096
-4.83542e-05
1.76091e-06
0.000144577
0.000367212
0.000664627
0.00102953
0.00145291
0.00192435
0.0024322
0.00296389
0.00350606
0.00404491
0.00456642
0.00505668
0.0055022
0.00589036
0.00620978
0.00645089
0.00660671
0.00666294
-0.000191787
-0.000139955
8.78892e-06
0.000240676
0.000550446
0.000930477
0.0013714
0.00186239
0.00239143
0.0029455
0.00351084
0.00407314
0.00461787
0.00513053
0.00559699
0.00600392
0.00633921
0.00659256
0.00675645
0.0068154
-0.000424384
-0.00036937
-0.000210932
3.60442e-05
0.000365904
0.000770479
0.00123979
0.00176239
0.00232561
0.00291577
0.00351842
0.00411852
0.00470071
0.00524957
0.00574993
0.00618731
0.0065484
0.00682175
0.00699883
0.00706262
-0.000752224
-0.000692595
-0.000520381
-0.000252022
0.000106222
0.00054538
0.00105459
0.00162153
0.00223261
0.00287328
0.00352817
0.00418127
0.00481611
0.00541602
0.00596438
0.0064451
0.00684311
0.00714519
0.00734134
0.00741227
-0.00118391
-0.0011181
-0.000927571
-0.00063088
-0.000235162
0.000249488
0.000811022
0.00143592
0.00210947
0.00281601
0.00353909
0.0042615
0.00496546
0.00563272
0.00624481
0.00678347
0.00723118
0.00757225
0.00779444
0.00787526
-0.00173077
-0.001657
-0.00144296
-0.00111007
-0.000666684
-0.000124457
0.000502988
0.00120063
0.00195238
0.00274129
0.00354969
0.0043591
0.00515021
0.00590297
0.00659665
0.00721017
0.00772279
0.00811527
0.00837213
0.00846633
-0.00240747
-0.00232361
-0.00207992
-0.00170163
-0.00119888
-0.000585429
0.000123031
0.000909609
0.0017566
0.00264567
0.00355787
0.00447348
0.00537163
0.0062303
0.00702613
0.0077346
0.00833067
0.00879015
0.0090928
0.00920506
-0.00323262
-0.00313599
-0.00285511
-0.00242039
-0.00184451
-0.00114413
-0.000337654
0.000555726
0.00151647
0.00252481
0.00356065
0.00460323
0.00563032
0.00661795
0.0075399
0.00836753
0.00907022
0.00961694
0.00998027
0.0101172
-0.00422979
-0.00411682
-0.00378918
-0.00328433
-0.00261867
-0.00181293
-0.000889068
0.000130917
0.00122546
0.00237347
0.00355399
0.00474573
0.00592562
0.00706814
0.00814424
0.00912058
0.00995953
0.0106205
0.0110653
0.0112369
-0.0054291
-0.00529458
-0.00490753
-0.00431493
-0.00353883
-0.00260567
-0.00154209
-0.000373489
0.000876416
0.00218549
0.00353254
0.00489656
0.0062547
0.00758088
0.00884379
0.0100052
0.0110189
0.0118314
0.0123877
0.0126102
-0.00686967
-0.00670538
-0.00624156
-0.00553768
-0.00462475
-0.0035372
-0.00230781
-0.000966084
0.000462078
0.00195408
0.00348949
0.00504893
0.00661143
0.00815218
0.00963933
0.0110305
0.0122696
0.0132863
0.0139989
0.0143007
-0.00860387
-0.0083956
-0.00783035
-0.00698256
-0.00589809
-0.00462237
-0.00319622
-0.00165412
-2.39191e-05
0.00167232
0.00341657
0.00519295
0.00698493
0.00877188
0.0105246
0.0121992
0.0137307
0.0150278
0.0159663
0.0163995
-0.0107051
-0.0104268
-0.00972339
-0.00868438
-0.00738133
-0.00587411
-0.0042144
-0.00244195
-0.000585728
0.00133423
0.0033044
0.00531507
0.00735765
0.00942012
0.0114811
0.0135015
0.0154121
0.0171029
0.0183767
0.0190422
-0.013267
-0.0128804
-0.0119843
-0.0106826
-0.00909536
-0.00730086
-0.00536365
-0.00332824
-0.00122306
0.000936229
0.00314341
0.00539796
0.00770378
0.0100634
0.0124715
0.0149041
0.0173
0.019554
0.0213273
0.0224619
-0.0165624
-0.0158955
-0.0147038
-0.0130196
-0.0110561
-0.00890163
-0.00663477
-0.00430213
-0.00192808
0.000479636
0.00292609
0.00542122
0.00798821
0.0106504
0.0134291
0.0163319
0.0193259
0.0223758
0.0248859
0.0270531
-0.0201602
-0.0194301
-0.0179272
-0.015723
-0.0132629
-0.0106576
-0.00800162
-0.00533803
-0.0026817
-2.74594e-05
0.00264348
0.00536303
0.0081674
0.0111079
0.0142429
0.0176282
0.0212873
0.0254622
0.0288942
0.0333093
-0.0277869
-0.0242676
-0.0220769
-0.0188818
-0.015694
-0.012511
-0.0094014
-0.0063818
-0.00344264
-0.00055748
0.00231189
0.00521411
0.0082028
0.0113698
0.0148363
0.0187894
0.0233367
0.0293741
0.034601
0.0433351
-0.0323818
-0.0301337
-0.0267976
-0.0226449
-0.0184748
-0.014503
-0.0108321
-0.00741668
-0.00419539
-0.00110567
0.00191557
0.00493498
0.00801473
0.0112357
0.0146833
0.0185976
0.0224674
0.0301653
0.0334294
0.0517103
-0.0598957
-0.0333442
-0.0301249
-0.0245565
-0.0195866
-0.0153231
-0.0114521
-0.00787846
-0.00454178
-0.00136936
0.00170922
0.00476449
0.00788201
0.0111921
0.0148598
0.0196062
0.0253888
0.0373337
0.0505976
0.0947532
1.40557e-06
5.07703e-05
0.000191344
0.000410832
0.000704125
0.00106399
0.0014815
0.00194635
0.00244703
0.00297106
0.00350527
0.00403601
0.00454945
0.00503187
0.00547005
0.00585159
0.00616538
0.00640205
0.00655472
0.00660977
-4.74966e-05
2.30373e-06
0.000144946
0.000367447
0.000664781
0.00102964
0.00145301
0.00192445
0.00243233
0.00296406
0.00350628
0.00404519
0.00456676
0.00505707
0.00550264
0.00589081
0.00621021
0.00645123
0.0066069
0.00666281
-0.000190657
-0.000139162
9.39426e-06
0.000241132
0.000550795
0.000930753
0.00137163
0.00186259
0.00239163
0.0029457
0.00351107
0.0040734
0.00461817
0.00513086
0.00559734
0.00600427
0.00633951
0.00659277
0.00675649
0.0068151
-0.000422968
-0.00036832
-0.000210092
3.67108e-05
0.000366437
0.000770911
0.00124015
0.0017627
0.00232588
0.00291603
0.00351868
0.00411879
0.004701
0.00524987
0.00575024
0.00618761
0.00654864
0.00682187
0.00699878
0.00706219
-0.000750478
-0.000691254
-0.000519281
-0.000251127
0.000106951
0.000545976
0.00105509
0.00162194
0.00223296
0.00287359
0.00352846
0.00418155
0.0048164
0.00541631
0.00596468
0.00644538
0.00684333
0.00714529
0.00734124
0.00741175
-0.00118176
-0.0011164
-0.000926158
-0.000629716
-0.000234205
0.000250272
0.000811663
0.00143644
0.00210991
0.00281639
0.00353942
0.00426181
0.00496577
0.00563303
0.00624513
0.00678376
0.00723142
0.00757235
0.00779433
0.00787468
-0.0017281
-0.00165486
-0.00144116
-0.00110857
-0.000665451
-0.000123451
0.000503803
0.00120129
0.00195291
0.00274174
0.00355007
0.00435944
0.00515054
0.00590331
0.00659699
0.00721051
0.00772308
0.00811542
0.00837205
0.00846573
-0.00240411
-0.00232087
-0.00207759
-0.0016997
-0.0011973
-0.000584154
0.000124046
0.000910409
0.00175723
0.00264617
0.00355828
0.00447384
0.00537197
0.00623066
0.00702651
0.007735
0.00833103
0.0087904
0.0090928
0.00920447
-0.00322832
-0.00313244
-0.00285209
-0.0024179
-0.00184249
-0.00114253
-0.000336412
0.000556673
0.00151718
0.00252534
0.00356106
0.00460357
0.00563064
0.0066183
0.0075403
0.00836799
0.0090707
0.00961734
0.00998042
0.0101167
-0.0042242
-0.00411215
-0.00378523
-0.0032811
-0.00261611
-0.00181095
-0.000887586
0.000131992
0.00122621
0.00237398
0.00355434
0.00474597
0.00592584
0.00706841
0.00814461
0.0091211
0.00996015
0.0106212
0.0110657
0.0112366
-0.00542167
-0.00528835
-0.00490232
-0.00431074
-0.0035356
-0.00260328
-0.00154038
-0.000372343
0.000877127
0.00218588
0.00353271
0.00489658
0.00625466
0.0075809
0.00884398
0.0100056
0.0110196
0.0118324
0.0123885
0.0126103
-0.00685962
-0.00669693
-0.00623462
-0.00553228
-0.00462074
-0.00353439
-0.00230596
-0.000964995
0.000462592
0.00195416
0.00348925
0.00504848
0.0066109
0.00815171
0.0096391
0.0110306
0.0122703
0.0132876
0.0140004
0.0143015
-0.00858999
-0.00838397
-0.00782107
-0.00697563
-0.00589324
-0.00461924
-0.00319443
-0.00165334
-2.38848e-05
0.00167178
0.00341558
0.00519166
0.00698348
0.00877046
0.0105234
0.0121987
0.0137311
0.0150294
0.0159686
0.0164016
-0.0106855
-0.0104106
-0.00971102
-0.00867568
-0.00737577
-0.005871
-0.00421309
-0.00244191
-0.000586652
0.00133255
0.00330213
0.00531238
0.00735466
0.00941701
0.0114783
0.0134994
0.0154114
0.0171045
0.0183801
0.019047
-0.0132386
-0.0128575
-0.011968
-0.0106722
-0.00908963
-0.00729852
-0.00536362
-0.00332977
-0.0012257
0.000932707
0.00313904
0.00539307
0.00769832
0.0100574
0.0124654
0.0148987
0.0172966
0.0195547
0.0213318
0.0224715
-0.0165211
-0.0158638
-0.0146833
-0.0130081
-0.0110515
-0.00890154
-0.00663742
-0.00430642
-0.00193344
0.000473335
0.00291831
0.00541311
0.00797904
0.0106399
0.0134176
0.0163204
0.0193163
0.0223732
0.0248896
0.0270717
-0.0200913
-0.019384
-0.0179019
-0.0157126
-0.0132624
-0.0106624
-0.00800908
-0.00534674
-0.00269105
-3.72859e-05
0.00263341
0.00535085
0.00815297
0.0110907
0.0142227
0.0176055
0.0212643
0.0254501
0.0288879
0.0333416
-0.0276994
-0.0242094
-0.0220525
-0.0188778
-0.0157022
-0.0125245
-0.00941645
-0.0063969
-0.00345746
-0.000572354
0.00229627
0.00519645
0.00818168
0.011344
0.0148054
0.0187549
0.0233007
0.029359
0.034599
0.0433967
-0.0322449
-0.0300701
-0.026781
-0.022659
-0.0185012
-0.0145316
-0.010859
-0.00744095
-0.00421758
-0.001127
0.00189343
0.00490988
0.00798399
0.0111957
0.0146293
0.0185276
0.0223634
0.0300927
0.0333241
0.0517766
-0.0596979
-0.0332158
-0.0300811
-0.024563
-0.0196135
-0.0153548
-0.0114827
-0.00790627
-0.00456715
-0.00139371
0.00168387
0.00473556
0.00784644
0.0111465
0.0147998
0.0195365
0.0253051
0.0373029
0.0506293
0.0950075
1.94738e-06
5.1199e-05
0.00019169
0.000411093
0.000704324
0.00106415
0.00148164
0.00194649
0.00244718
0.00297124
0.00350549
0.00403628
0.00454976
0.00503223
0.00547043
0.00585198
0.00616575
0.00640237
0.00655497
0.00660991
-4.68027e-05
2.8701e-06
0.000145409
0.000367816
0.000665075
0.00102988
0.00145321
0.00192464
0.00243252
0.00296425
0.0035065
0.00404544
0.00456704
0.00505737
0.00550296
0.00589113
0.0062105
0.00645146
0.00660706
0.00666285
-0.000189781
-0.000138425
1.00134e-05
0.000241639
0.000551209
0.000931094
0.00137191
0.00186284
0.00239185
0.00294593
0.0035113
0.00407364
0.00461842
0.00513113
0.00559762
0.00600453
0.00633974
0.00659293
0.00675658
0.00681506
-0.000421862
-0.000367369
-0.000209279
3.73907e-05
0.000367
0.000771376
0.00124054
0.00176303
0.00232617
0.00291628
0.00351892
0.00411903
0.00470124
0.00525012
0.00575048
0.00618783
0.00654882
0.00682198
0.00699879
0.00706208
-0.00074909
-0.000690042
-0.000518231
-0.00025024
0.000107691
0.000546587
0.00105559
0.00162235
0.00223331
0.00287389
0.00352873
0.0041818
0.00481664
0.00541655
0.00596491
0.00644559
0.00684348
0.00714536
0.00734121
0.00741159
-0.00118001
-0.00111487
-0.000924815
-0.000628575
-0.000233253
0.000251055
0.000812301
0.00143696
0.00211032
0.00281673
0.00353971
0.00426207
0.004966
0.00563326
0.00624534
0.00678396
0.00723157
0.00757242
0.00779429
0.00787449
-0.0017259
-0.0016529
-0.00143944
-0.00110711
-0.000664238
-0.000122463
0.000504594
0.00120191
0.0019534
0.00274212
0.00355037
0.0043597
0.00515077
0.00590352
0.0065972
0.0072107
0.00772323
0.0081155
0.00837202
0.00846553
-0.00240129
-0.00231835
-0.00207539
-0.00169783
-0.00119577
-0.000582923
0.00012501
0.000911144
0.00175778
0.00264657
0.00355857
0.00447406
0.00537216
0.00623083
0.00702669
0.00773517
0.00833119
0.00879051
0.00909281
0.0092043
-0.00322468
-0.00312919
-0.00284925
-0.00241552
-0.00184056
-0.00114101
-0.000335263
0.000557509
0.00151776
0.00252573
0.00356129
0.00460371
0.00563072
0.00661837
0.0075404
0.00836813
0.00907086
0.0096175
0.00998052
0.0101166
-0.00421945
-0.0041079
-0.00378154
-0.00327805
-0.00261369
-0.00180911
-0.000886254
0.000132897
0.00122677
0.00237427
0.00355442
0.00474593
0.00592573
0.0070683
0.00814455
0.00912113
0.00996029
0.0106214
0.0110659
0.0112367
-0.00541539
-0.00528274
-0.00489751
-0.00430685
-0.00353261
-0.00260109
-0.0015389
-0.000371442
0.000877559
0.00218595
0.0035325
0.00489621
0.00625421
0.00758046
0.00884364
0.0100055
0.0110197
0.0118326
0.0123889
0.0126106
-0.00685121
-0.00668945
-0.00622834
-0.00552733
-0.00461709
-0.00353188
-0.00230442
-0.000964242
0.000462723
0.00195382
0.00348856
0.00504757
0.00660987
0.00815069
0.00963822
0.01103
0.0122701
0.0132878
0.014001
0.0143022
-0.00857859
-0.00837393
-0.00781287
-0.00696942
-0.00588891
-0.00461653
-0.00319303
-0.00165298
-2.43207e-05
0.00167075
0.0034141
0.00518986
0.00698149
0.00876844
0.0105216
0.0121973
0.0137304
0.0150296
0.0159696
0.0164032
-0.0106699
-0.010397
-0.00970036
-0.00866803
-0.00737086
-0.00586834
-0.00421218
-0.00244235
-0.000588035
0.00133042
0.00329941
0.00530922
0.00735117
0.00941338
0.0114748
0.0134965
0.0154096
0.0171043
0.0183815
0.0190499
-0.0132171
-0.0128392
-0.0119543
-0.0106631
-0.00908448
-0.00729643
-0.00536377
-0.0033315
-0.00122856
0.000928939
0.00313447
0.00538792
0.00769261
0.0100513
0.0124592
0.0148931
0.0172926
0.0195535
0.0213334
0.0224765
-0.0164916
-0.0158396
-0.0146662
-0.0129979
-0.0110468
-0.00890086
-0.00663944
-0.00431022
-0.00193847
0.000467304
0.00291115
0.00540525
0.00797023
0.0106302
0.0134073
0.0163104
0.0193081
0.0223697
0.0248908
0.0270805
-0.0200487
-0.0193514
-0.017881
-0.0157019
-0.0132592
-0.0106643
-0.00801409
-0.00535357
-0.00269899
-4.60866e-05
0.00262385
0.00533973
0.00814014
0.011076
0.0142063
0.0175885
0.0212488
0.0254417
0.0288855
0.0333556
-0.0276454
-0.0241688
-0.0220295
-0.0188678
-0.0157018
-0.0125302
-0.00942549
-0.00640755
-0.00346898
-0.000584612
0.00228296
0.00518144
0.00816419
0.0113236
0.0147824
0.0187311
0.0232789
0.0293494
0.0346004
0.0434231
-0.0321737
-0.0300221
-0.0267558
-0.0226517
-0.0185057
-0.0145426
-0.010873
-0.00745601
-0.00423302
-0.00114298
0.00187622
0.00489031
0.00796078
0.0111675
0.0145948
0.0184879
0.0223156
0.0300629
0.0332959
0.0518046
-0.0596029
-0.0331481
-0.0300473
-0.0245536
-0.0196182
-0.0153673
-0.0114986
-0.0079232
-0.0045844
-0.0014115
0.00166468
0.00471366
0.00782042
0.0111151
0.0147624
0.0194965
0.0252657
0.037288
0.05064
0.0950868
2.45587e-06
5.16414e-05
0.000192064
0.000411398
0.000704573
0.00106435
0.00148182
0.00194666
0.00244735
0.00297142
0.00350569
0.00403649
0.00455
0.00503249
0.0054707
0.00585225
0.00616601
0.00640259
0.00655515
0.00661003
-4.62034e-05
3.40241e-06
0.000145868
0.000368201
0.000665395
0.00103015
0.00145344
0.00192484
0.00243271
0.00296444
0.00350669
0.00404565
0.00456726
0.00505761
0.0055032
0.00589136
0.00621071
0.00645164
0.00660718
0.00666292
-0.000189044
-0.000137762
1.05944e-05
0.000242134
0.000551625
0.000931442
0.00137221
0.0018631
0.00239208
0.00294614
0.00351151
0.00407385
0.00461863
0.00513134
0.00559783
0.00600473
0.00633991
0.00659306
0.00675665
0.00681507
-0.00042094
-0.000366531
-0.000208536
3.80297e-05
0.00036754
0.000771829
0.00124091
0.00176334
0.00232644
0.00291652
0.00351914
0.00411924
0.00470144
0.00525032
0.00575067
0.006188
0.00654896
0.00682207
0.00699883
0.00706204
-0.000747931
-0.000688979
-0.000517284
-0.000249421
0.000108384
0.000547165
0.00105607
0.00162275
0.00223363
0.00287416
0.00352896
0.00418201
0.00481683
0.00541673
0.00596508
0.00644574
0.0068436
0.00714543
0.00734122
0.00741152
-0.00117855
-0.00111352
-0.000923609
-0.000627531
-0.000232372
0.000251783
0.000812891
0.00143743
0.0021107
0.00281703
0.00353995
0.00426227
0.00496618
0.00563342
0.0062455
0.00678409
0.00723167
0.00757247
0.00779428
0.0078744
-0.00172404
-0.00165118
-0.0014379
-0.00110578
-0.000663127
-0.000121557
0.000505314
0.00120247
0.00195382
0.00274244
0.00355061
0.00435988
0.00515092
0.00590366
0.00659732
0.00721081
0.00772332
0.00811555
0.00837201
0.00846544
-0.00239892
-0.00231615
-0.00207342
-0.00169615
-0.00119437
-0.000581807
0.000125873
0.000911788
0.00175824
0.00264689
0.00355878
0.0044742
0.00537225
0.0062309
0.00702676
0.00773525
0.00833127
0.00879056
0.00909282
0.00920423
-0.00322162
-0.00312634
-0.00284674
-0.00241338
-0.00183882
-0.00113966
-0.000334251
0.000558223
0.00151823
0.002526
0.00356142
0.00460373
0.00563069
0.00661833
0.00754038
0.00836814
0.00907091
0.00961756
0.00998056
0.0101166
-0.00421545
-0.00410421
-0.00377831
-0.00327535
-0.00261154
-0.00180749
-0.000885101
0.000133646
0.00122719
0.00237442
0.00355438
0.00474575
0.00592549
0.00706805
0.00814435
0.009121
0.00996026
0.0106214
0.011066
0.0112367
-0.00541016
-0.00527793
-0.00489334
-0.00430344
-0.00352997
-0.00259919
-0.00153765
-0.000370729
0.000877831
0.00218587
0.00353216
0.0048957
0.00625361
0.00757985
0.00884311
0.0100051
0.0110195
0.0118326
0.012389
0.0126108
-0.00684429
-0.00668314
-0.00622296
-0.00552306
-0.00461392
-0.00352973
-0.00230314
-0.000963685
0.000462702
0.00195335
0.00348774
0.00504651
0.00660869
0.00814949
0.00963714
0.0110292
0.0122696
0.0132877
0.0140013
0.0143026
-0.00856941
-0.00836564
-0.00780596
-0.00696412
-0.00588519
-0.00461421
-0.00319189
-0.00165277
-2.48529e-05
0.00166963
0.00341254
0.00518798
0.00697941
0.00876631
0.0105196
0.0121957
0.0137293
0.0150293
0.01597
0.0164039
-0.0106577
-0.0103861
-0.00969156
-0.00866158
-0.00736664
-0.00586604
-0.00421142
-0.00244277
-0.000589384
0.00132835
0.00329676
0.00530613
0.00734778
0.00940985
0.0114714
0.0134935
0.0154076
0.0171036
0.018382
0.0190513
-0.0132008
-0.0128249
-0.0119433
-0.0106554
-0.00907997
-0.00729448
-0.00536377
-0.00333296
-0.00123112
0.000925516
0.00313034
0.00538318
0.00768738
0.0100458
0.0124537
0.0148881
0.0172888
0.0195518
0.0213338
0.0224791
-0.01647
-0.0158212
-0.0146526
-0.0129892
-0.0110424
-0.00889976
-0.00664075
-0.00431322
-0.00194269
0.000462115
0.00290515
0.00539839
0.00796257
0.0106219
0.0133987
0.0163022
0.0193015
0.0223663
0.0248908
0.027085
-0.0200194
-0.0193276
-0.0178645
-0.0156925
-0.0132555
-0.0106647
-0.0080173
-0.00535861
-0.00270531
-5.3422e-05
0.00261545
0.00533031
0.00812951
0.0110642
0.0141936
0.0175759
0.0212376
0.0254353
0.0288834
0.0333627
-0.0276094
-0.0241398
-0.0220109
-0.0188585
-0.0156997
-0.0125328
-0.00943113
-0.00641502
-0.00347765
-0.000594299
0.00227216
0.0051693
0.00815032
0.011308
0.0147653
0.0187141
0.0232639
0.0293418
0.0345999
0.0434368
-0.0321278
-0.0299873
-0.0267347
-0.022643
-0.0185057
-0.014548
-0.0108813
-0.00746602
-0.00424406
-0.00115497
0.00186301
0.00487531
0.0079434
0.0111471
0.0145711
0.018462
0.022287
0.0300448
0.033281
0.0518192
-0.0595449
-0.033103
-0.0300211
-0.0245432
-0.0196185
-0.0153736
-0.0115082
-0.00793445
-0.00459664
-0.00142467
0.00165018
0.0046972
0.00780137
0.0110929
0.0147374
0.0194706
0.0252412
0.0372771
0.0506412
0.0951239
2.9039e-06
5.20553e-05
0.000192433
0.000411718
0.000704847
0.00106459
0.00148202
0.00194684
0.00244751
0.00297158
0.00350585
0.00403667
0.00455018
0.00503267
0.00547089
0.00585244
0.00616618
0.00640274
0.00655527
0.00661013
-4.56985e-05
3.87123e-06
0.000146288
0.000368566
0.000665708
0.00103042
0.00145367
0.00192504
0.0024329
0.00296462
0.00350686
0.00404582
0.00456744
0.00505779
0.00550337
0.00589153
0.00621086
0.00645176
0.00660728
0.00666299
-0.000188439
-0.000137197
1.11039e-05
0.00024258
0.000552007
0.000931768
0.00137248
0.00186334
0.00239229
0.00294633
0.00351168
0.00407402
0.0046188
0.00513151
0.00559799
0.00600488
0.00634004
0.00659316
0.00675672
0.00681511
-0.00042019
-0.000365827
-0.000207899
3.85889e-05
0.00036802
0.000772235
0.00124125
0.00176363
0.00232668
0.00291673
0.00351933
0.0041194
0.0047016
0.00525047
0.00575081
0.00618813
0.00654907
0.00682215
0.00699887
0.00706206
-0.00074699
-0.000688094
-0.00051648
-0.000248714
0.000108989
0.000547672
0.00105648
0.00162309
0.00223391
0.00287439
0.00352915
0.00418217
0.00481698
0.00541686
0.0059652
0.00644584
0.00684368
0.00714548
0.00734124
0.00741151
-0.00117736
-0.00111239
-0.00092259
-0.000626639
-0.000231613
0.000252413
0.000813401
0.00143784
0.00211102
0.00281727
0.00354015
0.00426243
0.00496631
0.00563353
0.00624559
0.00678417
0.00723173
0.00757251
0.00779428
0.00787437
-0.00172252
-0.00164975
-0.00143661
-0.00110466
-0.000662177
-0.000120781
0.000505928
0.00120294
0.00195417
0.00274269
0.00355079
0.00436
0.00515101
0.00590372
0.00659738
0.00721086
0.00772336
0.00811557
0.00837201
0.0084654
-0.00239698
-0.00231433
-0.00207178
-0.00169473
-0.00119319
-0.000580861
0.0001266
0.000912321
0.00175861
0.00264712
0.00355891
0.00447425
0.00537226
0.0062309
0.00702676
0.00773526
0.00833128
0.00879057
0.00909281
0.00920419
-0.00321912
-0.003124
-0.00284464
-0.00241159
-0.00183736
-0.00113852
-0.000333409
0.000558803
0.00151858
0.00252618
0.00356146
0.00460368
0.00563059
0.00661821
0.00754027
0.00836806
0.00907087
0.00961754
0.00998055
0.0101166
-0.00421223
-0.00410119
-0.00377563
-0.0032731
-0.00260974
-0.00180614
-0.000884156
0.000134239
0.00122748
0.00237448
0.00355426
0.00474551
0.00592518
0.00706772
0.00814405
0.00912077
0.00996012
0.0106214
0.011066
0.0112367
-0.00540597
-0.00527403
-0.00488993
-0.00430063
-0.0035278
-0.00259762
-0.00153663
-0.000370182
0.000877989
0.00218572
0.00353178
0.00489515
0.00625297
0.00757919
0.0088425
0.0100046
0.0110192
0.0118325
0.012389
0.0126108
-0.00683885
-0.0066781
-0.00621862
-0.00551957
-0.00461132
-0.00352796
-0.00230212
-0.00096328
0.000462601
0.00195284
0.00348693
0.00504549
0.00660754
0.00814831
0.00963605
0.0110283
0.012269
0.0132874
0.0140012
0.0143028
-0.00856231
-0.00835913
-0.00780047
-0.00695984
-0.00588215
-0.00461231
-0.00319096
-0.00165266
-2.53839e-05
0.00166859
0.0034111
0.00518626
0.00697752
0.00876436
0.0105177
0.0121941
0.0137282
0.0150287
0.0159699
0.0164042
-0.0106484
-0.0103777
-0.00968467
-0.00865642
-0.0073632
-0.00586412
-0.00421077
-0.00244314
-0.000590563
0.00132653
0.00329444
0.00530343
0.00734482
0.00940678
0.0114684
0.0134909
0.0154057
0.0171025
0.0183818
0.0190517
-0.0131889
-0.0128142
-0.0119347
-0.0106493
-0.00907622
-0.00729274
-0.00536364
-0.00333409
-0.00123321
0.000922658
0.00312685
0.00537919
0.007683
0.0100412
0.0124491
0.014884
0.0172856
0.01955
0.0213334
0.0224799
-0.0164547
-0.0158078
-0.0146423
-0.0129822
-0.0110386
-0.00889847
-0.00664144
-0.00431538
-0.00194597
0.000457951
0.0029002
0.0053928
0.0079564
0.0106153
0.013392
0.0162959
0.0192964
0.0223633
0.0248899
0.0270864
-0.0199996
-0.0193108
-0.0178521
-0.0156848
-0.0132518
-0.0106641
-0.00801911
-0.00536209
-0.00271001
-5.90839e-05
0.00260898
0.00532292
0.00812125
0.0110552
0.0141843
0.0175668
0.0212299
0.0254305
0.0288816
0.0333652
-0.0275856
-0.0241196
-0.0219968
-0.0188502
-0.0156963
-0.0125333
-0.00943424
-0.00641995
-0.00348386
-0.000601537
0.00226394
0.00516004
0.00813991
0.0112965
0.0147532
0.0187024
0.023254
0.0293363
0.0345987
0.0434419
-0.0320991
-0.0299636
-0.0267184
-0.0226342
-0.0185028
-0.0145495
-0.0108857
-0.00747233
-0.00425166
-0.00116362
0.00185325
0.00486425
0.00793082
0.0111329
0.0145555
0.0184457
0.022271
0.0300345
0.0332745
0.0518244
-0.0595106
-0.0330748
-0.0300023
-0.0245334
-0.0196156
-0.0153754
-0.0115132
-0.00794144
-0.00460494
-0.00143407
0.00163962
0.00468523
0.00778778
0.0110777
0.0147208
0.0194541
0.0252265
0.0372692
0.0506395
0.0951359
3.2637e-06
5.23951e-05
0.000192742
0.000411992
0.000705085
0.00106479
0.0014822
0.001947
0.00244766
0.00297172
0.00350599
0.0040368
0.00455031
0.00503281
0.00547102
0.00585256
0.00616629
0.00640284
0.00655535
0.0066102
-4.53013e-05
4.24733e-06
0.000146632
0.000368871
0.000665973
0.00103064
0.00145387
0.00192522
0.00243305
0.00296476
0.003507
0.00404595
0.00456757
0.00505791
0.0055035
0.00589165
0.00621096
0.00645185
0.00660735
0.00666304
-0.000187969
-0.000136751
1.15118e-05
0.000242942
0.000552322
0.000932038
0.00137271
0.00186353
0.00239246
0.00294648
0.00351182
0.00407415
0.00461892
0.00513162
0.0055981
0.00600498
0.00634013
0.00659324
0.00675678
0.00681515
-0.000419615
-0.000365279
-0.000207397
3.90355e-05
0.000368407
0.000772564
0.00124153
0.00176386
0.00232687
0.0029169
0.00351947
0.00411953
0.00470172
0.00525057
0.00575091
0.00618822
0.00654914
0.0068222
0.00699891
0.00706208
-0.00074627
-0.000687408
-0.000515851
-0.000248156
0.00010947
0.000548078
0.00105682
0.00162336
0.00223413
0.00287456
0.0035293
0.00418229
0.00481708
0.00541696
0.00596528
0.00644591
0.00684374
0.00714552
0.00734126
0.00741151
-0.00117645
-0.00111153
-0.000921797
-0.000625938
-0.000231013
0.000252911
0.000813805
0.00143816
0.00211126
0.00281746
0.00354029
0.00426253
0.00496639
0.0056336
0.00624565
0.00678422
0.00723177
0.00757253
0.00779429
0.00787437
-0.00172137
-0.00164865
-0.00143561
-0.00110377
-0.000661432
-0.000120172
0.000506409
0.00120331
0.00195444
0.00274287
0.00355091
0.00436008
0.00515106
0.00590376
0.0065974
0.00721088
0.00772337
0.00811558
0.008372
0.00846538
-0.00239551
-0.00231293
-0.00207051
-0.00169362
-0.00119227
-0.000580123
0.000127163
0.000912729
0.00175888
0.00264729
0.00355899
0.00447428
0.00537225
0.00623087
0.00702672
0.00773522
0.00833126
0.00879055
0.00909279
0.00920416
-0.00321724
-0.00312221
-0.00284303
-0.00241021
-0.00183623
-0.00113764
-0.000332762
0.00055924
0.00151884
0.00252629
0.00356146
0.00460361
0.00563047
0.00661807
0.00754013
0.00836794
0.00907079
0.00961748
0.00998051
0.0101165
-0.00420981
-0.00409891
-0.00377359
-0.00327137
-0.00260836
-0.0018051
-0.000883434
0.000134679
0.00122769
0.00237449
0.00355413
0.00474528
0.00592488
0.0070674
0.00814375
0.00912052
0.00995994
0.0106212
0.011066
0.0112367
-0.00540285
-0.0052711
-0.00488734
-0.00429848
-0.00352613
-0.00259643
-0.00153586
-0.000369783
0.000878076
0.00218556
0.00353142
0.00489466
0.00625241
0.00757861
0.00884196
0.0100041
0.0110188
0.0118323
0.0123889
0.0126108
-0.00683483
-0.00667436
-0.00621537
-0.00551693
-0.00460934
-0.00352662
-0.00230134
-0.000962994
0.000462484
0.0019524
0.00348624
0.00504463
0.00660657
0.00814732
0.00963511
0.0110275
0.0122684
0.0132871
0.0140011
0.0143027
-0.00855714
-0.00835435
-0.00779639
-0.00695663
-0.00587984
-0.00461085
-0.00319026
-0.00165258
-2.58252e-05
0.00166774
0.00340993
0.00518486
0.00697598
0.00876278
0.0105162
0.0121928
0.0137272
0.0150281
0.0159696
0.0164042
-0.0106418
-0.0103717
-0.00967962
-0.00865258
-0.00736058
-0.00586264
-0.00421025
-0.00244341
-0.000591476
0.00132511
0.00329262
0.00530131
0.00734249
0.00940438
0.0114661
0.0134889
0.0154041
0.0171015
0.0183814
0.0190517
-0.0131805
-0.0128066
-0.0119286
-0.0106448
-0.00907335
-0.00729133
-0.00536345
-0.00333487
-0.00123477
0.000920483
0.00312416
0.00537613
0.00767966
0.0100377
0.0124457
0.0148809
0.0172831
0.0195485
0.0213328
0.02248
-0.0164443
-0.0157984
-0.0146348
-0.012977
-0.0110355
-0.00889728
-0.00664172
-0.00431684
-0.00194832
0.000454869
0.00289646
0.00538862
0.00795182
0.0106105
0.0133872
0.0162914
0.0192928
0.022361
0.024889
0.0270868
-0.0199865
-0.0192994
-0.0178433
-0.015679
-0.0132487
-0.0106633
-0.00802005
-0.00536437
-0.00271328
-6.31481e-05
0.00260429
0.00531753
0.00811528
0.0110488
0.0141778
0.0175606
0.0212247
0.0254271
0.0288801
0.0333658
-0.0275702
-0.0241061
-0.0219868
-0.0188438
-0.0156933
-0.0125329
-0.00943591
-0.00642307
-0.00348807
-0.000606617
0.00225809
0.00515344
0.00813256
0.0112885
0.0147451
0.0186946
0.0232475
0.0293322
0.0345973
0.0434437
-0.032081
-0.0299479
-0.0267069
-0.0226272
-0.0184999
-0.0145496
-0.0108881
-0.00747622
-0.00425669
-0.00116957
0.00184644
0.00485653
0.00792217
0.0111234
0.0145453
0.0184355
0.0222615
0.0300282
0.0332706
0.0518259
-0.0594898
-0.0330568
-0.0299895
-0.0245259
-0.0196126
-0.0153758
-0.0115158
-0.00794572
-0.0046104
-0.00144047
0.0016323
0.00467694
0.00777852
0.0110675
0.0147101
0.0194437
0.0252174
0.0372637
0.0506371
0.09514
3.51511e-06
5.26353e-05
0.000192964
0.00041219
0.000705259
0.00106495
0.00148234
0.00194711
0.00244776
0.00297182
0.00350608
0.00403689
0.0045504
0.00503289
0.00547111
0.00585264
0.00616636
0.0064029
0.0065554
0.00661024
-4.50267e-05
4.50987e-06
0.000146874
0.000369088
0.000666164
0.00103081
0.00145401
0.00192534
0.00243316
0.00296486
0.00350709
0.00404603
0.00456765
0.005058
0.00550357
0.00589172
0.00621103
0.0064519
0.00660739
0.00666308
-0.000187648
-0.000136444
1.1796e-05
0.000243197
0.000552545
0.00093223
0.00137288
0.00186367
0.00239258
0.00294658
0.00351191
0.00407423
0.004619
0.0051317
0.00559817
0.00600505
0.00634019
0.00659328
0.00675681
0.00681518
-0.000419223
-0.000364903
-0.00020705
3.93461e-05
0.000368678
0.000772795
0.00124172
0.00176402
0.00232701
0.00291701
0.00351956
0.00411962
0.00470179
0.00525064
0.00575097
0.00618827
0.00654919
0.00682224
0.00699893
0.0070621
-0.000745781
-0.00068694
-0.000515419
-0.000247771
0.000109804
0.00054836
0.00105705
0.00162355
0.00223428
0.00287469
0.0035294
0.00418237
0.00481715
0.00541701
0.00596533
0.00644595
0.00684377
0.00714554
0.00734128
0.00741152
-0.00117583
-0.00111094
-0.000921255
-0.000625456
-0.0002306
0.000253255
0.000814083
0.00143837
0.00211143
0.00281759
0.00354038
0.0042626
0.00496644
0.00563364
0.00624568
0.00678425
0.00723179
0.00757254
0.0077943
0.00787436
-0.00172059
-0.0016479
-0.00143492
-0.00110317
-0.00066092
-0.000119753
0.000506739
0.00120356
0.00195462
0.002743
0.00355099
0.00436013
0.00515108
0.00590376
0.0065974
0.00721088
0.00772337
0.00811557
0.008372
0.00846537
-0.00239451
-0.00231198
-0.00206964
-0.00169287
-0.00119164
-0.000579619
0.000127548
0.000913005
0.00175906
0.00264739
0.00355904
0.00447428
0.00537222
0.00623083
0.00702667
0.00773519
0.00833123
0.00879052
0.00909277
0.00920414
-0.00321597
-0.00312101
-0.00284194
-0.00240927
-0.00183545
-0.00113703
-0.000332324
0.000559533
0.00151901
0.00252636
0.00356145
0.00460354
0.00563037
0.00661795
0.00754001
0.00836784
0.00907071
0.00961743
0.00998047
0.0101165
-0.00420819
-0.00409737
-0.00377221
-0.0032702
-0.00260742
-0.0018044
-0.000882948
0.000134971
0.00122781
0.00237449
0.00355401
0.00474509
0.00592466
0.00706716
0.00814352
0.00912032
0.00995978
0.0106211
0.0110659
0.0112366
-0.00540078
-0.00526915
-0.00488561
-0.00429704
-0.003525
-0.00259562
-0.00153534
-0.000369522
0.000878121
0.00218543
0.00353116
0.0048943
0.00625199
0.00757818
0.00884155
0.0100038
0.0110186
0.0118321
0.0123888
0.0126107
-0.00683218
-0.00667188
-0.0062132
-0.00551517
-0.00460801
-0.00352571
-0.00230082
-0.00096281
0.000462388
0.00195208
0.00348575
0.00504401
0.00660588
0.00814661
0.00963443
0.0110269
0.012268
0.0132868
0.0140009
0.0143026
-0.00855378
-0.00835123
-0.00779371
-0.0069545
-0.0058783
-0.00460987
-0.00318979
-0.00165254
-2.6135e-05
0.00166715
0.00340912
0.00518389
0.0069749
0.00876168
0.0105152
0.0121919
0.0137265
0.0150276
0.0159693
0.016404
-0.0106376
-0.0103678
-0.00967632
-0.00865003
-0.00735883
-0.00586162
-0.00420989
-0.00244359
-0.000592091
0.00132414
0.00329137
0.00529986
0.00734091
0.00940275
0.0114645
0.0134875
0.0154029
0.0171008
0.018381
0.0190515
-0.0131752
-0.0128018
-0.0119246
-0.0106418
-0.00907141
-0.00729034
-0.00536327
-0.00333535
-0.00123578
0.000919038
0.00312237
0.00537408
0.00767742
0.0100353
0.0124434
0.0148788
0.0172815
0.0195474
0.0213322
0.0224798
-0.0164378
-0.0157925
-0.0146301
-0.0129736
-0.0110334
-0.00889638
-0.00664182
-0.00431772
-0.00194983
0.000452861
0.00289404
0.00538587
0.00794881
0.0106073
0.0133841
0.0162886
0.0192904
0.0223594
0.0248881
0.0270866
-0.0199786
-0.0192923
-0.0178377
-0.0156751
-0.0132465
-0.0106626
-0.00802048
-0.00536571
-0.00271533
-6.57634e-05
0.00260121
0.00531403
0.00811143
0.0110447
0.0141737
0.0175568
0.0212215
0.0254249
0.0288789
0.0333656
-0.027561
-0.0240979
-0.0219804
-0.0188396
-0.0156911
-0.0125324
-0.00943671
-0.00642489
-0.00349066
-0.000609829
0.00225434
0.00514921
0.00812789
0.0112836
0.01474
0.0186898
0.0232435
0.0293295
0.034596
0.0434438
-0.0320703
-0.0299385
-0.0266997
-0.0226226
-0.0184975
-0.0145492
-0.0108892
-0.00747843
-0.00425973
-0.00117328
0.00184214
0.00485165
0.00791675
0.0111175
0.0145391
0.0184296
0.0222561
0.0300244
0.0332684
0.0518259
-0.0594778
-0.0330463
-0.0299816
-0.0245209
-0.0196101
-0.0153755
-0.0115171
-0.00794814
-0.00461367
-0.00144444
0.00162772
0.00467174
0.00777276
0.0110613
0.0147037
0.0194375
0.025212
0.0372602
0.0506351
0.0951406
3.64426e-06
5.27593e-05
0.000193079
0.000412294
0.000705351
0.00106503
0.00148241
0.00194717
0.00244782
0.00297186
0.00350612
0.00403693
0.00455044
0.00503293
0.00547115
0.00585268
0.00616639
0.00640293
0.00655543
0.00661027
-4.48864e-05
4.64467e-06
0.000146999
0.000369201
0.000666263
0.0010309
0.00145409
0.00192541
0.00243322
0.00296491
0.00350714
0.00404608
0.00456769
0.00505804
0.00550361
0.00589176
0.00621106
0.00645193
0.00660742
0.0066631
-0.000187485
-0.000136287
1.19417e-05
0.000243328
0.000552661
0.00093233
0.00137296
0.00186375
0.00239264
0.00294664
0.00351196
0.00407428
0.00461904
0.00513174
0.00559821
0.00600508
0.00634021
0.00659331
0.00675683
0.0068152
-0.000419024
-0.000364713
-0.000206873
3.95053e-05
0.000368817
0.000772915
0.00124183
0.00176411
0.00232708
0.00291707
0.00351961
0.00411966
0.00470183
0.00525067
0.005751
0.0061883
0.00654921
0.00682226
0.00699895
0.00706211
-0.000745535
-0.000686702
-0.000515199
-0.000247574
0.000109975
0.000548504
0.00105717
0.00162364
0.00223436
0.00287475
0.00352944
0.00418241
0.00481718
0.00541704
0.00596535
0.00644597
0.00684379
0.00714556
0.00734128
0.00741153
-0.00117552
-0.00111064
-0.000920979
-0.000625211
-0.000230389
0.000253431
0.000814225
0.00143849
0.00211152
0.00281765
0.00354042
0.00426263
0.00496647
0.00563365
0.00624569
0.00678426
0.0072318
0.00757255
0.0077943
0.00787436
-0.00172019
-0.00164753
-0.00143458
-0.00110287
-0.00066066
-0.000119541
0.000506906
0.00120368
0.00195471
0.00274306
0.00355103
0.00436015
0.00515109
0.00590377
0.0065974
0.00721088
0.00772337
0.00811557
0.00837199
0.00846537
-0.00239401
-0.0023115
-0.00206921
-0.00169249
-0.00119132
-0.000579363
0.000127742
0.000913144
0.00175915
0.00264745
0.00355906
0.00447428
0.00537221
0.0062308
0.00702665
0.00773516
0.00833121
0.00879051
0.00909276
0.00920413
-0.00321533
-0.0031204
-0.00284139
-0.00240879
-0.00183506
-0.00113673
-0.000332102
0.00055968
0.0015191
0.00252639
0.00356144
0.0046035
0.00563031
0.00661788
0.00753995
0.00836778
0.00907066
0.00961739
0.00998045
0.0101165
-0.00420737
-0.0040966
-0.00377152
-0.00326962
-0.00260695
-0.00180404
-0.000882704
0.000135117
0.00122788
0.00237448
0.00355395
0.00474499
0.00592453
0.00706703
0.00814339
0.00912021
0.00995969
0.0106211
0.0110658
0.0112366
-0.00539974
-0.00526817
-0.00488475
-0.00429632
-0.00352444
-0.00259521
-0.00153508
-0.000369393
0.000878139
0.00218536
0.00353102
0.00489411
0.00625177
0.00757795
0.00884133
0.0100036
0.0110184
0.011832
0.0123887
0.0126106
-0.00683087
-0.00667065
-0.00621212
-0.00551428
-0.00460734
-0.00352526
-0.00230056
-0.000962719
0.000462336
0.00195192
0.00348549
0.00504369
0.00660552
0.00814624
0.00963408
0.0110266
0.0122677
0.0132866
0.0140008
0.0143026
-0.00855213
-0.00834969
-0.00779238
-0.00695343
-0.00587752
-0.00460938
-0.00318955
-0.00165252
-2.62934e-05
0.00166684
0.0034087
0.00518339
0.00697435
0.00876111
0.0105146
0.0121914
0.0137261
0.0150273
0.0159692
0.0164039
-0.0106355
-0.0103659
-0.00967469
-0.00864877
-0.00735795
-0.00586111
-0.0042097
-0.00244367
-0.000592398
0.00132365
0.00329074
0.00529912
0.00734011
0.00940192
0.0114637
0.0134868
0.0154024
0.0171004
0.0183808
0.0190514
-0.0131727
-0.0127994
-0.0119226
-0.0106404
-0.00907043
-0.00728983
-0.00536316
-0.00333558
-0.00123628
0.000918323
0.00312149
0.00537306
0.00767631
0.0100342
0.0124423
0.0148778
0.0172806
0.0195468
0.0213319
0.0224796
-0.0164346
-0.0157897
-0.0146277
-0.0129719
-0.0110324
-0.00889591
-0.00664184
-0.00431813
-0.00195056
0.000451878
0.00289287
0.00538451
0.00794732
0.0106057
0.0133825
0.0162872
0.0192892
0.0223586
0.0248877
0.0270864
-0.0199748
-0.0192889
-0.017835
-0.0156732
-0.0132454
-0.0106622
-0.00802065
-0.00536633
-0.00271632
-6.70431e-05
0.00259967
0.0053123
0.00810954
0.0110427
0.0141717
0.017555
0.0212199
0.0254238
0.0288782
0.0333654
-0.0275566
-0.0240939
-0.0219774
-0.0188375
-0.0156899
-0.012532
-0.00943702
-0.00642572
-0.00349189
-0.000611383
0.00225251
0.00514715
0.00812563
0.0112812
0.0147376
0.0186875
0.0232416
0.0293282
0.0345953
0.0434437
-0.0320654
-0.029934
-0.0266963
-0.0226202
-0.0184963
-0.014549
-0.0108896
-0.00747943
-0.00426116
-0.00117506
0.00184006
0.0048493
0.00791416
0.0111148
0.0145363
0.0184268
0.0222536
0.0300226
0.0332672
0.0518256
-0.0594723
-0.0330414
-0.0299778
-0.0245184
-0.0196089
-0.0153752
-0.0115176
-0.00794923
-0.00461521
-0.00144633
0.00162551
0.00466925
0.00777
0.0110583
0.0147006
0.0194346
0.0252096
0.0372585
0.050634
0.0951405
3.6442e-06
5.27592e-05
0.000193079
0.000412294
0.000705351
0.00106503
0.00148241
0.00194717
0.00244782
0.00297186
0.00350612
0.00403693
0.00455044
0.00503293
0.00547115
0.00585268
0.00616639
0.00640293
0.00655543
0.00661027
-4.48865e-05
4.64462e-06
0.000146999
0.000369201
0.000666263
0.0010309
0.00145409
0.00192541
0.00243322
0.00296491
0.00350714
0.00404608
0.00456769
0.00505804
0.00550361
0.00589176
0.00621106
0.00645193
0.00660742
0.0066631
-0.000187485
-0.000136287
1.19417e-05
0.000243328
0.000552661
0.00093233
0.00137296
0.00186375
0.00239264
0.00294664
0.00351196
0.00407428
0.00461904
0.00513174
0.00559821
0.00600508
0.00634021
0.00659331
0.00675683
0.0068152
-0.000419024
-0.000364713
-0.000206873
3.95052e-05
0.000368817
0.000772915
0.00124183
0.00176411
0.00232708
0.00291707
0.00351961
0.00411966
0.00470183
0.00525067
0.005751
0.0061883
0.00654921
0.00682226
0.00699895
0.00706211
-0.000745535
-0.000686702
-0.000515199
-0.000247574
0.000109975
0.000548504
0.00105717
0.00162364
0.00223436
0.00287475
0.00352944
0.00418241
0.00481718
0.00541704
0.00596535
0.00644597
0.00684379
0.00714556
0.00734128
0.00741153
-0.00117552
-0.00111064
-0.000920979
-0.000625211
-0.000230389
0.000253431
0.000814225
0.00143849
0.00211152
0.00281765
0.00354042
0.00426263
0.00496647
0.00563366
0.00624569
0.00678426
0.0072318
0.00757255
0.0077943
0.00787436
-0.00172019
-0.00164753
-0.00143458
-0.00110287
-0.00066066
-0.000119541
0.000506906
0.00120368
0.00195471
0.00274306
0.00355103
0.00436015
0.00515109
0.00590377
0.0065974
0.00721088
0.00772337
0.00811557
0.00837199
0.00846537
-0.00239401
-0.0023115
-0.00206921
-0.00169249
-0.00119132
-0.000579363
0.000127742
0.000913144
0.00175915
0.00264745
0.00355906
0.00447428
0.00537221
0.0062308
0.00702665
0.00773516
0.00833121
0.00879051
0.00909276
0.00920413
-0.00321533
-0.0031204
-0.00284139
-0.00240879
-0.00183506
-0.00113673
-0.000332102
0.00055968
0.0015191
0.00252639
0.00356144
0.0046035
0.00563031
0.00661788
0.00753995
0.00836778
0.00907066
0.00961739
0.00998045
0.0101165
-0.00420737
-0.0040966
-0.00377152
-0.00326962
-0.00260695
-0.00180404
-0.000882704
0.000135117
0.00122788
0.00237448
0.00355395
0.00474499
0.00592453
0.00706703
0.00814339
0.00912021
0.00995969
0.0106211
0.0110658
0.0112366
-0.00539974
-0.00526817
-0.00488475
-0.00429632
-0.00352444
-0.00259521
-0.00153508
-0.000369393
0.000878139
0.00218536
0.00353102
0.00489411
0.00625177
0.00757795
0.00884133
0.0100036
0.0110184
0.011832
0.0123887
0.0126106
-0.00683087
-0.00667065
-0.00621212
-0.00551428
-0.00460734
-0.00352526
-0.00230056
-0.000962719
0.000462336
0.00195192
0.00348549
0.00504369
0.00660552
0.00814624
0.00963408
0.0110266
0.0122677
0.0132866
0.0140008
0.0143026
-0.00855213
-0.00834969
-0.00779238
-0.00695343
-0.00587752
-0.00460938
-0.00318955
-0.00165252
-2.62934e-05
0.00166684
0.0034087
0.00518339
0.00697435
0.00876111
0.0105146
0.0121914
0.0137261
0.0150273
0.0159692
0.0164039
-0.0106355
-0.0103659
-0.00967469
-0.00864877
-0.00735795
-0.00586111
-0.0042097
-0.00244367
-0.000592398
0.00132365
0.00329074
0.00529912
0.00734011
0.00940192
0.0114637
0.0134868
0.0154024
0.0171004
0.0183808
0.0190514
-0.0131727
-0.0127994
-0.0119226
-0.0106404
-0.00907043
-0.00728983
-0.00536316
-0.00333558
-0.00123628
0.000918322
0.00312149
0.00537306
0.00767631
0.0100342
0.0124423
0.0148778
0.0172806
0.0195468
0.0213319
0.0224796
-0.0164346
-0.0157897
-0.0146277
-0.0129719
-0.0110324
-0.00889591
-0.00664184
-0.00431813
-0.00195056
0.000451878
0.00289287
0.00538451
0.00794732
0.0106057
0.0133825
0.0162872
0.0192892
0.0223586
0.0248877
0.0270864
-0.0199748
-0.0192889
-0.017835
-0.0156732
-0.0132454
-0.0106622
-0.00802065
-0.00536633
-0.00271632
-6.70432e-05
0.00259967
0.0053123
0.00810954
0.0110427
0.0141717
0.017555
0.0212199
0.0254238
0.0288782
0.0333654
-0.0275566
-0.0240939
-0.0219774
-0.0188375
-0.0156899
-0.012532
-0.00943702
-0.00642572
-0.00349189
-0.000611383
0.00225251
0.00514715
0.00812563
0.0112812
0.0147376
0.0186875
0.0232416
0.0293282
0.0345953
0.0434437
-0.0320654
-0.029934
-0.0266963
-0.0226202
-0.0184963
-0.014549
-0.0108896
-0.00747943
-0.00426116
-0.00117506
0.00184006
0.0048493
0.00791416
0.0111148
0.0145363
0.0184268
0.0222536
0.0300226
0.0332672
0.0518256
-0.0594723
-0.0330414
-0.0299778
-0.0245184
-0.0196089
-0.0153752
-0.0115176
-0.00794923
-0.00461521
-0.00144633
0.00162551
0.00466925
0.00777
0.0110583
0.0147006
0.0194346
0.0252096
0.0372585
0.050634
0.0951405
3.51492e-06
5.26351e-05
0.000192963
0.00041219
0.000705259
0.00106494
0.00148234
0.00194711
0.00244776
0.00297182
0.00350608
0.00403689
0.0045504
0.00503289
0.00547111
0.00585264
0.00616636
0.0064029
0.0065554
0.00661024
-4.50269e-05
4.50971e-06
0.000146874
0.000369088
0.000666164
0.00103081
0.00145401
0.00192534
0.00243316
0.00296486
0.00350709
0.00404603
0.00456765
0.005058
0.00550357
0.00589172
0.00621103
0.0064519
0.00660739
0.00666308
-0.000187648
-0.000136444
1.17958e-05
0.000243197
0.000552545
0.00093223
0.00137288
0.00186367
0.00239258
0.00294658
0.00351191
0.00407423
0.004619
0.0051317
0.00559817
0.00600505
0.00634019
0.00659328
0.00675681
0.00681518
-0.000419223
-0.000364904
-0.00020705
3.93459e-05
0.000368678
0.000772795
0.00124172
0.00176402
0.00232701
0.00291701
0.00351956
0.00411962
0.00470179
0.00525064
0.00575097
0.00618827
0.00654919
0.00682224
0.00699893
0.0070621
-0.000745782
-0.00068694
-0.000515419
-0.000247771
0.000109804
0.000548359
0.00105705
0.00162355
0.00223428
0.00287469
0.0035294
0.00418237
0.00481715
0.00541701
0.00596533
0.00644595
0.00684377
0.00714554
0.00734128
0.00741152
-0.00117583
-0.00111094
-0.000921255
-0.000625457
-0.0002306
0.000253255
0.000814083
0.00143837
0.00211143
0.00281759
0.00354038
0.0042626
0.00496644
0.00563364
0.00624568
0.00678425
0.00723179
0.00757254
0.0077943
0.00787436
-0.00172059
-0.0016479
-0.00143492
-0.00110317
-0.000660921
-0.000119754
0.000506738
0.00120355
0.00195462
0.002743
0.00355099
0.00436013
0.00515108
0.00590376
0.0065974
0.00721088
0.00772337
0.00811557
0.008372
0.00846537
-0.00239451
-0.00231198
-0.00206964
-0.00169287
-0.00119164
-0.000579619
0.000127548
0.000913005
0.00175906
0.00264739
0.00355904
0.00447428
0.00537222
0.00623083
0.00702667
0.00773519
0.00833123
0.00879052
0.00909277
0.00920414
-0.00321597
-0.00312101
-0.00284194
-0.00240927
-0.00183545
-0.00113704
-0.000332324
0.000559533
0.00151901
0.00252636
0.00356145
0.00460354
0.00563037
0.00661795
0.00754001
0.00836784
0.00907071
0.00961743
0.00998047
0.0101165
-0.00420819
-0.00409737
-0.00377221
-0.0032702
-0.00260742
-0.0018044
-0.000882948
0.000134971
0.00122781
0.00237449
0.00355401
0.00474509
0.00592466
0.00706716
0.00814352
0.00912032
0.00995978
0.0106211
0.0110659
0.0112366
-0.00540078
-0.00526915
-0.00488561
-0.00429704
-0.003525
-0.00259562
-0.00153534
-0.000369522
0.000878121
0.00218543
0.00353116
0.0048943
0.00625199
0.00757818
0.00884154
0.0100038
0.0110186
0.0118321
0.0123888
0.0126107
-0.00683218
-0.00667188
-0.0062132
-0.00551517
-0.00460801
-0.00352571
-0.00230082
-0.00096281
0.000462388
0.00195208
0.00348575
0.00504401
0.00660588
0.00814661
0.00963443
0.0110269
0.012268
0.0132868
0.0140009
0.0143026
-0.00855378
-0.00835123
-0.00779371
-0.0069545
-0.0058783
-0.00460987
-0.00318979
-0.00165254
-2.61351e-05
0.00166715
0.00340912
0.00518388
0.0069749
0.00876168
0.0105152
0.0121919
0.0137265
0.0150276
0.0159693
0.016404
-0.0106376
-0.0103678
-0.00967632
-0.00865003
-0.00735883
-0.00586162
-0.00420989
-0.00244359
-0.000592091
0.00132414
0.00329137
0.00529986
0.00734091
0.00940275
0.0114645
0.0134875
0.0154029
0.0171008
0.018381
0.0190515
-0.0131752
-0.0128018
-0.0119246
-0.0106418
-0.00907141
-0.00729034
-0.00536327
-0.00333535
-0.00123578
0.000919038
0.00312237
0.00537408
0.00767742
0.0100353
0.0124434
0.0148788
0.0172815
0.0195474
0.0213322
0.0224798
-0.0164378
-0.0157925
-0.0146301
-0.0129736
-0.0110334
-0.00889638
-0.00664182
-0.00431772
-0.00194983
0.000452861
0.00289404
0.00538587
0.00794881
0.0106073
0.0133841
0.0162886
0.0192904
0.0223594
0.0248881
0.0270866
-0.0199786
-0.0192923
-0.0178377
-0.0156751
-0.0132465
-0.0106626
-0.00802048
-0.00536571
-0.00271533
-6.57637e-05
0.00260121
0.00531403
0.00811143
0.0110447
0.0141737
0.0175568
0.0212215
0.0254249
0.0288789
0.0333656
-0.027561
-0.0240979
-0.0219804
-0.0188396
-0.0156911
-0.0125324
-0.00943671
-0.00642489
-0.00349066
-0.000609829
0.00225434
0.00514921
0.00812789
0.0112836
0.01474
0.0186898
0.0232435
0.0293295
0.034596
0.0434438
-0.0320703
-0.0299385
-0.0266997
-0.0226226
-0.0184975
-0.0145492
-0.0108892
-0.00747843
-0.00425973
-0.00117328
0.00184214
0.00485165
0.00791675
0.0111175
0.0145391
0.0184296
0.0222561
0.0300244
0.0332684
0.0518259
-0.0594778
-0.0330463
-0.0299816
-0.0245209
-0.0196101
-0.0153755
-0.0115171
-0.00794814
-0.00461367
-0.00144444
0.00162772
0.00467174
0.00777276
0.0110613
0.0147037
0.0194375
0.025212
0.0372602
0.0506351
0.0951406
3.26337e-06
5.23948e-05
0.000192742
0.000411992
0.000705085
0.00106479
0.0014822
0.001947
0.00244766
0.00297172
0.00350599
0.0040368
0.00455031
0.00503281
0.00547102
0.00585256
0.00616629
0.00640284
0.00655535
0.0066102
-4.53016e-05
4.24703e-06
0.000146631
0.000368871
0.000665973
0.00103064
0.00145387
0.00192522
0.00243305
0.00296476
0.003507
0.00404595
0.00456757
0.00505791
0.0055035
0.00589165
0.00621096
0.00645185
0.00660735
0.00666304
-0.00018797
-0.000136752
1.15115e-05
0.000242942
0.000552322
0.000932038
0.00137271
0.00186353
0.00239246
0.00294648
0.00351182
0.00407415
0.00461892
0.00513162
0.0055981
0.00600498
0.00634013
0.00659324
0.00675677
0.00681515
-0.000419615
-0.000365279
-0.000207397
3.90352e-05
0.000368407
0.000772564
0.00124153
0.00176386
0.00232687
0.0029169
0.00351947
0.00411953
0.00470172
0.00525057
0.00575091
0.00618822
0.00654914
0.0068222
0.00699891
0.00706208
-0.00074627
-0.000687408
-0.000515851
-0.000248157
0.00010947
0.000548077
0.00105682
0.00162336
0.00223413
0.00287456
0.0035293
0.00418229
0.00481708
0.00541696
0.00596528
0.00644591
0.00684374
0.00714552
0.00734126
0.00741151
-0.00117645
-0.00111153
-0.000921798
-0.000625938
-0.000231014
0.000252911
0.000813804
0.00143816
0.00211126
0.00281746
0.00354029
0.00426253
0.00496639
0.0056336
0.00624565
0.00678422
0.00723177
0.00757253
0.00779429
0.00787437
-0.00172137
-0.00164865
-0.00143561
-0.00110378
-0.000661432
-0.000120172
0.000506409
0.00120331
0.00195444
0.00274287
0.00355091
0.00436008
0.00515106
0.00590376
0.0065974
0.00721088
0.00772337
0.00811558
0.008372
0.00846538
-0.00239551
-0.00231293
-0.00207051
-0.00169362
-0.00119227
-0.000580124
0.000127163
0.000912729
0.00175888
0.00264729
0.00355899
0.00447428
0.00537225
0.00623087
0.00702672
0.00773522
0.00833126
0.00879055
0.00909279
0.00920416
-0.00321724
-0.00312222
-0.00284303
-0.00241021
-0.00183623
-0.00113764
-0.000332762
0.00055924
0.00151884
0.00252629
0.00356146
0.00460361
0.00563047
0.00661807
0.00754013
0.00836794
0.00907079
0.00961748
0.00998051
0.0101165
-0.00420981
-0.00409891
-0.00377359
-0.00327137
-0.00260836
-0.0018051
-0.000883434
0.000134679
0.00122769
0.00237449
0.00355413
0.00474528
0.00592488
0.0070674
0.00814375
0.00912052
0.00995994
0.0106212
0.011066
0.0112367
-0.00540285
-0.0052711
-0.00488734
-0.00429849
-0.00352613
-0.00259643
-0.00153586
-0.000369783
0.000878076
0.00218556
0.00353142
0.00489466
0.0062524
0.00757861
0.00884195
0.0100041
0.0110188
0.0118323
0.0123889
0.0126108
-0.00683483
-0.00667436
-0.00621537
-0.00551693
-0.00460934
-0.00352662
-0.00230134
-0.000962994
0.000462484
0.0019524
0.00348624
0.00504463
0.00660657
0.00814732
0.00963511
0.0110275
0.0122684
0.0132871
0.0140011
0.0143027
-0.00855714
-0.00835435
-0.00779639
-0.00695663
-0.00587984
-0.00461085
-0.00319026
-0.00165258
-2.58253e-05
0.00166774
0.00340993
0.00518486
0.00697597
0.00876278
0.0105162
0.0121928
0.0137272
0.0150281
0.0159696
0.0164042
-0.0106418
-0.0103717
-0.00967962
-0.00865258
-0.00736058
-0.00586264
-0.00421025
-0.00244341
-0.000591477
0.00132511
0.00329262
0.00530131
0.00734249
0.00940438
0.0114661
0.0134889
0.0154041
0.0171015
0.0183814
0.0190517
-0.0131805
-0.0128066
-0.0119286
-0.0106448
-0.00907335
-0.00729133
-0.00536345
-0.00333487
-0.00123477
0.000920483
0.00312416
0.00537613
0.00767966
0.0100377
0.0124457
0.0148809
0.0172831
0.0195485
0.0213328
0.02248
-0.0164443
-0.0157984
-0.0146348
-0.012977
-0.0110355
-0.00889728
-0.00664172
-0.00431684
-0.00194832
0.000454868
0.00289646
0.00538862
0.00795182
0.0106105
0.0133872
0.0162914
0.0192928
0.022361
0.024889
0.0270868
-0.0199866
-0.0192994
-0.0178433
-0.015679
-0.0132487
-0.0106633
-0.00802005
-0.00536437
-0.00271328
-6.31486e-05
0.00260429
0.00531753
0.00811528
0.0110488
0.0141778
0.0175606
0.0212247
0.0254271
0.0288801
0.0333658
-0.0275702
-0.0241061
-0.0219868
-0.0188438
-0.0156933
-0.0125329
-0.00943591
-0.00642307
-0.00348807
-0.000606617
0.00225809
0.00515344
0.00813256
0.0112885
0.0147451
0.0186946
0.0232475
0.0293322
0.0345973
0.0434437
-0.032081
-0.0299479
-0.0267069
-0.0226272
-0.0184999
-0.0145496
-0.0108881
-0.00747622
-0.00425669
-0.00116957
0.00184644
0.00485653
0.00792217
0.0111234
0.0145453
0.0184355
0.0222615
0.0300282
0.0332706
0.0518259
-0.0594898
-0.0330568
-0.0299895
-0.0245259
-0.0196126
-0.0153758
-0.0115158
-0.00794572
-0.0046104
-0.00144047
0.0016323
0.00467694
0.00777852
0.0110675
0.0147101
0.0194437
0.0252174
0.0372637
0.0506371
0.09514
2.9034e-06
5.20548e-05
0.000192432
0.000411718
0.000704846
0.00106459
0.00148202
0.00194684
0.00244751
0.00297158
0.00350585
0.00403667
0.00455018
0.00503267
0.00547089
0.00585244
0.00616618
0.00640274
0.00655527
0.00661013
-4.5699e-05
3.87077e-06
0.000146288
0.000368566
0.000665708
0.00103041
0.00145367
0.00192504
0.0024329
0.00296462
0.00350686
0.00404582
0.00456744
0.00505779
0.00550337
0.00589153
0.00621086
0.00645176
0.00660728
0.00666299
-0.000188439
-0.000137197
1.11035e-05
0.000242579
0.000552007
0.000931767
0.00137248
0.00186334
0.00239229
0.00294633
0.00351168
0.00407402
0.0046188
0.00513151
0.00559799
0.00600488
0.00634004
0.00659316
0.00675672
0.00681511
-0.000420191
-0.000365828
-0.0002079
3.85884e-05
0.000368019
0.000772234
0.00124125
0.00176363
0.00232668
0.00291673
0.00351933
0.0041194
0.0047016
0.00525047
0.00575081
0.00618813
0.00654907
0.00682215
0.00699887
0.00706206
-0.00074699
-0.000688094
-0.000516481
-0.000248715
0.000108988
0.000547672
0.00105648
0.00162309
0.00223391
0.00287439
0.00352915
0.00418217
0.00481698
0.00541686
0.0059652
0.00644584
0.00684368
0.00714548
0.00734124
0.00741151
-0.00117736
-0.0011124
-0.000922591
-0.000626639
-0.000231613
0.000252412
0.000813401
0.00143784
0.00211102
0.00281727
0.00354015
0.00426243
0.00496631
0.00563353
0.00624559
0.00678417
0.00723173
0.00757251
0.00779428
0.00787437
-0.00172252
-0.00164975
-0.00143661
-0.00110466
-0.000662178
-0.000120782
0.000505928
0.00120294
0.00195417
0.00274269
0.00355079
0.00436
0.00515101
0.00590372
0.00659738
0.00721086
0.00772336
0.00811557
0.00837201
0.0084654
-0.00239698
-0.00231433
-0.00207178
-0.00169473
-0.00119319
-0.000580862
0.000126599
0.00091232
0.00175861
0.00264712
0.00355891
0.00447425
0.00537226
0.0062309
0.00702676
0.00773526
0.00833128
0.00879057
0.00909281
0.00920419
-0.00321913
-0.003124
-0.00284464
-0.00241159
-0.00183736
-0.00113852
-0.00033341
0.000558802
0.00151858
0.00252618
0.00356146
0.00460368
0.00563059
0.00661821
0.00754026
0.00836806
0.00907087
0.00961754
0.00998055
0.0101166
-0.00421223
-0.0041012
-0.00377563
-0.0032731
-0.00260974
-0.00180614
-0.000884156
0.000134239
0.00122748
0.00237448
0.00355426
0.00474551
0.00592518
0.00706772
0.00814405
0.00912077
0.00996012
0.0106214
0.011066
0.0112367
-0.00540598
-0.00527403
-0.00488993
-0.00430063
-0.0035278
-0.00259762
-0.00153663
-0.000370182
0.000877989
0.00218572
0.00353178
0.00489515
0.00625297
0.00757919
0.0088425
0.0100046
0.0110192
0.0118325
0.012389
0.0126108
-0.00683885
-0.0066781
-0.00621862
-0.00551957
-0.00461132
-0.00352796
-0.00230212
-0.00096328
0.000462601
0.00195284
0.00348693
0.00504549
0.00660754
0.00814831
0.00963604
0.0110283
0.012269
0.0132874
0.0140012
0.0143028
-0.00856231
-0.00835913
-0.00780047
-0.00695984
-0.00588215
-0.00461231
-0.00319096
-0.00165266
-2.53842e-05
0.00166859
0.0034111
0.00518626
0.00697751
0.00876436
0.0105177
0.0121941
0.0137282
0.0150287
0.0159699
0.0164042
-0.0106484
-0.0103777
-0.00968467
-0.00865642
-0.0073632
-0.00586412
-0.00421077
-0.00244314
-0.000590563
0.00132653
0.00329444
0.00530343
0.00734482
0.00940678
0.0114684
0.0134909
0.0154057
0.0171025
0.0183818
0.0190517
-0.0131889
-0.0128142
-0.0119347
-0.0106493
-0.00907622
-0.00729274
-0.00536364
-0.00333409
-0.00123321
0.000922658
0.00312685
0.00537919
0.007683
0.0100412
0.0124491
0.014884
0.0172856
0.01955
0.0213334
0.0224799
-0.0164547
-0.0158078
-0.0146423
-0.0129822
-0.0110386
-0.00889847
-0.00664144
-0.00431538
-0.00194597
0.00045795
0.0029002
0.0053928
0.0079564
0.0106153
0.013392
0.0162959
0.0192964
0.0223633
0.0248899
0.0270864
-0.0199996
-0.0193108
-0.0178521
-0.0156848
-0.0132518
-0.0106641
-0.00801911
-0.00536209
-0.00271001
-5.90844e-05
0.00260897
0.00532292
0.00812125
0.0110552
0.0141843
0.0175668
0.0212299
0.0254305
0.0288816
0.0333652
-0.0275856
-0.0241196
-0.0219968
-0.0188502
-0.0156963
-0.0125333
-0.00943424
-0.00641995
-0.00348386
-0.000601537
0.00226394
0.00516004
0.00813991
0.0112965
0.0147532
0.0187024
0.023254
0.0293363
0.0345987
0.0434419
-0.0320991
-0.0299636
-0.0267184
-0.0226342
-0.0185028
-0.0145495
-0.0108857
-0.00747233
-0.00425166
-0.00116362
0.00185325
0.00486425
0.00793082
0.0111329
0.0145555
0.0184457
0.022271
0.0300345
0.0332745
0.0518244
-0.0595106
-0.0330748
-0.0300023
-0.0245334
-0.0196156
-0.0153754
-0.0115132
-0.00794144
-0.00460494
-0.00143407
0.00163962
0.00468523
0.00778778
0.0110777
0.0147208
0.0194541
0.0252265
0.0372692
0.0506395
0.0951359
2.45512e-06
5.16407e-05
0.000192063
0.000411398
0.000704573
0.00106435
0.00148182
0.00194666
0.00244734
0.00297142
0.00350569
0.00403649
0.00455
0.00503249
0.0054707
0.00585225
0.00616601
0.00640259
0.00655515
0.00661003
-4.62041e-05
3.40173e-06
0.000145867
0.0003682
0.000665394
0.00103015
0.00145344
0.00192484
0.00243271
0.00296444
0.00350669
0.00404565
0.00456726
0.00505761
0.0055032
0.00589136
0.00621071
0.00645164
0.00660718
0.00666292
-0.000189045
-0.000137763
1.05937e-05
0.000242133
0.000551624
0.000931442
0.00137221
0.0018631
0.00239208
0.00294614
0.00351151
0.00407385
0.00461863
0.00513134
0.00559783
0.00600473
0.00633991
0.00659306
0.00675665
0.00681507
-0.000420941
-0.000366531
-0.000208537
3.80291e-05
0.000367539
0.000771828
0.00124091
0.00176334
0.00232644
0.00291652
0.00351914
0.00411924
0.00470144
0.00525032
0.00575067
0.006188
0.00654896
0.00682207
0.00699883
0.00706204
-0.000747932
-0.00068898
-0.000517285
-0.000249421
0.000108384
0.000547165
0.00105607
0.00162274
0.00223363
0.00287416
0.00352896
0.00418201
0.00481683
0.00541673
0.00596508
0.00644574
0.0068436
0.00714543
0.00734122
0.00741152
-0.00117855
-0.00111352
-0.00092361
-0.000627532
-0.000232373
0.000251782
0.000812891
0.00143743
0.0021107
0.00281703
0.00353995
0.00426227
0.00496618
0.00563342
0.0062455
0.00678409
0.00723167
0.00757247
0.00779428
0.0078744
-0.00172404
-0.00165118
-0.0014379
-0.00110578
-0.000663128
-0.000121557
0.000505314
0.00120247
0.00195382
0.00274244
0.00355061
0.00435988
0.00515092
0.00590366
0.00659732
0.00721081
0.00772332
0.00811555
0.00837201
0.00846544
-0.00239892
-0.00231615
-0.00207342
-0.00169615
-0.00119437
-0.000581807
0.000125873
0.000911788
0.00175824
0.00264689
0.00355878
0.0044742
0.00537225
0.0062309
0.00702676
0.00773525
0.00833127
0.00879056
0.00909282
0.00920423
-0.00322162
-0.00312635
-0.00284674
-0.00241339
-0.00183882
-0.00113966
-0.000334251
0.000558223
0.00151823
0.00252599
0.00356142
0.00460373
0.00563069
0.00661833
0.00754038
0.00836814
0.00907091
0.00961756
0.00998056
0.0101166
-0.00421546
-0.00410421
-0.00377831
-0.00327535
-0.00261154
-0.00180749
-0.000885101
0.000133646
0.00122719
0.00237442
0.00355438
0.00474575
0.00592549
0.00706804
0.00814435
0.009121
0.00996026
0.0106214
0.011066
0.0112367
-0.00541016
-0.00527793
-0.00489334
-0.00430344
-0.00352997
-0.00259919
-0.00153765
-0.000370729
0.000877831
0.00218587
0.00353216
0.0048957
0.00625361
0.00757985
0.00884311
0.0100051
0.0110195
0.0118326
0.012389
0.0126108
-0.00684429
-0.00668314
-0.00622296
-0.00552306
-0.00461392
-0.00352973
-0.00230314
-0.000963685
0.000462702
0.00195335
0.00348774
0.00504651
0.00660868
0.00814949
0.00963714
0.0110292
0.0122696
0.0132877
0.0140013
0.0143026
-0.00856941
-0.00836564
-0.00780596
-0.00696412
-0.00588519
-0.00461421
-0.00319189
-0.00165277
-2.48534e-05
0.00166963
0.00341254
0.00518798
0.00697941
0.00876631
0.0105196
0.0121957
0.0137293
0.0150293
0.01597
0.0164039
-0.0106577
-0.0103861
-0.00969156
-0.00866158
-0.00736664
-0.00586604
-0.00421142
-0.00244277
-0.000589385
0.00132835
0.00329676
0.00530613
0.00734778
0.00940985
0.0114714
0.0134935
0.0154076
0.0171036
0.018382
0.0190513
-0.0132008
-0.0128249
-0.0119433
-0.0106554
-0.00907997
-0.00729448
-0.00536377
-0.00333296
-0.00123112
0.000925515
0.00313034
0.00538318
0.00768738
0.0100458
0.0124537
0.0148881
0.0172888
0.0195518
0.0213338
0.0224791
-0.01647
-0.0158212
-0.0146526
-0.0129892
-0.0110424
-0.00889976
-0.00664075
-0.00431322
-0.00194269
0.000462115
0.00290515
0.00539839
0.00796257
0.0106219
0.0133987
0.0163022
0.0193015
0.0223663
0.0248908
0.027085
-0.0200194
-0.0193276
-0.0178645
-0.0156925
-0.0132555
-0.0106647
-0.0080173
-0.00535861
-0.00270531
-5.34226e-05
0.00261545
0.00533031
0.00812951
0.0110642
0.0141936
0.0175759
0.0212376
0.0254353
0.0288834
0.0333627
-0.0276094
-0.0241398
-0.0220109
-0.0188585
-0.0156997
-0.0125328
-0.00943114
-0.00641502
-0.00347765
-0.0005943
0.00227216
0.0051693
0.00815032
0.011308
0.0147653
0.0187141
0.0232639
0.0293418
0.0345999
0.0434368
-0.0321278
-0.0299873
-0.0267347
-0.022643
-0.0185057
-0.014548
-0.0108813
-0.00746602
-0.00424407
-0.00115497
0.00186301
0.00487531
0.0079434
0.0111471
0.0145711
0.018462
0.022287
0.0300448
0.033281
0.0518192
-0.0595449
-0.033103
-0.030021
-0.0245432
-0.0196185
-0.0153736
-0.0115082
-0.00793445
-0.00459664
-0.00142467
0.00165018
0.0046972
0.00780137
0.0110929
0.0147374
0.0194706
0.0252412
0.0372771
0.0506412
0.0951239
1.94628e-06
5.11981e-05
0.000191689
0.000411092
0.000704323
0.00106415
0.00148164
0.00194649
0.00244718
0.00297124
0.00350549
0.00403628
0.00454976
0.00503223
0.00547043
0.00585198
0.00616575
0.00640237
0.00655497
0.00660991
-4.68038e-05
2.86913e-06
0.000145408
0.000367816
0.000665075
0.00102988
0.00145321
0.00192464
0.00243252
0.00296425
0.00350649
0.00404544
0.00456704
0.00505737
0.00550296
0.00589113
0.0062105
0.00645146
0.00660706
0.00666285
-0.000189782
-0.000138426
1.00126e-05
0.000241638
0.000551208
0.000931093
0.00137191
0.00186284
0.00239185
0.00294593
0.0035113
0.00407364
0.00461842
0.00513113
0.00559762
0.00600453
0.00633974
0.00659293
0.00675658
0.00681506
-0.000421863
-0.00036737
-0.00020928
3.73899e-05
0.000366999
0.000771376
0.00124054
0.00176303
0.00232617
0.00291628
0.00351892
0.00411903
0.00470124
0.00525012
0.00575048
0.00618783
0.00654882
0.00682198
0.00699879
0.00706208
-0.000749091
-0.000690043
-0.000518232
-0.000250241
0.00010769
0.000546587
0.00105559
0.00162235
0.00223331
0.00287389
0.00352873
0.0041818
0.00481664
0.00541655
0.00596491
0.00644559
0.00684348
0.00714536
0.00734121
0.00741159
-0.00118001
-0.00111487
-0.000924816
-0.000628576
-0.000233254
0.000251054
0.0008123
0.00143696
0.00211032
0.00281673
0.00353971
0.00426207
0.004966
0.00563326
0.00624534
0.00678396
0.00723157
0.00757242
0.00779429
0.00787449
-0.0017259
-0.0016529
-0.00143944
-0.00110711
-0.000664239
-0.000122464
0.000504593
0.00120191
0.0019534
0.00274212
0.00355037
0.0043597
0.00515077
0.00590352
0.0065972
0.0072107
0.00772323
0.0081155
0.00837202
0.00846553
-0.00240129
-0.00231835
-0.00207539
-0.00169784
-0.00119577
-0.000582923
0.000125009
0.000911144
0.00175778
0.00264657
0.00355857
0.00447406
0.00537216
0.00623083
0.00702669
0.00773517
0.00833119
0.00879051
0.00909281
0.0092043
-0.00322468
-0.00312919
-0.00284925
-0.00241552
-0.00184056
-0.00114102
-0.000335263
0.000557509
0.00151776
0.00252572
0.00356129
0.00460371
0.00563072
0.00661837
0.0075404
0.00836813
0.00907087
0.0096175
0.00998052
0.0101166
-0.00421945
-0.0041079
-0.00378154
-0.00327805
-0.00261369
-0.00180911
-0.000886254
0.000132897
0.00122677
0.00237426
0.00355442
0.00474593
0.00592573
0.0070683
0.00814455
0.00912113
0.00996029
0.0106214
0.0110659
0.0112367
-0.00541539
-0.00528274
-0.00489751
-0.00430685
-0.00353261
-0.00260109
-0.0015389
-0.000371442
0.000877559
0.00218595
0.0035325
0.00489621
0.00625421
0.00758046
0.00884364
0.0100055
0.0110197
0.0118326
0.0123889
0.0126106
-0.00685121
-0.00668945
-0.00622834
-0.00552734
-0.00461709
-0.00353188
-0.00230442
-0.000964242
0.000462723
0.00195382
0.00348856
0.00504757
0.00660987
0.00815069
0.00963822
0.01103
0.0122701
0.0132878
0.014001
0.0143022
-0.00857859
-0.00837393
-0.00781287
-0.00696942
-0.00588891
-0.00461653
-0.00319303
-0.00165298
-2.43213e-05
0.00167075
0.00341409
0.00518986
0.00698149
0.00876844
0.0105216
0.0121973
0.0137304
0.0150296
0.0159696
0.0164032
-0.0106699
-0.010397
-0.00970036
-0.00866803
-0.00737086
-0.00586834
-0.00421218
-0.00244235
-0.000588036
0.00133042
0.0032994
0.00530922
0.00735117
0.00941338
0.0114748
0.0134965
0.0154096
0.0171043
0.0183815
0.0190499
-0.0132171
-0.0128392
-0.0119543
-0.0106631
-0.00908448
-0.00729643
-0.00536377
-0.0033315
-0.00122856
0.000928938
0.00313447
0.00538792
0.00769261
0.0100513
0.0124592
0.0148931
0.0172926
0.0195535
0.0213334
0.0224765
-0.0164916
-0.0158396
-0.0146662
-0.0129979
-0.0110468
-0.00890086
-0.00663944
-0.00431022
-0.00193847
0.000467303
0.00291115
0.00540525
0.00797023
0.0106302
0.0134073
0.0163104
0.0193081
0.0223697
0.0248908
0.0270805
-0.0200487
-0.0193514
-0.017881
-0.0157019
-0.0132592
-0.0106643
-0.00801409
-0.00535357
-0.00269899
-4.60871e-05
0.00262385
0.00533973
0.00814014
0.011076
0.0142063
0.0175885
0.0212488
0.0254417
0.0288855
0.0333556
-0.0276454
-0.0241688
-0.0220295
-0.0188678
-0.0157018
-0.0125302
-0.00942549
-0.00640756
-0.00346898
-0.000584612
0.00228296
0.00518144
0.00816419
0.0113236
0.0147824
0.0187311
0.0232789
0.0293494
0.0346004
0.0434231
-0.0321737
-0.0300221
-0.0267558
-0.0226517
-0.0185057
-0.0145426
-0.010873
-0.00745601
-0.00423302
-0.00114298
0.00187622
0.00489031
0.00796078
0.0111675
0.0145948
0.0184879
0.0223156
0.0300629
0.0332959
0.0518046
-0.0596029
-0.0331481
-0.0300473
-0.0245536
-0.0196182
-0.0153673
-0.0114986
-0.0079232
-0.0045844
-0.0014115
0.00166468
0.00471366
0.00782042
0.0111151
0.0147624
0.0194965
0.0252657
0.037288
0.05064
0.0950868
1.4039e-06
5.07688e-05
0.000191343
0.000410831
0.000704125
0.00106399
0.0014815
0.00194635
0.00244703
0.00297106
0.00350527
0.00403601
0.00454945
0.00503187
0.00547005
0.00585159
0.00616538
0.00640205
0.00655472
0.00660977
-4.74981e-05
2.30234e-06
0.000144944
0.000367446
0.00066478
0.00102964
0.00145301
0.00192445
0.00243233
0.00296406
0.00350628
0.00404519
0.00456676
0.00505707
0.00550264
0.00589081
0.00621021
0.00645123
0.0066069
0.00666281
-0.000190659
-0.000139164
9.39312e-06
0.000241131
0.000550794
0.000930752
0.00137162
0.00186259
0.00239163
0.0029457
0.00351107
0.0040734
0.00461817
0.00513086
0.00559734
0.00600427
0.00633951
0.00659277
0.00675649
0.0068151
-0.000422969
-0.000368321
-0.000210093
3.67097e-05
0.000366436
0.00077091
0.00124015
0.0017627
0.00232588
0.00291603
0.00351868
0.00411879
0.004701
0.00524987
0.00575024
0.00618761
0.00654864
0.00682187
0.00699878
0.00706219
-0.00075048
-0.000691255
-0.000519282
-0.000251128
0.00010695
0.000545975
0.00105509
0.00162194
0.00223296
0.00287359
0.00352846
0.00418155
0.0048164
0.00541631
0.00596468
0.00644538
0.00684333
0.00714529
0.00734124
0.00741175
-0.00118176
-0.00111641
-0.000926159
-0.000629717
-0.000234206
0.000250271
0.000811663
0.00143644
0.00210991
0.00281639
0.00353942
0.00426181
0.00496577
0.00563303
0.00624513
0.00678376
0.00723142
0.00757235
0.00779433
0.00787468
-0.0017281
-0.00165486
-0.00144116
-0.00110857
-0.000665452
-0.000123452
0.000503802
0.00120129
0.00195291
0.00274173
0.00355007
0.00435944
0.00515054
0.00590331
0.00659699
0.00721051
0.00772308
0.00811542
0.00837205
0.00846573
-0.00240411
-0.00232087
-0.00207759
-0.0016997
-0.0011973
-0.000584155
0.000124046
0.000910409
0.00175723
0.00264617
0.00355828
0.00447384
0.00537197
0.00623066
0.00702651
0.007735
0.00833103
0.0087904
0.0090928
0.00920447
-0.00322832
-0.00313244
-0.0028521
-0.0024179
-0.00184249
-0.00114253
-0.000336412
0.000556672
0.00151718
0.00252534
0.00356106
0.00460357
0.00563064
0.00661829
0.0075403
0.00836799
0.0090707
0.00961734
0.00998042
0.0101167
-0.0042242
-0.00411215
-0.00378523
-0.0032811
-0.00261611
-0.00181095
-0.000887586
0.000131991
0.00122621
0.00237398
0.00355434
0.00474597
0.00592584
0.00706841
0.00814461
0.0091211
0.00996015
0.0106212
0.0110657
0.0112366
-0.00542168
-0.00528835
-0.00490232
-0.00431075
-0.0035356
-0.00260328
-0.00154038
-0.000372343
0.000877127
0.00218588
0.00353271
0.00489658
0.00625466
0.0075809
0.00884398
0.0100056
0.0110196
0.0118324
0.0123885
0.0126103
-0.00685962
-0.00669693
-0.00623462
-0.00553228
-0.00462074
-0.00353439
-0.00230596
-0.000964996
0.000462591
0.00195416
0.00348925
0.00504848
0.0066109
0.00815171
0.0096391
0.0110306
0.0122703
0.0132876
0.0140004
0.0143015
-0.00858999
-0.00838398
-0.00782107
-0.00697563
-0.00589324
-0.00461924
-0.00319443
-0.00165334
-2.38857e-05
0.00167178
0.00341558
0.00519166
0.00698348
0.00877046
0.0105234
0.0121987
0.0137311
0.0150294
0.0159686
0.0164016
-0.0106855
-0.0104106
-0.00971102
-0.00867568
-0.00737577
-0.005871
-0.00421309
-0.00244191
-0.000586653
0.00133255
0.00330213
0.00531238
0.00735466
0.00941701
0.0114783
0.0134994
0.0154114
0.0171045
0.0183801
0.019047
-0.0132386
-0.0128575
-0.011968
-0.0106722
-0.00908963
-0.00729852
-0.00536362
-0.00332977
-0.0012257
0.000932706
0.00313904
0.00539307
0.00769832
0.0100574
0.0124654
0.0148987
0.0172966
0.0195547
0.0213318
0.0224715
-0.0165211
-0.0158638
-0.0146833
-0.0130081
-0.0110515
-0.00890154
-0.00663742
-0.00430642
-0.00193344
0.000473335
0.00291831
0.00541311
0.00797904
0.0106399
0.0134176
0.0163204
0.0193163
0.0223732
0.0248896
0.0270717
-0.0200913
-0.019384
-0.0179019
-0.0157126
-0.0132624
-0.0106624
-0.00800908
-0.00534675
-0.00269105
-3.72862e-05
0.00263341
0.00535085
0.00815297
0.0110907
0.0142227
0.0176055
0.0212643
0.0254501
0.0288879
0.0333416
-0.0276994
-0.0242094
-0.0220525
-0.0188778
-0.0157022
-0.0125245
-0.00941645
-0.0063969
-0.00345746
-0.000572354
0.00229627
0.00519645
0.00818168
0.011344
0.0148054
0.0187549
0.0233007
0.029359
0.034599
0.0433967
-0.0322449
-0.0300701
-0.026781
-0.022659
-0.0185012
-0.0145316
-0.010859
-0.00744095
-0.00421758
-0.001127
0.00189343
0.00490988
0.00798399
0.0111957
0.0146293
0.0185276
0.0223634
0.0300927
0.0333241
0.0517766
-0.0596979
-0.0332158
-0.0300811
-0.024563
-0.0196135
-0.0153548
-0.0114827
-0.00790627
-0.00456715
-0.00139371
0.00168387
0.00473556
0.00784644
0.0111465
0.0147998
0.0195365
0.0253051
0.0373029
0.0506293
0.0950075
8.81277e-07
5.05681e-05
0.000191316
0.000410899
0.000704237
0.0010641
0.00148159
0.00194638
0.00244698
0.00297093
0.00350504
0.00403568
0.00454901
0.00503134
0.00546944
0.00585093
0.00616471
0.00640144
0.00655425
0.0066096
-4.83564e-05
1.7589e-06
0.000144575
0.000367211
0.000664626
0.00102953
0.00145291
0.00192435
0.0024322
0.00296388
0.00350606
0.00404491
0.00456642
0.00505668
0.0055022
0.00589036
0.00620978
0.00645089
0.00660671
0.00666294
-0.000191788
-0.000139956
8.78747e-06
0.000240675
0.000550445
0.000930476
0.0013714
0.00186239
0.00239143
0.0029455
0.00351084
0.00407314
0.00461787
0.00513053
0.00559699
0.00600392
0.00633921
0.00659256
0.00675645
0.0068154
-0.000424386
-0.000369372
-0.000210934
3.6043e-05
0.000365903
0.000770478
0.00123979
0.00176239
0.00232561
0.00291577
0.00351842
0.00411852
0.00470071
0.00524957
0.00574993
0.00618731
0.0065484
0.00682175
0.00699883
0.00706262
-0.000752226
-0.000692596
-0.000520383
-0.000252023
0.000106221
0.000545379
0.00105459
0.00162153
0.00223261
0.00287328
0.00352817
0.00418126
0.00481611
0.00541602
0.00596438
0.0064451
0.00684311
0.00714519
0.00734134
0.00741227
-0.00118391
-0.0011181
-0.000927572
-0.000630882
-0.000235163
0.000249487
0.000811021
0.00143592
0.00210947
0.00281601
0.00353909
0.0042615
0.00496546
0.00563272
0.00624481
0.00678347
0.00723118
0.00757225
0.00779444
0.00787526
-0.00173077
-0.001657
-0.00144297
-0.00111007
-0.000666685
-0.000124458
0.000502987
0.00120063
0.00195238
0.00274129
0.00354969
0.0043591
0.00515021
0.00590297
0.00659665
0.00721017
0.00772279
0.00811527
0.00837214
0.00846633
-0.00240747
-0.00232361
-0.00207992
-0.00170163
-0.00119888
-0.00058543
0.00012303
0.000909608
0.0017566
0.00264567
0.00355787
0.00447348
0.00537163
0.0062303
0.00702613
0.0077346
0.00833067
0.00879015
0.00909281
0.00920506
-0.00323262
-0.00313599
-0.00285511
-0.0024204
-0.00184451
-0.00114413
-0.000337654
0.000555726
0.00151647
0.00252481
0.00356065
0.00460323
0.00563032
0.00661795
0.0075399
0.00836753
0.00907022
0.00961695
0.00998027
0.0101172
-0.00422979
-0.00411682
-0.00378918
-0.00328433
-0.00261867
-0.00181293
-0.000889068
0.000130917
0.00122546
0.00237347
0.00355399
0.00474573
0.00592562
0.00706814
0.00814424
0.00912058
0.00995953
0.0106205
0.0110653
0.0112369
-0.0054291
-0.00529458
-0.00490753
-0.00431493
-0.00353883
-0.00260567
-0.00154209
-0.000373489
0.000876415
0.00218549
0.00353254
0.00489656
0.0062547
0.00758088
0.00884379
0.0100052
0.0110189
0.0118314
0.0123877
0.0126102
-0.00686967
-0.00670538
-0.00624156
-0.00553768
-0.00462475
-0.0035372
-0.00230781
-0.000966084
0.000462078
0.00195408
0.00348949
0.00504893
0.00661143
0.00815218
0.00963933
0.0110305
0.0122696
0.0132863
0.0139989
0.0143007
-0.00860388
-0.0083956
-0.00783035
-0.00698256
-0.00589809
-0.00462237
-0.00319622
-0.00165412
-2.39202e-05
0.00167232
0.00341657
0.00519295
0.00698493
0.00877188
0.0105246
0.0121992
0.0137307
0.0150278
0.0159663
0.0163995
-0.0107051
-0.0104268
-0.00972339
-0.00868438
-0.00738133
-0.00587411
-0.0042144
-0.00244195
-0.000585729
0.00133422
0.0033044
0.00531507
0.00735765
0.00942012
0.0114811
0.0135015
0.0154121
0.0171029
0.0183767
0.0190422
-0.013267
-0.0128804
-0.0119843
-0.0106826
-0.00909536
-0.00730086
-0.00536365
-0.00332824
-0.00122306
0.000936228
0.00314341
0.00539796
0.00770378
0.0100634
0.0124715
0.0149041
0.0173
0.019554
0.0213273
0.0224619
-0.0165624
-0.0158955
-0.0147038
-0.0130196
-0.0110561
-0.00890163
-0.00663477
-0.00430213
-0.00192808
0.000479636
0.00292609
0.00542122
0.00798821
0.0106504
0.0134291
0.0163319
0.0193259
0.0223758
0.0248859
0.0270531
-0.0201602
-0.0194301
-0.0179272
-0.015723
-0.0132629
-0.0106576
-0.00800162
-0.00533803
-0.0026817
-2.74595e-05
0.00264348
0.00536303
0.0081674
0.0111079
0.0142429
0.0176282
0.0212873
0.0254622
0.0288942
0.0333093
-0.0277869
-0.0242676
-0.0220769
-0.0188818
-0.015694
-0.012511
-0.00940141
-0.0063818
-0.00344264
-0.00055748
0.00231189
0.00521411
0.0082028
0.0113698
0.0148363
0.0187894
0.0233367
0.0293741
0.034601
0.0433351
-0.0323818
-0.0301337
-0.0267976
-0.0226449
-0.0184748
-0.014503
-0.0108321
-0.00741668
-0.00419539
-0.00110567
0.00191557
0.00493498
0.00801473
0.0112357
0.0146833
0.0185976
0.0224674
0.0301653
0.0334293
0.0517103
-0.0598957
-0.0333442
-0.0301249
-0.0245565
-0.0195866
-0.0153231
-0.0114521
-0.00787846
-0.00454178
-0.00136936
0.00170922
0.00476449
0.00788201
0.0111921
0.0148598
0.0196062
0.0253888
0.0373337
0.0505976
0.0947532
4.01435e-07
5.04591e-05
0.000191347
0.000411034
0.000704418
0.00106428
0.00148173
0.00194646
0.00244698
0.00297082
0.00350482
0.00403533
0.00454854
0.00503075
0.00546875
0.00585019
0.00616396
0.00640075
0.00655368
0.00660943
-4.92747e-05
1.26749e-06
0.000144246
0.000367
0.000664498
0.00102945
0.00145284
0.00192427
0.0024321
0.00296374
0.00350586
0.00404465
0.00456609
0.00505629
0.00550176
0.0058899
0.00620935
0.00645054
0.0066065
0.00666314
-0.000192987
-0.000140696
8.23964e-06
0.000240281
0.000550158
0.00093025
0.00137121
0.00186223
0.00239126
0.00294532
0.00351063
0.00407289
0.00461758
0.0051302
0.00559663
0.00600356
0.00633889
0.00659235
0.00675639
0.00681579
-0.000425881
-0.000370366
-0.000211713
3.545e-05
0.000365441
0.000770109
0.00123949
0.00176213
0.00232537
0.00291554
0.00351819
0.00411827
0.00470044
0.00524927
0.00574962
0.00618701
0.00654815
0.00682161
0.00699887
0.00706314
-0.000754054
-0.000693868
-0.000521409
-0.000252831
0.000105574
0.000544852
0.00105416
0.00162116
0.00223229
0.00287299
0.00352789
0.00418098
0.00481582
0.00541571
0.00596407
0.00644481
0.00684288
0.00714509
0.00734143
0.00741289
-0.00118614
-0.0011197
-0.00092889
-0.000631941
-0.000236024
0.00024878
0.000810436
0.00143543
0.00210905
0.00281565
0.00353875
0.00426118
0.00496513
0.00563238
0.00624448
0.00678315
0.00723093
0.00757213
0.00779453
0.00787596
-0.00173353
-0.00165903
-0.00144466
-0.00111144
-0.000667811
-0.000125382
0.000502228
0.0012
0.00195186
0.00274085
0.0035493
0.00435873
0.00514985
0.0059026
0.00659626
0.00720979
0.00772247
0.00811509
0.00837218
0.00846707
-0.00241093
-0.00232621
-0.0020821
-0.00170342
-0.00120034
-0.00058662
0.000122066
0.000908829
0.00175597
0.00264515
0.00355742
0.00447307
0.00537123
0.00622989
0.00702569
0.00773415
0.00833025
0.00878987
0.00909275
0.0092058
-0.00323703
-0.00313937
-0.00285796
-0.00242272
-0.0018464
-0.00114564
-0.000338856
0.000554782
0.00151573
0.00252423
0.00356017
0.00460281
0.00562991
0.00661752
0.00753942
0.00836699
0.00906967
0.0096165
0.00998007
0.0101179
-0.00423554
-0.00412129
-0.00379294
-0.00328738
-0.0026211
-0.00181483
-0.000890528
0.000129817
0.00122464
0.00237287
0.00355354
0.00474536
0.00592527
0.00706775
0.00814376
0.00911998
0.00995882
0.0106198
0.0110648
0.0112374
-0.00543674
-0.00530061
-0.00491255
-0.00431893
-0.00354193
-0.00260802
-0.0015438
-0.000374696
0.000875602
0.00218498
0.00353223
0.00489637
0.00625453
0.00758065
0.00884341
0.0100046
0.011018
0.0118304
0.0123866
0.0126102
-0.00688009
-0.00671365
-0.00624833
-0.00554293
-0.00462866
-0.00353999
-0.0023097
-0.000967276
0.000461421
0.00195382
0.00348951
0.00504912
0.00661167
0.00815236
0.00963931
0.01103
0.0122686
0.0132848
0.0139971
0.0142998
-0.00861846
-0.00840719
-0.00783954
-0.00698938
-0.00590287
-0.0046255
-0.00319808
-0.00165504
-2.41401e-05
0.0016726
0.00341719
0.00519379
0.00698585
0.00877276
0.0105252
0.0121994
0.0137299
0.0150258
0.0159634
0.0163969
-0.010726
-0.0104434
-0.00973586
-0.00869306
-0.00738686
-0.00587724
-0.0042158
-0.00244214
-0.000585063
0.00133545
0.00330609
0.00531703
0.00735981
0.00942237
0.0114832
0.0135029
0.0154122
0.0171006
0.0183724
0.0190368
-0.0132982
-0.0129044
-0.012001
-0.0106932
-0.00910107
-0.00730318
-0.00536374
-0.00332696
-0.00122088
0.000939031
0.00314684
0.00540176
0.00770802
0.010068
0.0124762
0.0149083
0.0173024
0.0195519
0.0213212
0.0224506
-0.0166081
-0.015929
-0.0147251
-0.0130312
-0.0110604
-0.0089015
-0.00663208
-0.00429814
-0.00192332
0.000485067
0.00293296
0.00542807
0.00799601
0.0106594
0.0134391
0.016342
0.0193342
0.0223767
0.02488
0.027031
-0.0202396
-0.0194804
-0.0179543
-0.0157335
-0.0132629
-0.0106521
-0.00799363
-0.00532918
-0.0026726
-1.8174e-05
0.00265259
0.00537427
0.00818082
0.0111242
0.0142627
0.017651
0.0213112
0.0254729
0.0288991
0.0332692
-0.0278959
-0.0243364
-0.022103
-0.0188859
-0.0156844
-0.0124957
-0.00938464
-0.00636544
-0.00342706
-0.000542216
0.00232769
0.0052318
0.00822407
0.0113961
0.0148686
0.0188256
0.0233763
0.0293893
0.0346006
0.0432668
-0.0325519
-0.0301906
-0.0268057
-0.0226201
-0.0184397
-0.0144677
-0.0108002
-0.00738877
-0.00417057
-0.00108235
0.00193943
0.00496186
0.00804794
0.0112796
0.014744
0.0186763
0.0225917
0.0302511
0.0335687
0.0516454
-0.0601454
-0.0334805
-0.030155
-0.0245403
-0.0195531
-0.0152863
-0.0114175
-0.00784768
-0.00451399
-0.00134279
0.00173698
0.00479662
0.00792253
0.0112453
0.0149323
0.0196908
0.0254915
0.0373646
0.0505129
0.0943994
-5.84015e-09
5.21693e-05
0.000193344
0.000413074
0.000706322
0.00106594
0.00148308
0.00194744
0.00244755
0.00297095
0.00350449
0.00403454
0.00454728
0.00502904
0.00546663
0.00584772
0.00616127
0.00639803
0.00655122
0.00660913
-5.18574e-05
8.81744e-07
0.000144236
0.000367198
0.000664764
0.00102971
0.00145307
0.00192442
0.00243216
0.00296368
0.00350567
0.00404432
0.00456561
0.00505564
0.00550098
0.00588901
0.00620843
0.00644975
0.00660606
0.00666497
-0.000196228
-0.000141594
7.75064e-06
0.000240039
0.000550032
0.000930193
0.00137117
0.00186217
0.00239118
0.00294519
0.00351044
0.00407262
0.00461721
0.00512973
0.00559608
0.00600294
0.00633828
0.00659191
0.00675634
0.00681816
-0.000429636
-0.000371602
-0.000212504
3.49354e-05
0.000365074
0.000769829
0.00123926
0.00176193
0.00232518
0.00291533
0.00351795
0.00411798
0.00470008
0.00524884
0.00574912
0.00618647
0.00654764
0.0068213
0.00699898
0.00706588
-0.000758352
-0.000695409
-0.000522463
-0.000253575
0.000105002
0.000544387
0.00105377
0.00162082
0.00223197
0.00287268
0.00352757
0.00418063
0.00481541
0.00541524
0.00596354
0.00644423
0.00684233
0.00714476
0.00734158
0.00741595
-0.0011911
-0.00112159
-0.000930234
-0.000632935
-0.000236818
0.000248115
0.000809864
0.00143492
0.00210859
0.00281521
0.00353831
0.00426071
0.00496462
0.00563181
0.00624383
0.00678245
0.00723026
0.00757171
0.00779464
0.00787933
-0.00173933
-0.00166136
-0.00144637
-0.00111275
-0.000668885
-0.000126298
0.000501431
0.00119929
0.00195121
0.00274025
0.0035487
0.00435812
0.00514919
0.00590187
0.00659544
0.0072089
0.0077216
0.00811448
0.00837216
0.00847079
-0.00241784
-0.00232913
-0.00208432
-0.00170515
-0.00120179
-0.000587864
0.000120978
0.000907864
0.00175509
0.00264434
0.00355663
0.00447227
0.00537038
0.00622895
0.00702464
0.00773299
0.00832907
0.00878895
0.00909249
0.00920989
-0.00324544
-0.00314312
-0.00286088
-0.00242505
-0.00184835
-0.00114732
-0.000340317
0.000553495
0.00151458
0.00252317
0.00355916
0.0046018
0.00562884
0.00661633
0.00753807
0.00836546
0.00906806
0.00961511
0.00997935
0.0101223
-0.004246
-0.00412624
-0.00379687
-0.00329053
-0.00262374
-0.00181708
-0.000892462
0.000128138
0.00122316
0.00237153
0.00355227
0.0047441
0.00592395
0.00706628
0.00814204
0.00911797
0.0099566
0.0106178
0.0110634
0.0112421
-0.00545015
-0.00530736
-0.00491797
-0.00432327
-0.00354551
-0.002611
-0.00154631
-0.000376825
0.000873766
0.00218335
0.00353071
0.00489488
0.00625296
0.00757888
0.00884128
0.010002
0.011015
0.0118272
0.0123842
0.0126149
-0.00689787
-0.00672322
-0.00625596
-0.00554895
-0.00463348
-0.00354389
-0.00231286
-0.000969863
0.000459256
0.00195195
0.0034878
0.00504745
0.00660992
0.00815032
0.00963675
0.0110267
0.0122644
0.01328
0.0139929
0.0143036
-0.0086431
-0.00842134
-0.00785051
-0.00699776
-0.00590927
-0.00463041
-0.00320185
-0.00165798
-2.6486e-05
0.00167065
0.00341547
0.00519217
0.00698416
0.00877072
0.0105224
0.0121954
0.0137243
0.0150186
0.0159564
0.0163978
-0.0107619
-0.0104652
-0.00975184
-0.00870462
-0.00739504
-0.00588299
-0.00421985
-0.00244504
-0.000587203
0.00133382
0.00330469
0.00531589
0.00735865
0.00942083
0.0114808
0.0134989
0.0154054
0.0170898
0.0183606
0.0190306
-0.0133564
-0.01294
-0.0120242
-0.0107084
-0.00911047
-0.00730886
-0.0053671
-0.00332886
-0.00122191
0.000938575
0.00314657
0.00540204
0.00770854
0.0100684
0.0124759
0.014906
0.0172961
0.0195366
0.0213024
0.022427
-0.016697
-0.0159823
-0.0147549
-0.0130483
-0.0110682
-0.00890419
-0.00663217
-0.00429681
-0.00192133
0.000487277
0.00293407
0.00543118
0.00800003
0.0106643
0.0134447
0.0163471
0.0193365
0.0223614
0.0248604
0.0269691
-0.0204689
-0.0195818
-0.0179939
-0.0157454
-0.01326
-0.0106439
-0.00798426
-0.0053201
-0.0026641
-9.83075e-06
0.00266267
0.00538385
0.00819232
0.0111394
0.0142838
0.01768
0.0213503
0.0254811
0.0289179
0.03312
-0.0281663
-0.0244771
-0.0221072
-0.0188609
-0.015645
-0.0124579
-0.0093525
-0.00633913
-0.0034051
-0.000522626
0.00234699
0.00525282
0.00825011
0.011431
0.0149175
0.01889
0.0234731
0.029423
0.0346632
0.0430484
-0.0332166
-0.0301314
-0.0266276
-0.0224003
-0.0182575
-0.0143353
-0.0107051
-0.0073191
-0.00411686
-0.00103712
0.00198243
0.00500847
0.00810759
0.0113667
0.0148868
0.0189001
0.023066
0.0306501
0.0344869
0.0514683
-0.0611443
-0.0340249
-0.0301559
-0.0243769
-0.0193953
-0.0151548
-0.0113151
-0.00777014
-0.0044524
-0.00128914
0.00178993
0.00485703
0.0080029
0.0113598
0.0151214
0.0199352
0.0259356
0.037574
0.0501658
0.092521
)
;

boundaryField
{
    movingWall
    {
        type            zeroGradient;
    }
    fixedWalls
    {
        type            zeroGradient;
    }
}


// ************************************************************************* //
