/*--------------------------------*- C++ -*----------------------------------*\
  =========                 |
  \\      /  F ield         | OpenFOAM: The Open Source CFD Toolbox
   \\    /   O peration     | Website:  https://openfoam.org
    \\  /    A nd           | Version:  10
     \\/     M anipulation  |
\*---------------------------------------------------------------------------*/
FoamFile
{
    format      ascii;
    class       volScalarField;
    location    "3.075";
    object      p;
}
// * * * * * * * * * * * * * * * * * * * * * * * * * * * * * * * * * * * * * //

dimensions      [0 2 -2 0 0 0 0];

internalField   nonuniform List<scalar> 
8000
(
-3.43955e-08
-1.60207e-05
1.50004e-05
7.45106e-05
0.000167002
0.000292473
0.000450087
0.000638317
0.000854633
0.00109524
0.00135509
0.00162741
0.00190378
0.00217427
0.00242771
0.00265222
0.00283597
0.00296843
0.00304826
0.00304562
1.33245e-05
-3.54177e-06
2.74186e-05
8.50632e-05
0.000174824
0.000296993
0.000450994
0.000635558
0.000848408
0.00108605
0.00134349
0.00161403
0.00188975
0.00216056
0.00241516
0.00264145
0.00282725
0.00296172
0.00304417
0.00304092
-2.48665e-05
-4.45442e-05
-1.44893e-05
4.19528e-05
0.000130792
0.000252516
0.000406837
0.000592834
0.00080858
0.00105089
0.00131509
0.00159499
0.00188205
0.00216603
0.00243498
0.00267582
0.00287495
0.00301989
0.00310942
0.00310495
-9.7895e-05
-0.000120258
-9.12976e-05
-3.61763e-05
5.1864e-05
0.000173666
0.000329418
0.000518737
0.000740254
0.000991314
0.00126765
0.00156317
0.00186982
0.00217664
0.00247055
0.00273671
0.00295927
0.00312289
0.00322517
0.00322132
-0.000211561
-0.000237156
-0.000209538
-0.000155835
-6.83515e-05
5.42341e-05
0.000212753
0.000407554
0.000638044
0.000902327
0.0011968
0.00151575
0.00185126
0.00219185
0.00252313
0.00282783
0.00308655
0.00327949
0.00340194
0.00340035
-0.000368022
-0.000397696
-0.000371842
-0.000319996
-0.000233294
-0.0001098
5.21444e-05
0.000253849
0.000495759
0.000777042
0.00109508
0.00144484
0.00181901
0.00220558
0.00258867
0.00294796
0.00325912
0.00349559
0.00364858
0.0036517
-0.000569758
-0.000604575
-0.000581169
-0.000532101
-0.000447062
-0.000323357
-0.000158295
5.0655e-05
0.0003053
0.000606273
0.000952428
0.00133997
0.0017624
0.00220807
0.00265973
0.00309348
0.00347856
0.00377844
0.00397709
0.00398921
-0.000819926
-0.000861189
-0.000841237
-0.000796437
-0.000714731
-0.000592523
-0.000425871
-0.000210745
5.63827e-05
0.00037808
0.000755325
0.00118681
0.00166598
0.00218444
0.00272381
0.00325663
0.00374438
0.00413637
0.00440368
0.00443387
-0.00112238
-0.00117164
-0.00115647
-0.00111804
-0.00104223
-0.000924411
-0.00075917
-0.000540702
-0.000263411
7.76671e-05
0.000486259
0.00096377
0.00150787
0.00211237
0.00276029
0.003422
0.00405061
0.0045771
0.00494874
0.00501613
-0.0014819
-0.0015409
-0.00153209
-0.00150274
-0.0014363
-0.00132703
-0.00116785
-0.000950962
-0.000668409
-0.000312423
0.000124154
0.000646948
0.00125861
0.00195919
0.00273602
0.00356077
0.00437981
0.00510366
0.00563632
0.00578269
-0.00190464
-0.00197521
-0.00197433
-0.00195715
-0.00190438
-0.00180905
-0.00166228
-0.00145413
-0.00117416
-0.000811607
-0.000355405
0.000205258
0.000879414
0.00167875
0.00259921
0.00362146
0.00469175
0.00570366
0.00649004
0.00680469
-0.0023991
-0.00248272
-0.00249078
-0.00248886
-0.00245452
-0.0023795
-0.00225295
-0.00206276
-0.0017962
-0.00143976
-0.000978504
-0.000395241
0.000330545
0.00121014
0.00227207
0.00351536
0.00490284
0.00632844
0.00751998
0.00819425
-0.00297818
-0.00307459
-0.003091
-0.00310651
-0.00309521
-0.00304726
-0.0029496
-0.00278804
-0.00254807
-0.00221448
-0.00177015
-0.00119408
-0.000459842
0.000462281
0.00163803
0.00309488
0.0048507
0.00684712
0.00865836
0.010147
-0.00366619
-0.0037689
-0.00378811
-0.00382063
-0.00383562
-0.00382077
-0.00376029
-0.00363796
-0.00343825
-0.00314599
-0.00274467
-0.00221226
-0.00151559
-0.000597747
0.000596806
0.00216573
0.00426022
0.00695633
0.00969511
0.0129023
-0.00448925
-0.00459284
-0.00460378
-0.00464842
-0.00468783
-0.00470746
-0.00468911
-0.00461406
-0.00446615
-0.00423263
-0.00390328
-0.00346467
-0.00289584
-0.00215148
-0.00115392
0.000258573
0.00248361
0.00600981
0.00999782
0.0163788
-0.00561016
-0.00553212
-0.0054881
-0.00551157
-0.00558482
-0.00566439
-0.00571343
-0.00570248
-0.00561511
-0.00544628
-0.00519981
-0.00488013
-0.00448973
-0.00400431
-0.00334439
-0.00225837
-0.000571606
0.00321626
0.00777483
0.0193357
-0.00676013
-0.00698914
-0.00685581
-0.00692178
-0.00696223
-0.00700069
-0.00701856
-0.00699508
-0.00691972
-0.00678986
-0.00662393
-0.00645043
-0.0063252
-0.00629928
-0.00641004
-0.00650466
-0.00679644
-0.00336203
0.00118313
0.0211837
-0.0104682
-0.00783049
-0.00756706
-0.00730487
-0.00739716
-0.00758702
-0.00778843
-0.00792611
-0.00797713
-0.00793425
-0.00784731
-0.00776063
-0.0078105
-0.00810175
-0.00891194
-0.00990907
-0.0126286
-0.00964908
-0.00522599
0.0262744
-0.0106349
-0.0116325
-0.010659
-0.0106509
-0.0103732
-0.0101856
-0.0100222
-0.00984875
-0.00966556
-0.00944358
-0.00924657
-0.0091226
-0.00924651
-0.00983405
-0.0114123
-0.0134557
-0.0189792
-0.0156128
-0.00988328
0.047658
-0.0341841
-0.00930948
-0.0084915
-0.00782715
-0.00771122
-0.00803568
-0.00846497
-0.00875852
-0.00897346
-0.00900233
-0.00904589
-0.00899943
-0.00926046
-0.00955747
-0.0105459
-0.0103264
-0.00930132
0.00651721
0.0401919
0.139236
2.75114e-06
-2.19342e-05
8.13415e-06
6.71524e-05
0.000160008
0.000286306
0.000445052
0.000634718
0.000852737
0.00109541
0.00135746
0.00163214
0.00191107
0.00218421
0.00244021
0.00266701
0.00285232
0.00298477
0.00306341
0.00304974
2.57318e-05
1.03279e-07
3.04211e-05
8.71048e-05
0.000176416
0.000298359
0.000452242
0.000636811
0.000849812
0.00108777
0.00134575
0.00161708
0.00189371
0.00216561
0.00242135
0.00264869
0.00283505
0.00296889
0.00305028
0.00303521
-9.86539e-06
-3.92823e-05
-9.90249e-06
4.54385e-05
0.000133682
0.000255012
0.000409039
0.000594866
0.000810604
0.0010531
0.0013177
0.00159826
0.00188621
0.00217128
0.00244146
0.00268344
0.0028832
0.00302745
0.0031158
0.00309792
-8.03539e-05
-0.000113175
-8.48966e-05
-3.09821e-05
5.63414e-05
0.000177609
0.000332912
0.000521902
0.000743255
0.000994363
0.001271
0.00156717
0.00187468
0.00218263
0.00247784
0.00274527
0.00296855
0.0031314
0.00323233
0.00321335
-0.00019178
-0.000228619
-0.000201667
-0.000149229
-6.25107e-05
5.94947e-05
0.000217524
0.000411963
0.000642273
0.000906615
0.00120144
0.00152115
0.00185767
0.00219962
0.0025325
0.00283879
0.0030985
0.00329063
0.00341149
0.00339246
-0.000345755
-0.000387632
-0.0003624
-0.000311858
-0.000225939
-0.000103032
5.84308e-05
0.000259801
0.000501585
0.000783017
0.00110155
0.00145233
0.00182782
0.0022162
0.00260143
0.00296292
0.00327559
0.00351136
0.00366249
0.00364502
-0.000544416
-0.000592613
-0.000569762
-0.000522039
-0.000437799
-0.000314687
-0.000150093
5.85684e-05
0.000313174
0.000614433
0.000961281
0.00135011
0.0017745
0.00222274
0.00267749
0.00311453
0.00350214
0.00380176
0.00399839
0.00398618
-0.000790693
-0.00084677
-0.000827282
-0.00078389
-0.000703025
-0.000581443
-0.000415265
-0.000200386
6.68094e-05
0.000388977
0.000767158
0.0011998
0.00168245
0.00220472
0.00274875
0.00328681
0.00377905
0.00417199
0.00443722
0.00443831
-0.00108818
-0.00115398
-0.00113917
-0.00110227
-0.0010274
-0.000910304
-0.000745595
-0.000527365
-0.000249898
9.19146e-05
0.000501942
0.000981703
0.00153019
0.00214022
0.00279536
0.00346571
0.00410263
0.00463298
0.00500312
0.00503618
-0.00144126
-0.00151894
-0.00151036
-0.00148274
-0.00141748
-0.00130917
-0.0011507
-0.000934112
-0.000651306
-0.000294266
0.00014447
0.000671278
0.00128843
0.001997
0.00278509
0.00362434
0.00445894
0.00519341
0.00572674
0.00583604
-0.00185548
-0.00194737
-0.00194664
-0.00193161
-0.00188049
-0.00178659
-0.00164093
-0.00143332
-0.00115314
-0.000789271
-0.00033011
0.000235981
0.000918646
0.00172906
0.00266686
0.00371336
0.00481255
0.00585065
0.00664409
0.00693661
-0.00233823
-0.00244666
-0.00245489
-0.00245591
-0.00242416
-0.00235151
-0.00222687
-0.00203782
-0.00177138
-0.00141365
-0.000949167
-0.000360224
0.000373684
0.00127325
0.00236199
0.00364504
0.0050847
0.00656832
0.00778792
0.00850995
-0.00290026
-0.00302643
-0.0030434
-0.00306353
-0.00305662
-0.0030128
-0.00291858
-0.00275936
-0.00252031
-0.00218578
-0.00173795
-0.0011548
-0.000406968
0.000544401
0.00175451
0.00327045
0.00511298
0.0072206
0.00911328
0.0108977
-0.00356162
-0.00370182
-0.00372225
-0.00376275
-0.00378601
-0.00377903
-0.00372502
-0.00360731
-0.00341006
-0.00311772
-0.00271278
-0.0021712
-0.00145674
-0.0005155
0.000711726
0.00235876
0.00457698
0.00745852
0.0103746
0.0144766
-0.00433704
-0.00449988
-0.00451496
-0.00457658
-0.00462992
-0.00466212
-0.00465437
-0.00458734
-0.00444455
-0.00421287
-0.00388115
-0.0034369
-0.00285765
-0.00210094
-0.00107422
0.00042614
0.00271751
0.00643339
0.0104899
0.0186631
-0.00536882
-0.00534062
-0.00532121
-0.00537629
-0.00548627
-0.00559941
-0.00567644
-0.00568672
-0.0056136
-0.00545101
-0.00520381
-0.00487746
-0.00447755
-0.003986
-0.00333043
-0.0024
-0.000944279
0.00244734
0.00567528
0.0198531
-0.00629409
-0.00676963
-0.00665809
-0.00681984
-0.00691669
-0.00700419
-0.00705519
-0.00705457
-0.00699292
-0.0068671
-0.00669789
-0.00651606
-0.00638851
-0.00639747
-0.00666255
-0.0072877
-0.00901096
-0.00710352
-0.00595287
0.0175913
-0.00972709
-0.00726625
-0.00710484
-0.00698221
-0.00723269
-0.00754661
-0.00784023
-0.00804088
-0.0081296
-0.0080971
-0.00800491
-0.00789352
-0.00793222
-0.00826149
-0.00938013
-0.0110945
-0.0161602
-0.0161162
-0.0156877
0.022255
-0.00771775
-0.0104617
-0.00999706
-0.0105331
-0.0105697
-0.0105752
-0.0105268
-0.0104029
-0.0102246
-0.00995929
-0.00968818
-0.00948337
-0.00950877
-0.010067
-0.011995
-0.0145307
-0.0225056
-0.022256
-0.0137909
0.0505947
-0.0314894
-0.00724039
-0.00690254
-0.00691047
-0.00725073
-0.00783525
-0.00845674
-0.00889089
-0.00918749
-0.00920357
-0.00927289
-0.00914201
-0.00944637
-0.00971698
-0.010981
-0.0111304
-0.00993129
0.00655697
0.0520674
0.166223
7.0783e-06
-2.03801e-05
9.16151e-06
6.76013e-05
0.000160295
0.000286712
0.000445793
0.000635945
0.000854662
0.00109819
0.00136137
0.00163742
0.00191783
0.0021925
0.00244998
0.00267801
0.00286408
0.00299646
0.00307448
0.00305687
3.36994e-05
4.86031e-06
3.46569e-05
9.06219e-05
0.000179502
0.000301186
0.000454954
0.000639555
0.000852758
0.0010911
0.00134966
0.00162176
0.00189932
0.00217225
0.00242903
0.00265727
0.00284412
0.00297773
0.00305856
0.00303975
-2.36164e-07
-3.32291e-05
-4.4288e-06
5.00917e-05
0.000137807
0.000258775
0.000412578
0.000598333
0.000814172
0.00105697
0.00132209
0.0016034
0.00189228
0.00217843
0.00244974
0.00269273
0.0028931
0.00303716
0.00312494
0.00310283
-6.8775e-05
-0.000105472
-7.78185e-05
-2.48341e-05
6.18554e-05
0.000182647
0.00033761
0.000526417
0.000747777
0.000999115
0.00127623
0.00157317
0.00188169
0.00219085
0.00248736
0.00275602
0.0029801
0.00314284
0.00324322
0.00321955
-0.000178194
-0.000219251
-0.000192959
-0.000141539
-5.55372e-05
6.59122e-05
0.000223527
0.000417728
0.000648014
0.000912597
0.00120797
0.00152858
0.00186633
0.0022098
0.00254438
0.00285232
0.00311323
0.00330548
0.00342589
0.00340158
-0.000329826
-0.000376339
-0.000351796
-0.000302364
-0.000217243
-9.49696e-05
6.60154e-05
0.000267108
0.000508869
0.000790597
0.00110981
0.00146175
0.00183885
0.00222927
0.00261687
0.00298076
0.00329536
0.00353171
0.00368261
0.00365912
-0.000525568
-0.00057891
-0.000556783
-0.000510291
-0.000426963
-0.000304593
-0.000140565
6.77676e-05
0.000322355
0.00062399
0.000971699
0.00136202
0.00178862
0.00223974
0.00269791
0.00313862
0.00352942
0.00383056
0.00402745
0.00400814
-0.000768107
-0.000829948
-0.000811244
-0.000769263
-0.000689493
-0.000568832
-0.000403371
-0.000188922
7.82304e-05
0.000400855
0.000780113
0.00121463
0.00170038
0.00222673
0.00277581
0.00331957
0.00381723
0.00421357
0.00448014
0.00447294
-0.00106072
-0.00113305
-0.00111913
-0.00108392
-0.00101046
-0.00089459
-0.000730875
-0.000513288
-0.000235975
0.000106335
0.00051768
0.00099977
0.00155251
0.00216828
0.00283086
0.00351013
0.00415632
0.00469372
0.00506758
0.00509219
-0.00140733
-0.00149248
-0.001485
-0.00145955
-0.00139621
-0.00128966
-0.00113268
-0.000917159
-0.000634787
-0.00027733
0.000162861
0.000691433
0.00131522
0.00203171
0.00283059
0.00368364
0.00453386
0.00528242
0.00582457
0.00592929
-0.00181278
-0.00191335
-0.00191408
-0.00190202
-0.00185369
-0.00176248
-0.00161918
-0.00141341
-0.00113425
-0.000770253
-0.00030931
0.000261679
0.000949477
0.00176997
0.00272285
0.00379005
0.00491481
0.00597978
0.0067924
0.00709484
-0.00228331
-0.00240202
-0.00241238
-0.00241772
-0.00239027
-0.00232186
-0.00220108
-0.00201519
-0.00175087
-0.00139386
-0.000928203
-0.000335629
0.000404362
0.00131731
0.00242607
0.00373852
0.00521809
0.00675006
0.00801061
0.00878443
-0.00282768
-0.00296639
-0.00298674
-0.00301353
-0.0030135
-0.00297655
-0.00288866
-0.00273483
-0.00249978
-0.0021675
-0.00171973
-0.00113414
-0.000382924
0.000586292
0.00181961
0.00337249
0.00527172
0.0074583
0.00943149
0.0113798
-0.00346231
-0.00361841
-0.00364427
-0.00369551
-0.00373032
-0.00373483
-0.00369137
-0.0035827
-0.00339251
-0.00310484
-0.00270182
-0.00215837
-0.00143511
-0.000488229
0.000757868
0.00243989
0.00472349
0.00771865
0.0107728
0.0152235
-0.0041968
-0.00438266
-0.00440721
-0.00448759
-0.00455949
-0.00460993
-0.00461904
-0.00456661
-0.00443561
-0.00421218
-0.00388593
-0.00344408
-0.00286577
-0.00211011
-0.00108319
0.000416461
0.00273135
0.00655614
0.0107643
0.0195088
-0.00516082
-0.00515486
-0.00515398
-0.0052378
-0.00538107
-0.00552734
-0.00563558
-0.00567221
-0.00561922
-0.00547062
-0.00523248
-0.00491242
-0.00452049
-0.00404523
-0.00342681
-0.00257994
-0.00127708
0.00196566
0.0050832
0.0198675
-0.00595859
-0.00649651
-0.00641604
-0.00664121
-0.00679402
-0.00693384
-0.00703606
-0.0070754
-0.00704218
-0.006934
-0.00677525
-0.00660115
-0.00648878
-0.00654108
-0.00692626
-0.00782541
-0.0102176
-0.00898126
-0.00782322
0.0161159
-0.00929674
-0.00687887
-0.00673746
-0.00668701
-0.00702881
-0.0074314
-0.0078082
-0.00807436
-0.00821121
-0.00820685
-0.00812989
-0.00802219
-0.00807658
-0.00845345
-0.00976559
-0.0118429
-0.0178113
-0.0190754
-0.0180257
0.0216328
-0.00665182
-0.00963975
-0.00933555
-0.0100566
-0.0102659
-0.0104525
-0.0105599
-0.0105447
-0.0104377
-0.0102028
-0.00993241
-0.00971382
-0.0097258
-0.0103137
-0.0124834
-0.01535
-0.0240926
-0.0239394
-0.0117966
0.0545767
-0.0306451
-0.00639108
-0.00612147
-0.00631953
-0.00686593
-0.00762291
-0.00838736
-0.00891412
-0.00929233
-0.00933714
-0.00942765
-0.00927867
-0.00961248
-0.00993741
-0.0113052
-0.0115549
-0.00965605
0.0080401
0.0591791
0.177352
1.19004e-05
-1.73035e-05
1.16736e-05
6.96183e-05
0.000162097
0.000288514
0.000447782
0.000638328
0.000857627
0.00110193
0.00136605
0.00164318
0.0019248
0.00220072
0.00245941
0.00268846
0.00287515
0.00300754
0.00308519
0.00306551
4.05454e-05
1.00178e-05
3.9285e-05
9.46342e-05
0.000183125
0.00030459
0.000458292
0.00064299
0.000856464
0.00109527
0.00135447
0.0016274
0.00190592
0.0021799
0.0024377
0.00266681
0.00285417
0.00298773
0.00306819
0.0030471
7.95681e-06
-2.6861e-05
1.3783e-06
5.52092e-05
0.000142452
0.000263109
0.000416753
0.000602512
0.000818541
0.00106174
0.00132746
0.00160958
0.00189946
0.00218675
0.00245919
0.00270318
0.00290418
0.00304824
0.00313567
0.00311102
-5.88785e-05
-9.75292e-05
-7.04788e-05
-1.82654e-05
6.78579e-05
0.000188236
0.000342936
0.00053165
0.000753118
0.0010048
0.00128251
0.00158033
0.00188996
0.00220042
0.00249831
0.00276823
0.00299318
0.00315609
0.0032562
0.00322971
-0.000166418
-0.000209573
-0.000183934
-0.000133375
-4.80293e-05
7.29161e-05
0.000230184
0.000424227
0.000654588
0.000919525
0.00121558
0.00153721
0.00187633
0.00222146
0.00255786
0.00286757
0.00312983
0.00332258
0.00344291
0.00341546
-0.000315807
-0.00036459
-0.000340765
-0.000292302
-0.000207945
-8.62795e-05
7.42679e-05
0.000275141
0.000516961
0.000799091
0.00111912
0.00147235
0.00185122
0.00224388
0.00263403
0.00300053
0.00331734
0.00355484
0.00370609
0.00367912
-0.000508741
-0.000564565
-0.000543242
-0.000497869
-0.000415458
-0.000293849
-0.000130391
7.76271e-05
0.000332241
0.000634334
0.000983036
0.001375
0.00180397
0.00225818
0.00272004
0.00316471
0.00355917
0.00386271
0.0040608
0.00403777
-0.000747672
-0.00081226
-0.00079449
-0.000753852
-0.000675235
-0.000555578
-0.00039091
-0.000176947
9.01415e-05
0.000413253
0.000793696
0.00123029
0.0017192
0.00224985
0.00280427
0.00335413
0.00385786
0.00425887
0.00452839
0.00451785
-0.00103557
-0.00111098
-0.00109819
-0.00106468
-0.000992744
-0.000878278
-0.000715734
-0.000498945
-0.000221903
0.000120837
0.000533509
0.0010181
0.00157501
0.00219666
0.00286694
0.00355551
0.00421172
0.00475793
0.00513809
0.00516121
-0.0013759
-0.00146455
-0.00145854
-0.00143532
-0.00137413
-0.00126964
-0.00111446
-0.000900284
-0.000618598
-0.000260931
0.000180632
0.000712137
0.00134107
0.00206534
0.00287501
0.00374198
0.00460844
0.00537317
0.00592802
0.00603717
-0.00177283
-0.00187747
-0.00188019
-0.00187124
-0.00182607
-0.00173797
-0.00159751
-0.00139401
-0.00111629
-0.000752596
-0.00029043
0.000283792
0.000977279
0.00180751
0.00277489
0.00386217
0.00501241
0.00610617
0.00694408
0.0072666
-0.00223154
-0.00235511
-0.00236834
-0.0023782
-0.00235552
-0.00229194
-0.00217564
-0.00199354
-0.00173197
-0.00137632
-0.000910285
-0.000315125
0.000430475
0.00135494
0.00248177
0.00382129
0.00533893
0.00691991
0.00823088
0.00906109
-0.00275916
-0.00290387
-0.00292851
-0.00296212
-0.00296946
-0.00294008
-0.00285933
-0.00271167
-0.00248143
-0.00215231
-0.00170573
-0.00111921
-0.0003644
0.000616633
0.00186894
0.00345372
0.00540462
0.00766849
0.00973682
0.011837
-0.00336906
-0.00353315
-0.00356556
-0.00362739
-0.00367388
-0.00369042
-0.00365826
-0.00355947
-0.00337724
-0.00309544
-0.00269604
-0.00215331
-0.00142693
-0.000475962
0.000781654
0.0024912
0.00483011
0.00792898
0.011148
0.0159254
-0.00406782
-0.00426534
-0.00430041
-0.00439812
-0.00448803
-0.0045568
-0.00458327
-0.00454616
-0.00442784
-0.00421455
-0.00389609
-0.00346058
-0.00288868
-0.0021424
-0.00112684
0.000369618
0.0026918
0.0066132
0.0110593
0.0203832
-0.00497485
-0.00498167
-0.00499733
-0.00510639
-0.00527918
-0.00545624
-0.00559372
-0.00565604
-0.00562401
-0.00549165
-0.00526645
-0.00495877
-0.00458393
-0.00413806
-0.00357141
-0.00281029
-0.00162755
0.00148916
0.00472146
0.0202798
-0.0056838
-0.0062633
-0.00620645
-0.006482
-0.00668069
-0.00686682
-0.00700912
-0.00708233
-0.00707659
-0.00698924
-0.00684731
-0.00669057
-0.00660696
-0.00671838
-0.00723224
-0.00838312
-0.0113197
-0.0105917
-0.00933245
0.01564
-0.00891797
-0.0065322
-0.00642073
-0.00642778
-0.00683819
-0.00731335
-0.00775718
-0.00807972
-0.00826126
-0.00828761
-0.00823301
-0.00814376
-0.00823314
-0.00868257
-0.0101899
-0.0126104
-0.0193554
-0.0215794
-0.0202254
0.0214123
-0.00600828
-0.00915596
-0.00888768
-0.00973352
-0.0100533
-0.0103457
-0.0105471
-0.0106079
-0.0105581
-0.010356
-0.0101006
-0.00988996
-0.009917
-0.0105663
-0.0129349
-0.0161068
-0.0255399
-0.0257145
-0.0122331
0.0574507
-0.0299053
-0.00566645
-0.00546907
-0.00579837
-0.00649699
-0.00739471
-0.00828142
-0.00890181
-0.00935724
-0.00944133
-0.00955995
-0.009422
-0.00978638
-0.010171
-0.0116298
-0.0120075
-0.0100756
0.00811635
0.0614051
0.184124
1.68162e-05
-1.29995e-05
1.56484e-05
7.32304e-05
0.000165477
0.000291794
0.0004511
0.000641832
0.000861469
0.00110627
0.00137106
0.001649
0.00193154
0.00220845
0.00246809
0.00269796
0.00288519
0.00301776
0.00309536
0.00307492
4.63579e-05
1.51555e-05
4.40858e-05
9.90261e-05
0.000187223
0.000308511
0.000462162
0.000646947
0.00086066
0.00109987
0.00135964
0.0016333
0.00191269
0.00218759
0.00244632
0.00267623
0.00286415
0.0029979
0.00307835
0.00305655
1.47252e-05
-2.08251e-05
7.04748e-06
6.04189e-05
0.000147314
0.000267735
0.000421268
0.000607061
0.000823289
0.00106686
0.00133316
0.00161605
0.00190686
0.00219518
0.00246869
0.00271364
0.00291535
0.00305971
0.00314721
0.0031218
-5.07664e-05
-9.02101e-05
-6.35669e-05
-1.18805e-05
7.38205e-05
0.000193884
0.000348396
0.000537079
0.0007587
0.00101075
0.00128906
0.00158773
0.00189843
0.00221014
0.00250935
0.00278052
0.00300647
0.00316991
0.00327023
0.00324296
-0.000156681
-0.000200703
-0.000175522
-0.00012557
-4.07322e-05
7.98109e-05
0.000236812
0.000430761
0.000661247
0.000926567
0.0012233
0.00154595
0.00188639
0.00223313
0.0025713
0.00288277
0.00314654
0.00334024
0.00346108
0.00343284
-0.000304059
-0.000353798
-0.000330498
-0.000282748
-0.000199011
-7.78629e-05
8.23137e-05
0.000283017
0.000524928
0.000807474
0.00112831
0.00148279
0.00186337
0.00225818
0.00265081
0.00301989
0.00333905
0.00357824
0.00373054
0.00370283
-0.00049445
-0.000551338
-0.000530638
-0.000486127
-0.000404501
-0.000283579
-0.00012065
8.70749e-05
0.000341714
0.000644244
0.000993892
0.00138741
0.00181862
0.00227575
0.00274111
0.00318964
0.00358784
0.00389434
0.00409445
0.00407093
-0.000730111
-0.000795901
-0.000778897
-0.000739345
-0.000661766
-0.000543062
-0.000379177
-0.000165723
0.000101248
0.000424761
0.000806269
0.00124475
0.00173655
0.00227115
0.00283055
0.00338615
0.00389584
0.004302
0.00457531
0.00456502
-0.00101374
-0.00109053
-0.00107873
-0.00104664
-0.000976139
-0.00086305
-0.000701705
-0.000485795
-0.000209155
0.00013383
0.000547591
0.00103436
0.00159488
0.00222177
0.00289899
0.00359604
0.00426163
0.00481671
0.00520384
0.00522914
-0.00134844
-0.0014387
-0.00143401
-0.00141274
-0.00135359
-0.00125114
-0.00109783
-0.000885151
-0.000604388
-0.000246856
0.000195616
0.000729374
0.00136258
0.00209352
0.00291258
0.00379176
0.00467271
0.00545253
0.00602008
0.00613609
-0.0017378
-0.00184436
-0.00184893
-0.00184273
-0.00180055
-0.00171554
-0.00157799
-0.00137698
-0.00110109
-0.000738281
-0.000275745
0.000300554
0.000998297
0.00183648
0.00281593
0.00392006
0.00509206
0.00621087
0.0070721
0.00741215
-0.0021862
-0.00231213
-0.00232802
-0.00234187
-0.00232363
-0.00226472
-0.00215296
-0.00197491
-0.00171662
-0.0013632
-0.000898054
-0.000302028
0.000446918
0.00138011
0.00252106
0.00388218
0.00543077
0.00705194
0.00840576
0.00927655
-0.00269961
-0.00284732
-0.00287583
-0.0029153
-0.0029293
-0.002907
-0.00283321
-0.00269197
-0.00246726
-0.00214245
-0.00169894
-0.00111396
-0.000359731
0.000629941
0.00189609
0.00350481
0.00549589
0.00782052
0.00996467
0.0121575
-0.00328951
-0.00345768
-0.0034957
-0.00356623
-0.00362274
-0.00365001
-0.00362845
-0.00353954
-0.00336611
-0.00309153
-0.00269768
-0.00215836
-0.00143167
-0.000481916
0.000780748
0.00250941
0.00489029
0.00806766
0.0114168
0.0163734
-0.00396117
-0.00416437
-0.00420766
-0.00431856
-0.00442306
-0.00450745
-0.00454956
-0.00452718
-0.00442199
-0.00422011
-0.00391161
-0.00348533
-0.00292318
-0.0021902
-0.0011897
0.000304493
0.00263887
0.0066362
0.0112922
0.02092
-0.00482799
-0.00484051
-0.00486768
-0.00499489
-0.00518967
-0.00539075
-0.00555242
-0.00563736
-0.00562527
-0.00550992
-0.00529995
-0.00500785
-0.00465258
-0.00423442
-0.00370616
-0.00300203
-0.00187178
0.00119757
0.00466981
0.0206137
-0.00548781
-0.00608276
-0.00603874
-0.00634453
-0.0065739
-0.00679304
-0.00696802
-0.00707152
-0.00709217
-0.00702699
-0.00690493
-0.00676946
-0.00671621
-0.0068793
-0.00748819
-0.00879913
-0.0120532
-0.0115595
-0.0099793
0.015521
-0.0086567
-0.00628121
-0.00618648
-0.00622553
-0.00667764
-0.00720012
-0.00769198
-0.00805926
-0.00827931
-0.00833635
-0.00830769
-0.00824344
-0.00837027
-0.00888508
-0.0105339
-0.0131831
-0.020403
-0.0231447
-0.0212488
0.0212331
-0.00569734
-0.00886654
-0.00859029
-0.00948277
-0.0098539
-0.0102094
-0.0104774
-0.0105974
-0.0105962
-0.0104294
-0.0102
-0.0100128
-0.01007
-0.0107839
-0.0132981
-0.0166981
-0.0265589
-0.0269698
-0.012541
0.0586747
-0.0295133
-0.00525514
-0.00507769
-0.00545655
-0.00622888
-0.0072105
-0.00817845
-0.0088662
-0.0093776
-0.00949996
-0.00964995
-0.00953602
-0.00993362
-0.0103791
-0.0119246
-0.0124242
-0.010531
0.00788889
0.0624173
0.186877
2.14207e-05
-8.67325e-06
1.97473e-05
7.70738e-05
0.000169135
0.000295357
0.000454674
0.000645538
0.000865438
0.00111064
0.00137596
0.00165456
0.00193786
0.00221557
0.002476
0.00270656
0.00289431
0.00302716
0.00310484
0.00308415
5.142e-05
1.99353e-05
4.86341e-05
0.0001033
0.000191284
0.00031244
0.00046606
0.000650933
0.000864865
0.00110444
0.00136472
0.00163902
0.00191916
0.00219488
0.00245443
0.00268507
0.00287355
0.00300762
0.00308819
0.00306613
2.05127e-05
-1.53403e-05
1.22802e-05
6.53427e-05
0.000151986
0.000272233
0.000425695
0.00061154
0.000827964
0.0010719
0.00133872
0.0016223
0.00191394
0.00220319
0.00247766
0.0027235
0.00292591
0.00307071
0.00315842
0.00313274
-4.39101e-05
-8.36815e-05
-5.73226e-05
-5.99588e-06
7.93951e-05
0.000199224
0.000353606
0.000542292
0.000764081
0.00101648
0.00129536
0.00159481
0.00190649
0.00221934
0.00251976
0.0027921
0.00301905
0.00318315
0.00328385
0.00325634
-0.000148457
-0.000192837
-0.000167985
-0.000118462
-3.40105e-05
8.62184e-05
0.000243016
0.000436914
0.00066754
0.000933235
0.00123061
0.00155419
0.00189584
0.00224405
0.00258384
0.00289696
0.00316221
0.00335698
0.0034785
0.0034501
-0.0002941
-0.000344233
-0.000321327
-0.0002741
-0.000190858
-7.01358e-05
8.97337e-05
0.000290305
0.000532316
0.000815255
0.00113683
0.00149244
0.00187458
0.00227134
0.00266621
0.00303768
0.00335909
0.00360005
0.00375355
0.00372585
-0.000482278
-0.000539608
-0.000519395
-0.000475546
-0.000394573
-0.000274246
-0.000111784
9.56761e-05
0.000350334
0.00065325
0.00100374
0.00139864
0.00183184
0.00229157
0.00276007
0.00321208
0.00361376
0.00392318
0.00412541
0.00410226
-0.00071509
-0.000781386
-0.000765008
-0.000726323
-0.000649638
-0.00053179
-0.00036863
-0.000155665
0.000111158
0.000434985
0.000817395
0.0012575
0.00175181
0.00228985
0.0028536
0.00341428
0.00392932
0.00434031
0.0046173
0.00460817
-0.000995013
-0.0010724
-0.00106143
-0.00103052
-0.000961282
-0.000849453
-0.000689239
-0.000474195
-0.000198015
0.000145075
0.000559679
0.00104822
0.00161178
0.00224312
0.00292626
0.00363059
0.00430434
0.00486733
0.00526086
0.00528897
-0.00132485
-0.00141583
-0.00141228
-0.00139266
-0.00133533
-0.00123475
-0.00108321
-0.000872007
-0.000592246
-0.000235044
0.000207973
0.000743347
0.00138001
0.00211645
0.00294331
0.00383268
0.00472583
0.0055185
0.00609711
0.00621943
-0.00170776
-0.00181522
-0.0018214
-0.00181753
-0.001778
-0.00169579
-0.00156097
-0.00136239
-0.00108839
-0.000726701
-0.000264262
0.000313329
0.00101395
0.00185855
0.00284775
0.00396559
0.00515528
0.00629451
0.00717507
0.00752868
-0.00214756
-0.00227464
-0.00229281
-0.00230999
-0.00229562
-0.00224089
-0.0021333
-0.0019591
-0.00170408
-0.0013531
-0.000889398
-0.000293808
0.00045614
0.00139669
0.00254882
0.00392722
0.00550037
0.00715309
0.00854054
0.00943953
-0.00264945
-0.00279864
-0.00283038
-0.00287463
-0.00289427
-0.00287813
-0.00281059
-0.00267526
-0.00245583
-0.00213546
-0.00169546
-0.00111388
-0.000366225
0.000633637
0.0019098
0.00353839
0.00556106
0.0079323
0.0101336
0.0123862
-0.00322382
-0.003394
-0.00343652
-0.00351388
-0.00357853
-0.00361477
-0.00360239
-0.0035223
-0.00335691
-0.00308944
-0.00270134
-0.00216529
-0.00143501
-0.000492697
0.00077123
0.00251434
0.00492887
0.00816539
0.0116107
0.0166795
-0.00387545
-0.00408133
-0.0041308
-0.00425142
-0.00436729
-0.00446426
-0.00451937
-0.00450971
-0.00441643
-0.00422543
-0.00392689
-0.00350988
-0.00295687
-0.00223812
-0.00125318
0.000242822
0.00259319
0.00665195
0.0114621
0.0212828
-0.00471406
-0.00472919
-0.00476446
-0.00490442
-0.00511528
-0.00533459
-0.00551526
-0.00561874
-0.00562382
-0.0055241
-0.00532898
-0.00505236
-0.00471551
-0.00432108
-0.00381958
-0.00315529
-0.00204285
0.0010127
0.00465611
0.0208752
-0.00534564
-0.00594682
-0.00591038
-0.00623447
-0.0064846
-0.0067274
-0.00692664
-0.00705436
-0.00709712
-0.00705211
-0.00694951
-0.00683531
-0.00681022
-0.00701567
-0.00769263
-0.00910804
-0.0125558
-0.0121659
-0.0103576
0.0155423
-0.00846831
-0.00609667
-0.00601398
-0.00607232
-0.00655057
-0.00710498
-0.00763158
-0.00803229
-0.00828274
-0.00836629
-0.00836217
-0.00832339
-0.00848553
-0.00905497
-0.0108062
-0.0136088
-0.0211353
-0.0241496
-0.0219294
0.0210988
-0.00551147
-0.00868012
-0.00839032
-0.00930261
-0.0097006
-0.0100937
-0.0104067
-0.0105672
-0.0106029
-0.0104671
-0.010264
-0.010103
-0.0101937
-0.0109636
-0.0135867
-0.0171446
-0.0272995
-0.0278552
-0.0130029
0.0591719
-0.0292598
-0.00498637
-0.00481507
-0.0052167
-0.0060287
-0.00706086
-0.00808317
-0.00882023
-0.00937562
-0.00953316
-0.00971255
-0.00962467
-0.010058
-0.010553
-0.0121804
-0.0127702
-0.0109826
0.00752312
0.0625588
0.188147
2.54493e-05
-4.75419e-06
2.35243e-05
8.06841e-05
0.000172611
0.000298756
0.000458072
0.000649027
0.000869124
0.00111464
0.00138038
0.00165951
0.00194341
0.00222178
0.00248286
0.00271402
0.00290224
0.00303539
0.00311323
0.00309249
5.57048e-05
2.41017e-05
5.2652e-05
0.000107141
0.000194978
0.000316042
0.000469645
0.000654594
0.000868711
0.00110858
0.00136929
0.00164413
0.00192489
0.0022013
0.00246155
0.00269283
0.00288183
0.00301624
0.00309701
0.00307491
2.53382e-05
-1.06399e-05
1.68158e-05
6.96768e-05
0.000156145
0.000276271
0.000429688
0.000615587
0.000832183
0.00107642
0.00134369
0.00162785
0.00192019
0.00221023
0.00248552
0.00273214
0.00293522
0.00308048
0.00316846
0.00314278
-3.82545e-05
-7.81623e-05
-5.19945e-05
-9.08483e-07
8.42626e-05
0.000203922
0.000358216
0.000546922
0.000768866
0.00102158
0.00130094
0.00160106
0.00191358
0.00222739
0.00252886
0.00280223
0.00303008
0.00319486
0.00329601
0.00326853
-0.000141695
-0.000186226
-0.000161605
-0.000112378
-2.82108e-05
9.17811e-05
0.000248427
0.000442297
0.000673056
0.000939078
0.001237
0.00156137
0.00190407
0.00225352
0.0025947
0.00290925
0.00317582
0.00337164
0.00349387
0.00346559
-0.000285907
-0.000336213
-0.000313592
-0.000266742
-0.000183878
-6.34932e-05
9.6131e-05
0.000296599
0.000538701
0.000821975
0.00114418
0.00150075
0.0018842
0.00228259
0.00267937
0.00305287
0.00337625
0.00361884
0.00377351
0.00374612
-0.000472248
-0.000529779
-0.000509932
-0.000466579
-0.000386125
-0.000266286
-0.000104217
0.000103014
0.000357678
0.00066091
0.0010121
0.00140814
0.00184298
0.00230487
0.00277599
0.00323092
0.00363555
0.00394755
0.00415169
0.00412919
-0.000702696
-0.000769234
-0.000753342
-0.00071533
-0.000639375
-0.000522247
-0.000359711
-0.000147185
0.000119482
0.000443535
0.00082666
0.00126807
0.00176441
0.00230526
0.00287256
0.00343739
0.00395686
0.00437191
0.00465207
0.00464421
-0.000979564
-0.00105725
-0.00104695
-0.00101697
-0.000948773
-0.000838016
-0.000678788
-0.000464526
-0.000188797
0.000154306
0.000569531
0.00105946
0.00162541
0.00226027
0.00294813
0.00365828
0.00433857
0.00490797
0.00530671
0.00533729
-0.00130542
-0.00139678
-0.00139416
-0.00137585
-0.00132003
-0.00122105
-0.00107105
-0.000861169
-0.000582357
-0.000225563
0.000217756
0.000754264
0.00139358
0.00213428
0.00296717
0.00386446
0.00476711
0.00556981
0.00615702
0.00628414
-0.00168315
-0.00179109
-0.00179857
-0.00179656
-0.00175921
-0.00167938
-0.00154691
-0.00135048
-0.00107822
-0.000717671
-0.000255541
0.00032285
0.00102528
0.00187479
0.00287133
0.00399953
0.00520262
0.00635716
0.00725205
0.00761488
-0.00211614
-0.00224385
-0.00226384
-0.00228365
-0.00227243
-0.00222117
-0.00211711
-0.00194628
-0.00169421
-0.00134559
-0.000883537
-0.000289054
0.000459099
0.00140698
0.00256768
0.00395882
0.00555009
0.00722562
0.00863673
0.00955323
-0.00260915
-0.00275916
-0.0027934
-0.00284135
-0.00286547
-0.00285433
-0.00279197
-0.00266171
-0.00244697
-0.00213075
-0.00169441
-0.00111834
-0.000397316
0.000630366
0.00191661
0.00355904
0.00560461
0.00800858
0.0102482
0.0125347
-0.00317199
-0.00334325
-0.00338915
-0.0034716
-0.00354249
-0.00358579
-0.00358083
-0.00350809
-0.00334972
-0.00308866
-0.00270591
-0.00217147
-0.00141892
-0.000503982
0.000757437
0.00251139
0.00495073
0.00822804
0.011736
0.0168643
-0.00380939
-0.00401658
-0.00407041
-0.00419792
-0.00432217
-0.00442871
-0.00449405
-0.00449465
-0.00441144
-0.00422998
-0.0039405
-0.00353178
-0.00298524
-0.00228091
-0.00131108
0.000191046
0.002557
0.00665946
0.0115696
0.0214908
-0.00462893
-0.00464521
-0.00468591
-0.0048345
-0.00505661
-0.00528911
-0.00548408
-0.00560184
-0.0056208
-0.00553436
-0.00535228
-0.00508926
-0.00476749
-0.00439063
-0.0039036
-0.0032663
-0.00215491
0.000902536
0.00466622
0.0210306
-0.00524439
-0.00584754
-0.00581545
-0.0061504
-0.00641389
-0.00667285
-0.00689043
-0.00703584
-0.00709611
-0.00706802
-0.00698241
-0.00688674
-0.0068846
-0.00712137
-0.00784332
-0.00932302
-0.01288
-0.012525
-0.0105605
0.0155533
-0.00833755
-0.00596644
-0.00589111
-0.00596049
-0.00645467
-0.00702954
-0.00758098
-0.00800517
-0.00827855
-0.00838359
-0.00840049
-0.00838412
-0.00857539
-0.00918599
-0.0110058
-0.0139049
-0.0216111
-0.0247599
-0.0223339
0.020966
-0.00539662
-0.00855692
-0.00825524
-0.00917511
-0.00958581
-0.00999856
-0.010346
-0.0105323
-0.0105949
-0.0104842
-0.0103045
-0.0101678
-0.0102887
-0.0111028
-0.013802
-0.0174657
-0.0278077
-0.0284592
-0.0134047
0.0592643
-0.0291037
-0.00481911
-0.00464687
-0.0050564
-0.0058873
-0.00694821
-0.00800615
-0.0087769
-0.00936373
-0.00954877
-0.00975362
-0.00969032
-0.0101553
-0.0106901
-0.0123811
-0.0130418
-0.0113432
0.00717615
0.0624708
0.1886
2.86705e-05
-1.5775e-06
2.66119e-05
8.36651e-05
0.000175502
0.000301592
0.000460908
0.000651933
0.000872177
0.00111793
0.00138399
0.00166351
0.00194788
0.00222676
0.00248835
0.00271997
0.00290859
0.00304201
0.00312002
0.0030993
5.90816e-05
2.74269e-05
5.58838e-05
0.000110261
0.000198001
0.000319004
0.000472601
0.000657614
0.000871876
0.00111198
0.00137301
0.00164827
0.00192952
0.00220647
0.00246726
0.00269905
0.00288849
0.00302321
0.00310417
0.00308211
2.91061e-05
-6.92628e-06
2.04244e-05
7.31566e-05
0.000159508
0.000279553
0.000432945
0.000618893
0.000835628
0.0010801
0.00134772
0.00163234
0.00192523
0.00221589
0.00249183
0.00273908
0.00294269
0.00308836
0.00317661
0.00315098
-3.38729e-05
-7.38407e-05
-4.77977e-05
3.13097e-06
8.81524e-05
0.000207696
0.000361931
0.000550662
0.000772734
0.0010257
0.00130544
0.00160608
0.00191926
0.00223384
0.00253613
0.00281032
0.00303892
0.00320428
0.00330581
0.00327845
-0.000136475
-0.000181075
-0.000156608
-0.000107581
-2.36145e-05
9.62076e-05
0.000252747
0.000446603
0.000677471
0.000943753
0.00124211
0.0015671
0.0019106
0.00226103
0.00260331
0.00291899
0.00318662
0.00338331
0.00350614
0.00347806
-0.000279591
-0.000329977
-0.000307554
-0.000260968
-0.00017838
-5.82452e-05
0.000101195
0.000301587
0.000543762
0.000827298
0.00114999
0.0015073
0.00189176
0.00229142
0.00268968
0.00306477
0.0033897
0.00363362
0.00378924
0.0037622
-0.000464519
-0.000522149
-0.000502564
-0.000459568
-0.000379502
-0.000260036
-9.82707e-05
0.00010878
0.000363443
0.00066691
0.00101863
0.00141554
0.00185165
0.00231519
0.0027883
0.00324547
0.00365238
0.0039664
0.00417206
0.00415016
-0.000693153
-0.000759816
-0.000744279
-0.000706761
-0.000631362
-0.000514792
-0.000352749
-0.000140578
0.000125949
0.000450158
0.000833816
0.00127622
0.00177409
0.00231704
0.002887
0.00345495
0.00397776
0.0043959
0.00467846
0.00467165
-0.000967687
-0.00104553
-0.00103572
-0.00100644
-0.000939046
-0.000829126
-0.000670682
-0.000457053
-0.000181706
0.000161375
0.000577055
0.00106803
0.00163577
0.0022732
0.00296448
0.00367889
0.004364
0.00493813
0.00534069
0.00537313
-0.00129054
-0.00138211
-0.00138017
-0.00136284
-0.00130819
-0.00121046
-0.00106167
-0.000852854
-0.000574823
-0.000218379
0.000225176
0.000762607
0.00140404
0.00214759
0.00298464
0.00388756
0.00479701
0.00560685
0.00620015
0.00633054
-0.00166437
-0.0017726
-0.00178103
-0.00178041
-0.00174473
-0.00166673
-0.00153612
-0.0013414
-0.00107054
-0.000710872
-0.000248816
0.000330784
0.00103554
0.00188724
0.0028882
0.00402345
0.00523587
0.00640097
0.00730561
0.00767425
-0.00209236
-0.00222043
-0.00224174
-0.0022635
-0.00225465
-0.00220604
-0.00210473
-0.00193654
-0.0016868
-0.00133994
-0.000878568
-0.000282441
0.000471948
0.00141692
0.00258079
0.0039801
0.00558368
0.00727451
0.00870109
0.00962792
-0.00257896
-0.00272944
-0.00276548
-0.0028161
-0.00284352
-0.00283612
-0.00277773
-0.0026514
-0.00244035
-0.00212728
-0.00169283
-0.00111344
-0.000357516
0.000635193
0.00192017
0.00357134
0.00563234
0.00805779
0.0103215
0.0126267
-0.00313373
-0.00330558
-0.00335384
-0.00343986
-0.00351525
-0.00356372
-0.0035643
-0.00349719
-0.00334434
-0.00308863
-0.00271152
-0.00218664
-0.00147323
-0.000524266
0.000741925
0.00250546
0.0049622
0.00826597
0.0118123
0.016972
-0.00376146
-0.00396932
-0.0040261
-0.00415823
-0.00428832
-0.0044017
-0.00447452
-0.00448288
-0.00440737
-0.0042336
-0.00395213
-0.00355289
-0.00301956
-0.00231919
-0.00136149
0.000150939
0.00253002
0.00666122
0.0116315
0.0216066
-0.00456861
-0.00458539
-0.00462962
-0.00478383
-0.00501347
-0.00525501
-0.00546008
-0.00558822
-0.00561753
-0.0055414
-0.00536987
-0.00511818
-0.00480882
-0.00444224
-0.00395873
-0.00334137
-0.0022265
0.000835443
0.00467223
0.0211163
-0.00517469
-0.00577835
-0.00574881
-0.00609018
-0.00636205
-0.00663158
-0.00686178
-0.00701986
-0.00709297
-0.00707779
-0.00700548
-0.00692435
-0.00693937
-0.00719726
-0.00794691
-0.00946596
-0.013085
-0.012739
-0.0106836
0.0155514
-0.00824955
-0.00587811
-0.00580729
-0.005883
-0.00638673
-0.00697394
-0.00754285
-0.00798282
-0.00827228
-0.00839326
-0.00842634
-0.00842742
-0.00864038
-0.00927953
-0.0111431
-0.0141012
-0.0219109
-0.0251273
-0.0225922
0.0208463
-0.00532264
-0.00847578
-0.00816614
-0.00908875
-0.00950496
-0.00992286
-0.0103063
-0.0105035
-0.0105837
-0.0104914
-0.0103299
-0.0102125
-0.010357
-0.0112028
-0.0139526
-0.0176835
-0.0281421
-0.0288518
-0.0137137
0.0592248
-0.0290052
-0.00471378
-0.00453943
-0.00495162
-0.00579183
-0.00686844
-0.00794947
-0.00874162
-0.00934996
-0.00955509
-0.00977952
-0.00973599
-0.0102258
-0.0107895
-0.0125262
-0.0132358
-0.0116036
0.00690583
0.0623107
0.188736
3.09125e-05
6.47602e-07
2.87856e-05
8.57764e-05
0.000177558
0.000303615
0.000462933
0.000654004
0.000874348
0.00112025
0.00138653
0.00166633
0.00195101
0.00223023
0.00249218
0.00272413
0.00291302
0.00304665
0.00312479
0.0031041
6.14157e-05
2.9739e-05
5.81417e-05
0.000112453
0.000200136
0.000321103
0.000474699
0.000659757
0.000874118
0.00111438
0.00137563
0.00165118
0.00193276
0.00221008
0.00247125
0.0027034
0.00289314
0.0030281
0.00310921
0.0030872
3.16958e-05
-4.35981e-06
2.29289e-05
7.55848e-05
0.000161866
0.000281861
0.00043524
0.000621225
0.000838056
0.0010827
0.00135055
0.00163549
0.00192876
0.00221984
0.00249623
0.00274391
0.00294792
0.00309389
0.00318233
0.00315677
-3.08763e-05
-7.08707e-05
-4.4903e-05
5.93009e-06
9.08584e-05
0.000210329
0.000364531
0.000553282
0.000775444
0.00102858
0.00130859
0.00160959
0.00192321
0.00223832
0.00254118
0.00281594
0.00304506
0.00321084
0.00331266
0.0032854
-0.000132915
-0.000177547
-0.000153175
-0.000104274
-2.04347e-05
9.92781e-05
0.000255749
0.000449599
0.000680545
0.000947007
0.00124566
0.00157108
0.00191513
0.00226623
0.00260926
0.00292572
0.00319409
0.00339139
0.00351465
0.00348674
-0.000275289
-0.000325715
-0.000303418
-0.000257
-0.000174592
-5.46226e-05
0.000104695
0.000305037
0.000547262
0.000830977
0.001154
0.00151181
0.00189696
0.00229749
0.00269675
0.00307293
0.00339892
0.00364375
0.00380004
0.00377326
-0.000459261
-0.000516941
-0.000497525
-0.000454761
-0.000374953
-0.000255738
-9.41807e-05
0.000112745
0.000367404
0.000671029
0.0010231
0.00142061
0.00185756
0.00232221
0.00279666
0.00325533
0.00366379
0.00397918
0.00418587
0.0041644
-0.000686667
-0.000753395
-0.000738092
-0.000700899
-0.000625874
-0.000509686
-0.000347982
-0.000136059
0.000130365
0.000454671
0.000838683
0.00128174
0.00178064
0.00232497
0.00289669
0.00346671
0.00399173
0.00441193
0.00469609
0.00468999
-0.000959629
-0.00103756
-0.00102808
-0.000999252
-0.000932404
-0.000823058
-0.000665154
-0.000451968
-0.000176895
0.000166158
0.000582134
0.0010738
0.00164273
0.00228181
0.0029753
0.00369248
0.00438072
0.00495792
0.00536295
0.00539657
-0.00128046
-0.00137215
-0.00137067
-0.001354
-0.00130012
-0.00120324
-0.00105529
-0.000847223
-0.000569741
-0.00021355
0.000230159
0.000768195
0.00141102
0.00215636
0.00299602
0.0039025
0.00481628
0.00563064
0.00622775
0.00636013
-0.00165172
-0.0017601
-0.00176917
-0.00176947
-0.00173491
-0.00165815
-0.00152881
-0.00133527
-0.00106538
-0.000706335
-0.000244312
0.000336119
0.0010422
0.00189528
0.00289892
0.00403853
0.00525677
0.00642839
0.00733895
0.00771089
-0.00207642
-0.0022047
-0.00222688
-0.00224992
-0.00224264
-0.00219581
-0.00209636
-0.00192998
-0.00168187
-0.00133624
-0.000875333
-0.000278402
0.000478248
0.00142279
0.0025886
0.0039929
0.00560407
0.00730412
0.00873977
0.00967216
-0.00255889
-0.00270963
-0.00274683
-0.00279918
-0.00282876
-0.00282385
-0.00276811
-0.00264446
-0.00243595
-0.00212509
-0.00169213
-0.00111237
-0.000351633
0.00063561
0.00192086
0.00357756
0.00564813
0.0080863
0.0103637
0.0126782
-0.00310856
-0.00328073
-0.00333048
-0.00341877
-0.00349704
-0.00354888
-0.00355313
-0.00348981
-0.00334074
-0.00308876
-0.00271553
-0.0021956
-0.00149047
-0.000537551
0.000729089
0.00249939
0.00496709
0.00828626
0.0118537
0.0170283
-0.00373032
-0.00393853
-0.00399711
-0.0041321
-0.00426586
-0.00438362
-0.00446128
-0.00447476
-0.00440448
-0.00423603
-0.00396016
-0.00356729
-0.00304132
-0.00234622
-0.00140125
0.000123124
0.00251166
0.0066595
0.0116624
0.021663
-0.00453007
-0.00454707
-0.0045934
-0.00475101
-0.00498527
-0.00523244
-0.00544377
-0.00557864
-0.00561486
-0.00554573
-0.00538146
-0.0051375
-0.00483605
-0.00447498
-0.00398781
-0.00338674
-0.00226882
0.00079625
0.00467255
0.0211538
-0.00513092
-0.00573463
-0.00570653
-0.00605157
-0.00632846
-0.00660447
-0.00684177
-0.00700807
-0.00708976
-0.00708329
-0.00702005
-0.00694873
-0.00697486
-0.00724542
-0.0080103
-0.0095522
-0.0132044
-0.0128589
-0.0107557
0.0155393
-0.00819537
-0.0058235
-0.00575528
-0.00583461
-0.00634431
-0.00693979
-0.00751532
-0.00796613
-0.00826649
-0.00839818
-0.00844221
-0.00845506
-0.00868214
-0.00933897
-0.0112279
-0.0142195
-0.0220842
-0.0253341
-0.0227463
0.0207565
-0.00527763
-0.00842612
-0.00811193
-0.00903595
-0.00945707
-0.00988995
-0.0102636
-0.0104801
-0.0105737
-0.0104939
-0.0103448
-0.0102406
-0.0104008
-0.0112668
-0.014047
-0.0178174
-0.0283424
-0.0290875
-0.0139189
0.0591472
-0.0289471
-0.00465198
-0.00447594
-0.00488905
-0.00573425
-0.00682016
-0.00791013
-0.00871623
-0.00933862
-0.00955706
-0.00979509
-0.00976473
-0.0102711
-0.0108536
-0.0126188
-0.0133591
-0.011768
0.00672481
0.0621757
0.188745
3.20579e-05
1.78739e-06
2.9902e-05
8.68644e-05
0.000178621
0.000304663
0.000463982
0.000655077
0.000875471
0.00112146
0.00138784
0.00166778
0.00195262
0.00223202
0.00249414
0.00272626
0.0029153
0.00304904
0.00312725
0.00310658
6.26045e-05
3.09196e-05
5.92975e-05
0.000113579
0.000201236
0.000322187
0.000475783
0.000660864
0.000875276
0.00111562
0.00137699
0.00165267
0.00193443
0.00221193
0.0024733
0.00270564
0.00289554
0.00303062
0.00311181
0.00308982
3.30114e-05
-3.05301e-06
2.4207e-05
7.68274e-05
0.000163076
0.000283048
0.000436422
0.000622426
0.000839307
0.00108403
0.00135201
0.0016371
0.00193057
0.00222187
0.00249848
0.00274639
0.0029506
0.00309672
0.00318528
0.00315975
-2.93575e-05
-6.93622e-05
-4.34302e-05
7.35762e-06
9.22415e-05
0.000211677
0.000365863
0.000554626
0.000776835
0.00103006
0.0013102
0.00161139
0.00192524
0.00224061
0.00254376
0.00281882
0.00304821
0.00321421
0.00331618
0.00328898
-0.000131113
-0.000175757
-0.000151432
-0.000102591
-1.8814e-05
0.000100845
0.000257283
0.000451132
0.000682118
0.000948671
0.00124748
0.00157311
0.00191744
0.00226888
0.00261229
0.00292915
0.0031979
0.00339551
0.003519
0.00349118
-0.000273113
-0.000323555
-0.000301319
-0.000254984
-0.000172665
-5.27778e-05
0.000106479
0.000306796
0.000549047
0.000832852
0.00115604
0.00151411
0.00189961
0.00230057
0.00270034
0.00307706
0.0034036
0.00364889
0.00380552
0.00377888
-0.000456601
-0.000514302
-0.00049497
-0.000452322
-0.000372643
-0.000253554
-9.21011e-05
0.00011476
0.000369417
0.00067312
0.00102537
0.00142317
0.00186055
0.00232576
0.00280088
0.00326031
0.00366953
0.00398562
0.00419282
0.00417158
-0.000683388
-0.000750145
-0.000734957
-0.000697928
-0.000623091
-0.000507095
-0.000345564
-0.000133767
0.000132602
0.000456954
0.000841142
0.00128453
0.00178394
0.00232896
0.00290154
0.00347259
0.00399871
0.00441993
0.00470488
0.00469914
-0.000955559
-0.00103353
-0.00102421
-0.000995615
-0.000929041
-0.000819984
-0.000662356
-0.000449397
-0.000174466
0.00016857
0.000584691
0.0010767
0.00164621
0.0022861
0.00298068
0.00369922
0.00438899
0.00496768
0.00537392
0.00540811
-0.00127538
-0.00136712
-0.00136587
-0.00134953
-0.00129605
-0.0011996
-0.00105207
-0.000844382
-0.000567183
-0.000211124
0.000232652
0.000770972
0.00141447
0.00216068
0.00300161
0.00390982
0.00482569
0.00564222
0.00624116
0.00637446
-0.00164536
-0.00175381
-0.0017632
-0.00176395
-0.00172996
-0.00165382
-0.00152512
-0.00133218
-0.0010628
-0.000704067
-0.000242081
0.000338703
0.00104535
0.00189915
0.00290408
0.00404579
0.00526681
0.00644153
0.00735486
0.00772829
-0.00206843
-0.00219681
-0.00221942
-0.00224308
-0.0022366
-0.00219066
-0.00209214
-0.00192668
-0.00167939
-0.0013344
-0.000873795
-0.00027667
0.000480575
0.0014253
0.00259214
0.00399886
0.00561363
0.007318
0.00875781
0.00969261
-0.00254888
-0.00269974
-0.00273751
-0.0027907
-0.00282136
-0.00281768
-0.00276327
-0.00264097
-0.00243376
-0.00212404
-0.00169194
-0.00111251
-0.000351374
0.000634923
0.00192057
0.0035801
0.0056552
0.00809925
0.0103828
0.0127012
-0.00309609
-0.0032684
-0.00331887
-0.00340826
-0.00348794
-0.00354144
-0.00354751
-0.00348609
-0.00333892
-0.00308884
-0.00271754
-0.00219971
-0.00149694
-0.000544217
0.000721595
0.00249561
0.00496868
0.00829493
0.0118716
0.0170522
-0.003715
-0.00392336
-0.00398279
-0.00411915
-0.00425469
-0.00437456
-0.0044546
-0.00447062
-0.00440297
-0.00423722
-0.00396418
-0.00357439
-0.00305174
-0.00236029
-0.00142499
0.000108585
0.00250229
0.00665782
0.0116749
0.0216859
-0.0045113
-0.00452839
-0.0045757
-0.00473491
-0.00497136
-0.00522122
-0.00543556
-0.00557372
-0.00561337
-0.00554777
-0.00538717
-0.00514704
-0.00484932
-0.00449035
-0.00399784
-0.00340768
-0.00228847
0.000777981
0.00467136
0.0211688
-0.00510978
-0.00571347
-0.00568602
-0.00603274
-0.00631199
-0.00659101
-0.00683166
-0.00700193
-0.00708785
-0.00708575
-0.00702708
-0.00696065
-0.00699216
-0.00726854
-0.00803984
-0.00959258
-0.0132595
-0.0129131
-0.0107897
0.0155306
-0.00816955
-0.00579743
-0.0057304
-0.00581136
-0.00632378
-0.00692285
-0.00750181
-0.00795755
-0.0082632
-0.00840022
-0.00844974
-0.00846848
-0.00870246
-0.00936767
-0.0112682
-0.014275
-0.0221634
-0.0254273
-0.0228188
0.0207098
-0.00525617
-0.00840246
-0.00808625
-0.00901083
-0.00943394
-0.00987087
-0.0102456
-0.0104683
-0.0105682
-0.0104945
-0.0103516
-0.0102541
-0.0104221
-0.0112979
-0.0140924
-0.0178809
-0.028436
-0.0291979
-0.0140205
0.0590981
-0.02892
-0.00462325
-0.00444636
-0.00485974
-0.005707
-0.0067967
-0.00789093
-0.00870329
-0.00933242
-0.00955747
-0.00980224
-0.00977858
-0.0102932
-0.0108849
-0.0126637
-0.0134186
-0.0118473
0.00663512
0.0621011
0.188729
3.20475e-05
1.77674e-06
2.98918e-05
8.68549e-05
0.000178612
0.000304655
0.000463975
0.000655069
0.000875464
0.00112145
0.00138784
0.00166777
0.00195262
0.00223202
0.00249414
0.00272626
0.0029153
0.00304904
0.00312725
0.00310658
6.25938e-05
3.09088e-05
5.92872e-05
0.00011357
0.000201227
0.000322178
0.000475775
0.000660856
0.000875269
0.00111562
0.00137698
0.00165267
0.00193443
0.00221193
0.00247329
0.00270563
0.00289554
0.00303062
0.00311181
0.00308982
3.30011e-05
-3.06349e-06
2.41967e-05
7.68174e-05
0.000163066
0.000283039
0.000436413
0.000622418
0.0008393
0.00108403
0.00135201
0.0016371
0.00193056
0.00222187
0.00249848
0.00274639
0.00295059
0.00309672
0.00318527
0.00315975
-2.9367e-05
-6.93721e-05
-4.34403e-05
7.34752e-06
9.22317e-05
0.000211668
0.000365854
0.000554618
0.000776828
0.00103005
0.0013102
0.00161138
0.00192524
0.00224061
0.00254376
0.00281882
0.00304821
0.00321421
0.00331618
0.00328897
-0.000131121
-0.000175766
-0.000151441
-0.0001026
-1.88236e-05
0.000100836
0.000257274
0.000451124
0.00068211
0.000948663
0.00124747
0.0015731
0.00191744
0.00226888
0.00261229
0.00292915
0.0031979
0.00339551
0.003519
0.00349118
-0.00027312
-0.000323563
-0.000301327
-0.000254993
-0.000172673
-5.27865e-05
0.000106471
0.000306788
0.000549039
0.000832844
0.00115603
0.00151411
0.00189961
0.00230057
0.00270034
0.00307706
0.0034036
0.00364889
0.00380552
0.00377888
-0.000456607
-0.000514309
-0.000494977
-0.000452329
-0.000372651
-0.000253562
-9.21086e-05
0.000114753
0.00036941
0.000673113
0.00102537
0.00142317
0.00186055
0.00232575
0.00280088
0.00326031
0.00366953
0.00398562
0.00419282
0.00417158
-0.000683394
-0.000750151
-0.000734964
-0.000697935
-0.000623098
-0.000507102
-0.00034557
-0.000133774
0.000132596
0.000456949
0.000841138
0.00128453
0.00178393
0.00232895
0.00290154
0.00347259
0.00399871
0.00441993
0.00470488
0.00469914
-0.000955564
-0.00103353
-0.00102421
-0.000995621
-0.000929047
-0.00081999
-0.000662361
-0.000449401
-0.000174469
0.000168567
0.000584688
0.00107669
0.0016462
0.0022861
0.00298068
0.00369921
0.00438899
0.00496768
0.00537391
0.00540811
-0.00127539
-0.00136713
-0.00136588
-0.00134953
-0.00129605
-0.0011996
-0.00105208
-0.000844385
-0.000567185
-0.000211126
0.000232651
0.00077097
0.00141446
0.00216068
0.0030016
0.00390982
0.00482568
0.00564222
0.00624116
0.00637446
-0.00164536
-0.00175382
-0.0017632
-0.00176396
-0.00172996
-0.00165383
-0.00152512
-0.00133218
-0.0010628
-0.000704067
-0.000242082
0.000338701
0.00104535
0.00189914
0.00290408
0.00404579
0.00526681
0.00644153
0.00735486
0.00772829
-0.00206844
-0.00219681
-0.00221943
-0.00224309
-0.0022366
-0.00219066
-0.00209214
-0.00192668
-0.00167939
-0.0013344
-0.000873795
-0.000276671
0.000480574
0.0014253
0.00259214
0.00399886
0.00561363
0.007318
0.00875781
0.00969261
-0.00254889
-0.00269975
-0.00273752
-0.0027907
-0.00282136
-0.00281769
-0.00276327
-0.00264097
-0.00243376
-0.00212404
-0.00169194
-0.00111251
-0.000351373
0.000634924
0.00192058
0.0035801
0.0056552
0.00809925
0.0103828
0.0127012
-0.00309609
-0.00326841
-0.00331888
-0.00340826
-0.00348794
-0.00354144
-0.00354751
-0.00348609
-0.00333892
-0.00308884
-0.00271754
-0.00219971
-0.00149693
-0.000544214
0.000721597
0.00249561
0.00496868
0.00829493
0.0118716
0.0170522
-0.00371501
-0.00392336
-0.0039828
-0.00411915
-0.00425469
-0.00437456
-0.0044546
-0.00447062
-0.00440297
-0.00423722
-0.00396418
-0.00357439
-0.00305174
-0.00236029
-0.00142499
0.000108587
0.00250229
0.00665782
0.0116749
0.0216859
-0.00451131
-0.00452839
-0.0045757
-0.00473491
-0.00497136
-0.00522122
-0.00543556
-0.00557372
-0.00561338
-0.00554777
-0.00538717
-0.00514704
-0.00484932
-0.00449035
-0.00399784
-0.00340768
-0.00228847
0.000777982
0.00467136
0.0211688
-0.00510979
-0.00571347
-0.00568603
-0.00603274
-0.00631199
-0.00659101
-0.00683166
-0.00700194
-0.00708785
-0.00708575
-0.00702708
-0.00696065
-0.00699216
-0.00726854
-0.00803984
-0.00959258
-0.0132595
-0.0129131
-0.0107897
0.0155306
-0.00816955
-0.00579743
-0.0057304
-0.00581136
-0.00632378
-0.00692285
-0.00750181
-0.00795756
-0.0082632
-0.00840022
-0.00844974
-0.00846848
-0.00870246
-0.00936767
-0.0112682
-0.014275
-0.0221634
-0.0254273
-0.0228188
0.0207098
-0.00525617
-0.00840246
-0.00808625
-0.00901083
-0.00943394
-0.00987087
-0.0102456
-0.0104683
-0.0105682
-0.0104945
-0.0103516
-0.0102541
-0.0104221
-0.0112979
-0.0140924
-0.0178809
-0.028436
-0.0291979
-0.0140205
0.0590981
-0.02892
-0.00462325
-0.00444637
-0.00485974
-0.00570701
-0.0067967
-0.00789093
-0.00870329
-0.00933242
-0.00955747
-0.00980224
-0.00977858
-0.0102932
-0.0108849
-0.0126637
-0.0134186
-0.0118473
0.00663512
0.0621011
0.188729
3.08814e-05
6.16035e-07
2.87554e-05
8.57483e-05
0.000177532
0.000303591
0.000462909
0.000653981
0.000874326
0.00112023
0.00138651
0.00166631
0.001951
0.00223022
0.00249217
0.00272412
0.00291301
0.00304665
0.00312479
0.0031041
6.1384e-05
2.97072e-05
5.81112e-05
0.000112425
0.000200109
0.000321078
0.000474675
0.000659733
0.000874096
0.00111436
0.00137562
0.00165116
0.00193275
0.00221007
0.00247124
0.00270339
0.00289314
0.00302809
0.00310921
0.00308719
3.16653e-05
-4.39062e-06
2.28985e-05
7.55552e-05
0.000161838
0.000281834
0.000435214
0.000621201
0.000838034
0.00108268
0.00135054
0.00163547
0.00192874
0.00221983
0.00249622
0.00274391
0.00294791
0.00309388
0.00318233
0.00315677
-3.09046e-05
-7.08996e-05
-4.49328e-05
5.90005e-06
9.08291e-05
0.000210301
0.000364504
0.000553257
0.000775421
0.00102856
0.00130857
0.00160957
0.0019232
0.00223831
0.00254117
0.00281594
0.00304506
0.00321084
0.00331266
0.0032854
-0.00013294
-0.000177573
-0.000153203
-0.000104303
-2.04636e-05
9.92501e-05
0.000255722
0.000449574
0.000680522
0.000946985
0.00124564
0.00157106
0.00191512
0.00226622
0.00260925
0.00292572
0.00319409
0.00339138
0.00351465
0.00348674
-0.000275312
-0.000325738
-0.000303443
-0.000257027
-0.000174619
-5.4649e-05
0.00010467
0.000305013
0.000547239
0.000830956
0.00115398
0.0015118
0.00189695
0.00229748
0.00269675
0.00307292
0.00339892
0.00364375
0.00380003
0.00377326
-0.00045928
-0.000516961
-0.000497547
-0.000454784
-0.000374977
-0.000255762
-9.42039e-05
0.000112723
0.000367383
0.00067101
0.00102309
0.00142059
0.00185755
0.0023222
0.00279666
0.00325533
0.00366378
0.00397918
0.00418586
0.0041644
-0.000686685
-0.000753413
-0.000738111
-0.00070092
-0.000625895
-0.000509707
-0.000348003
-0.000136078
0.000130348
0.000454657
0.000838671
0.00128173
0.00178063
0.00232496
0.00289668
0.0034667
0.00399173
0.00441193
0.00469608
0.00468999
-0.000959644
-0.00103758
-0.00102809
-0.00099927
-0.000932423
-0.000823077
-0.000665171
-0.000451983
-0.000176907
0.00016615
0.000582126
0.00107379
0.00164272
0.0022818
0.0029753
0.00369247
0.00438071
0.00495791
0.00536294
0.00539657
-0.00128048
-0.00137216
-0.00137068
-0.00135401
-0.00130014
-0.00120326
-0.00105531
-0.000847233
-0.000569748
-0.000213555
0.000230153
0.000768189
0.00141101
0.00215635
0.00299601
0.00390249
0.00481627
0.00563063
0.00622774
0.00636012
-0.00165173
-0.00176011
-0.00176919
-0.00176948
-0.00173493
-0.00165817
-0.00152882
-0.00133527
-0.00106539
-0.000706338
-0.000244314
0.000336115
0.0010422
0.00189528
0.00289891
0.00403852
0.00525676
0.00642839
0.00733895
0.00771089
-0.00207643
-0.00220471
-0.0022269
-0.00224993
-0.00224266
-0.00219582
-0.00209636
-0.00192998
-0.00168187
-0.00133624
-0.000875334
-0.000278403
0.000478245
0.00142279
0.0025886
0.0039929
0.00560407
0.00730412
0.00873977
0.00967216
-0.0025589
-0.00270964
-0.00274685
-0.00279919
-0.00282877
-0.00282386
-0.00276812
-0.00264447
-0.00243595
-0.0021251
-0.00169213
-0.00111237
-0.000351632
0.000635611
0.00192086
0.00357756
0.00564813
0.0080863
0.0103637
0.0126782
-0.00310857
-0.00328074
-0.00333049
-0.00341878
-0.00349705
-0.00354889
-0.00355314
-0.00348982
-0.00334074
-0.00308876
-0.00271553
-0.0021956
-0.00149047
-0.000537547
0.000729095
0.00249939
0.00496709
0.00828626
0.0118537
0.0170283
-0.00373033
-0.00393854
-0.00399712
-0.0041321
-0.00426587
-0.00438362
-0.00446128
-0.00447476
-0.00440448
-0.00423603
-0.00396017
-0.00356729
-0.00304132
-0.00234621
-0.00140125
0.000123129
0.00251166
0.0066595
0.0116624
0.021663
-0.00453008
-0.00454708
-0.00459341
-0.00475102
-0.00498527
-0.00523244
-0.00544377
-0.00557864
-0.00561486
-0.00554573
-0.00538146
-0.0051375
-0.00483605
-0.00447498
-0.00398781
-0.00338674
-0.00226881
0.000796254
0.00467256
0.0211538
-0.00513093
-0.00573464
-0.00570653
-0.00605157
-0.00632847
-0.00660447
-0.00684177
-0.00700808
-0.00708976
-0.00708329
-0.00702005
-0.00694873
-0.00697486
-0.00724542
-0.00801029
-0.00955219
-0.0132044
-0.0128589
-0.0107557
0.0155393
-0.00819538
-0.00582351
-0.00575529
-0.00583461
-0.00634431
-0.00693979
-0.00751532
-0.00796614
-0.00826649
-0.00839819
-0.00844221
-0.00845506
-0.00868214
-0.00933897
-0.0112279
-0.0142195
-0.0220842
-0.0253341
-0.0227463
0.0207565
-0.00527763
-0.00842612
-0.00811194
-0.00903595
-0.00945708
-0.00988995
-0.0102636
-0.0104801
-0.0105737
-0.0104939
-0.0103448
-0.0102406
-0.0104008
-0.0112668
-0.014047
-0.0178174
-0.0283424
-0.0290875
-0.0139189
0.0591472
-0.0289471
-0.00465198
-0.00447595
-0.00488905
-0.00573426
-0.00682017
-0.00791013
-0.00871623
-0.00933862
-0.00955707
-0.00979509
-0.00976473
-0.0102711
-0.0108536
-0.0126188
-0.0133591
-0.011768
0.00672481
0.0621757
0.188745
2.86198e-05
-1.62847e-06
2.6563e-05
8.36191e-05
0.000175458
0.00030155
0.000460867
0.000651894
0.000872141
0.00111789
0.00138396
0.00166349
0.00194786
0.00222674
0.00248833
0.00271996
0.00290857
0.003042
0.00312002
0.0030993
5.90305e-05
2.7376e-05
5.58347e-05
0.000110214
0.000197956
0.000318961
0.000472559
0.000657575
0.000871839
0.00111195
0.00137298
0.00164824
0.0019295
0.00220645
0.00246724
0.00269904
0.00288847
0.0030232
0.00310417
0.00308211
2.90569e-05
-6.97568e-06
2.03752e-05
7.31079e-05
0.000159461
0.000279507
0.000432901
0.000618853
0.000835591
0.00108007
0.00134769
0.00163232
0.00192521
0.00221588
0.00249181
0.00273906
0.00294268
0.00308836
0.0031766
0.00315098
-3.39187e-05
-7.38875e-05
-4.78461e-05
3.08159e-06
8.81036e-05
0.000207649
0.000361887
0.000550621
0.000772697
0.00102566
0.00130541
0.00160606
0.00191924
0.00223382
0.00253612
0.00281031
0.00303891
0.00320427
0.0033058
0.00327844
-0.000136516
-0.000181118
-0.000156654
-0.000107629
-2.36623e-05
9.61611e-05
0.000252702
0.000446562
0.000677434
0.00094372
0.00124208
0.00156708
0.00191059
0.00226102
0.0026033
0.00291899
0.00318662
0.0033833
0.00350613
0.00347806
-0.000279628
-0.000330017
-0.000307596
-0.000261012
-0.000178425
-5.82896e-05
0.000101152
0.000301546
0.000543725
0.000827266
0.00114996
0.00150728
0.00189175
0.00229142
0.00268967
0.00306477
0.00338969
0.00363361
0.00378923
0.00376219
-0.000464552
-0.000522184
-0.0005026
-0.000459606
-0.000379542
-0.000260076
-9.83104e-05
0.000108743
0.00036341
0.000666882
0.0010186
0.00141553
0.00185163
0.00231518
0.00278829
0.00324546
0.00365237
0.0039664
0.00417205
0.00415015
-0.000693183
-0.000759846
-0.00074431
-0.000706793
-0.000631396
-0.000514828
-0.000352784
-0.00014061
0.000125922
0.000450136
0.000833798
0.0012762
0.00177408
0.00231702
0.00288698
0.00345494
0.00397775
0.0043959
0.00467846
0.00467165
-0.000967714
-0.00104556
-0.00103575
-0.00100646
-0.000939076
-0.000829157
-0.000670711
-0.000457078
-0.000181726
0.00016136
0.00057704
0.00106801
0.00163576
0.00227318
0.00296446
0.00367888
0.00436399
0.00493812
0.00534068
0.00537312
-0.00129056
-0.00138213
-0.00138019
-0.00136287
-0.00130821
-0.00121048
-0.00106169
-0.000852872
-0.000574836
-0.000218389
0.000225166
0.000762595
0.00140403
0.00214758
0.00298463
0.00388755
0.004797
0.00560684
0.00620014
0.00633054
-0.0016644
-0.00177262
-0.00178106
-0.00178043
-0.00174476
-0.00166675
-0.00153613
-0.00134141
-0.00107054
-0.000710878
-0.000248821
0.000330778
0.00103553
0.00188723
0.00288819
0.00402344
0.00523586
0.00640097
0.00730561
0.00767424
-0.00209238
-0.00222045
-0.00224177
-0.00226353
-0.00225467
-0.00220606
-0.00210474
-0.00193654
-0.00168681
-0.00133994
-0.00087857
-0.000282443
0.000471944
0.00141691
0.00258079
0.0039801
0.00558368
0.00727451
0.00870109
0.00962792
-0.00257898
-0.00272946
-0.0027655
-0.00281612
-0.00284353
-0.00283614
-0.00277773
-0.00265141
-0.00244036
-0.00212728
-0.00169283
-0.00111344
-0.000357514
0.000635196
0.00192017
0.00357135
0.00563234
0.00805779
0.0103215
0.0126267
-0.00313375
-0.0033056
-0.00335386
-0.00343988
-0.00351526
-0.00356373
-0.00356431
-0.0034972
-0.00334435
-0.00308863
-0.00271152
-0.00218664
-0.00147322
-0.00052426
0.000741931
0.00250547
0.00496221
0.00826597
0.0118123
0.016972
-0.00376148
-0.00396935
-0.00402612
-0.00415824
-0.00428833
-0.00440171
-0.00447453
-0.00448289
-0.00440738
-0.00423361
-0.00395213
-0.00355289
-0.00301956
-0.00231918
-0.00136148
0.000150945
0.00253002
0.00666123
0.0116315
0.0216067
-0.00456863
-0.00458541
-0.00462963
-0.00478384
-0.00501347
-0.00525502
-0.00546008
-0.00558822
-0.00561754
-0.00554141
-0.00536987
-0.00511818
-0.00480881
-0.00444223
-0.00395873
-0.00334137
-0.00222649
0.00083545
0.00467224
0.0211163
-0.00517472
-0.00577837
-0.00574882
-0.00609019
-0.00636205
-0.00663158
-0.00686178
-0.00701986
-0.00709298
-0.00707779
-0.00700548
-0.00692435
-0.00693937
-0.00719726
-0.00794691
-0.00946595
-0.013085
-0.012739
-0.0106836
0.0155514
-0.00824957
-0.00587812
-0.0058073
-0.00588301
-0.00638674
-0.00697395
-0.00754286
-0.00798282
-0.00827228
-0.00839327
-0.00842634
-0.00842743
-0.00864038
-0.00927953
-0.0111431
-0.0141012
-0.0219109
-0.0251273
-0.0225922
0.0208463
-0.00532265
-0.00847579
-0.00816615
-0.00908876
-0.00950497
-0.00992287
-0.0103063
-0.0105035
-0.0105837
-0.0104914
-0.0103299
-0.0102125
-0.010357
-0.0112028
-0.0139526
-0.0176835
-0.0281421
-0.0288518
-0.0137137
0.0592248
-0.0290052
-0.00471378
-0.00453943
-0.00495162
-0.00579184
-0.00686845
-0.00794948
-0.00874162
-0.00934996
-0.00955509
-0.00977953
-0.00973599
-0.0102258
-0.0107895
-0.0125262
-0.0132357
-0.0116036
0.00690583
0.0623107
0.188736
2.53813e-05
-4.82186e-06
2.34591e-05
8.06215e-05
0.000172551
0.000298696
0.000458015
0.000648974
0.000869076
0.0011146
0.00138034
0.00165947
0.00194338
0.00222175
0.00248284
0.002714
0.00290222
0.00303538
0.00311323
0.00309249
5.5637e-05
2.40345e-05
5.25864e-05
0.000107076
0.000194915
0.00031598
0.000469587
0.000654541
0.000868663
0.00110854
0.00136925
0.00164409
0.00192486
0.00220128
0.00246152
0.00269281
0.00288181
0.00301623
0.003097
0.00307491
2.52728e-05
-1.07056e-05
1.67494e-05
6.96098e-05
0.000156079
0.000276207
0.000429629
0.000615534
0.000832135
0.00107638
0.00134365
0.00162782
0.00192017
0.00221021
0.0024855
0.00273213
0.0029352
0.00308047
0.00316845
0.00314277
-3.83162e-05
-7.82256e-05
-5.20607e-05
-9.76537e-07
8.41951e-05
0.000203858
0.000358155
0.000546867
0.000768817
0.00102154
0.00130091
0.00160103
0.00191355
0.00222738
0.00252884
0.00280222
0.00303007
0.00319486
0.003296
0.00326853
-0.000141752
-0.000186286
-0.000161668
-0.000112443
-2.82768e-05
9.17167e-05
0.000248366
0.000442242
0.000673007
0.000939037
0.00123697
0.00156135
0.00190405
0.0022535
0.00259469
0.00290924
0.00317581
0.00337163
0.00349385
0.00346558
-0.000285959
-0.000336267
-0.000313649
-0.000266802
-0.00018394
-6.35551e-05
9.60712e-05
0.000296544
0.000538654
0.000821937
0.00114415
0.00150073
0.00188418
0.00228258
0.00267936
0.00305286
0.00337624
0.00361883
0.0037735
0.00374611
-0.000472295
-0.000529827
-0.000509982
-0.000466632
-0.000386181
-0.000266343
-0.000104273
0.000102964
0.000357635
0.000660874
0.00101207
0.00140812
0.00184297
0.00230486
0.00277598
0.0032309
0.00363554
0.00394754
0.00415168
0.00412918
-0.000702738
-0.000769276
-0.000753385
-0.000715374
-0.000639422
-0.000522296
-0.00035976
-0.000147229
0.000119445
0.000443505
0.000826635
0.00126805
0.00176439
0.00230524
0.00287254
0.00343738
0.00395685
0.0043719
0.00465206
0.0046442
-0.000979602
-0.00105729
-0.00104698
-0.001017
-0.000948812
-0.000838057
-0.000678828
-0.000464562
-0.000188826
0.000154282
0.00056951
0.00105944
0.00162539
0.00226026
0.00294811
0.00365826
0.00433856
0.00490797
0.0053067
0.00533728
-0.00130546
-0.00139682
-0.00139419
-0.00137588
-0.00132006
-0.00122109
-0.00107108
-0.000861195
-0.000582378
-0.000225581
0.00021774
0.000754247
0.00139356
0.00213427
0.00296716
0.00386445
0.0047671
0.0055698
0.00615701
0.00628413
-0.00168318
-0.00179113
-0.0017986
-0.00179659
-0.00175924
-0.0016794
-0.00154693
-0.0013505
-0.00107823
-0.000717682
-0.000255551
0.00032284
0.00102527
0.00187478
0.00287132
0.00399952
0.00520261
0.00635715
0.00725204
0.00761487
-0.00211618
-0.00224389
-0.00226387
-0.00228368
-0.00227246
-0.00222119
-0.00211713
-0.00194629
-0.00169422
-0.0013456
-0.000883541
-0.000289057
0.000459094
0.00140697
0.00256767
0.00395882
0.00555008
0.00722561
0.00863673
0.00955323
-0.00260918
-0.00275919
-0.00279343
-0.00284138
-0.00286549
-0.00285434
-0.00279198
-0.00266172
-0.00244698
-0.00213075
-0.00169441
-0.00111834
-0.000397314
0.000630367
0.00191661
0.00355904
0.00560461
0.00800859
0.0102482
0.0125347
-0.00317202
-0.00334328
-0.00338918
-0.00347162
-0.00354251
-0.00358581
-0.00358084
-0.0035081
-0.00334973
-0.00308867
-0.00270591
-0.00217147
-0.00141891
-0.000503977
0.000757441
0.0025114
0.00495074
0.00822804
0.011736
0.0168643
-0.00380942
-0.00401661
-0.00407044
-0.00419793
-0.00432218
-0.00442872
-0.00449405
-0.00449466
-0.00441146
-0.00422999
-0.0039405
-0.00353178
-0.00298523
-0.00228091
-0.00131107
0.000191054
0.002557
0.00665946
0.0115696
0.0214908
-0.00462897
-0.00464524
-0.00468593
-0.00483451
-0.00505662
-0.00528912
-0.00548409
-0.00560185
-0.00562081
-0.00553437
-0.00535228
-0.00508925
-0.00476749
-0.00439063
-0.00390359
-0.00326629
-0.0021549
0.000902546
0.00466623
0.0210306
-0.00524442
-0.00584757
-0.00581547
-0.00615042
-0.0064139
-0.00667286
-0.00689044
-0.00703585
-0.00709612
-0.00706803
-0.00698241
-0.00688674
-0.0068846
-0.00712137
-0.00784331
-0.00932301
-0.01288
-0.012525
-0.0105605
0.0155533
-0.00833758
-0.00596646
-0.00589113
-0.0059605
-0.00645468
-0.00702954
-0.00758099
-0.00800518
-0.00827856
-0.0083836
-0.00840049
-0.00838413
-0.00857539
-0.00918599
-0.0110058
-0.0139048
-0.0216111
-0.0247599
-0.0223339
0.020966
-0.00539664
-0.00855693
-0.00825525
-0.00917512
-0.00958582
-0.00999857
-0.010346
-0.0105323
-0.0105949
-0.0104842
-0.0103045
-0.0101678
-0.0102887
-0.0111028
-0.013802
-0.0174657
-0.0278077
-0.0284592
-0.0134047
0.0592643
-0.0291037
-0.00481912
-0.00464688
-0.00505641
-0.00588731
-0.00694822
-0.00800616
-0.00877691
-0.00936374
-0.00954878
-0.00975362
-0.00969032
-0.0101553
-0.0106901
-0.0123811
-0.0130418
-0.0113432
0.00717615
0.0624708
0.1886
2.13383e-05
-8.75461e-06
1.96681e-05
7.69964e-05
0.000169059
0.000295283
0.000454604
0.000645473
0.000865379
0.00111059
0.00137591
0.00165452
0.00193782
0.00221554
0.00247597
0.00270654
0.0028943
0.00302714
0.00310484
0.00308415
5.13385e-05
1.98545e-05
4.85539e-05
0.00010322
0.000191205
0.000312364
0.000465989
0.000650868
0.000864807
0.00110438
0.00136467
0.00163898
0.00191912
0.00219485
0.0024544
0.00268505
0.00287354
0.0030076
0.00308819
0.00306613
2.04334e-05
-1.54204e-05
1.2198e-05
6.52588e-05
0.000151903
0.000272155
0.000425623
0.000611475
0.000827906
0.00107184
0.00133867
0.00162226
0.0019139
0.00220316
0.00247763
0.00272348
0.0029259
0.0030707
0.00315841
0.00313274
-4.39862e-05
-8.37601e-05
-5.74054e-05
-6.08155e-06
7.93104e-05
0.000199144
0.000353532
0.000542226
0.000764024
0.00101643
0.00129532
0.00159477
0.00190646
0.00221931
0.00251974
0.00279209
0.00301903
0.00318314
0.00328384
0.00325633
-0.000148529
-0.000192911
-0.000168065
-0.000118545
-3.40938e-05
8.61378e-05
0.000242941
0.000436847
0.000667483
0.000933188
0.00123057
0.00155416
0.00189582
0.00224403
0.00258383
0.00289695
0.0031622
0.00335697
0.00347849
0.00345008
-0.000294166
-0.000344302
-0.0003214
-0.000274176
-0.000190936
-7.02135e-05
8.966e-05
0.000290239
0.000532261
0.00081521
0.0011368
0.00149242
0.00187456
0.00227132
0.0026662
0.00303766
0.00335907
0.00360004
0.00375354
0.00372584
-0.000482338
-0.000539669
-0.000519457
-0.000475611
-0.000394642
-0.000274316
-0.000111852
9.56146e-05
0.000350282
0.000653209
0.00100371
0.00139862
0.00183182
0.00229155
0.00276006
0.00321206
0.00361374
0.00392317
0.0041254
0.00410225
-0.000715142
-0.000781438
-0.00076506
-0.000726377
-0.000649696
-0.000531851
-0.000368689
-0.00015572
0.000111112
0.000434948
0.000817365
0.00125747
0.00175178
0.00228983
0.00285358
0.00341426
0.00392931
0.00434029
0.00461729
0.00460815
-0.000995061
-0.00107244
-0.00106148
-0.00103056
-0.000961328
-0.000849501
-0.000689287
-0.00047424
-0.000198053
0.000145044
0.000559651
0.0010482
0.00161175
0.00224309
0.00292624
0.00363057
0.00430433
0.00486732
0.00526085
0.00528896
-0.00132489
-0.00141587
-0.00141232
-0.0013927
-0.00133537
-0.00123479
-0.00108325
-0.00087204
-0.000592275
-0.000235069
0.00020795
0.000743324
0.00137998
0.00211643
0.00294329
0.00383266
0.00472581
0.00551849
0.0060971
0.00621942
-0.00170781
-0.00181526
-0.00182144
-0.00181757
-0.00177803
-0.00169582
-0.001561
-0.00136241
-0.00108841
-0.00072672
-0.000264279
0.000313313
0.00101394
0.00185854
0.00284774
0.00396558
0.00515527
0.0062945
0.00717506
0.00752867
-0.0021476
-0.00227468
-0.00229285
-0.00231003
-0.00229565
-0.00224091
-0.00213331
-0.00195912
-0.00170409
-0.00135312
-0.000889408
-0.000293815
0.000456134
0.00139669
0.00254881
0.00392721
0.00550036
0.00715309
0.00854053
0.00943953
-0.00264949
-0.00279868
-0.00283042
-0.00287466
-0.0028943
-0.00287815
-0.0028106
-0.00267528
-0.00245585
-0.00213547
-0.00169546
-0.00111388
-0.000366225
0.000633636
0.0019098
0.00353839
0.00556106
0.0079323
0.0101336
0.0123862
-0.00322385
-0.00339404
-0.00343656
-0.00351391
-0.00357855
-0.00361479
-0.00360241
-0.00352231
-0.00335693
-0.00308945
-0.00270134
-0.00216529
-0.00143501
-0.000492693
0.000771234
0.00251435
0.00492887
0.00816539
0.0116107
0.0166795
-0.00387549
-0.00408137
-0.00413083
-0.00425145
-0.00436731
-0.00446427
-0.00451938
-0.00450972
-0.00441645
-0.00422544
-0.0039269
-0.00350988
-0.00295686
-0.00223811
-0.00125318
0.000242831
0.0025932
0.00665196
0.0114621
0.0212828
-0.0047141
-0.00472923
-0.00476449
-0.00490444
-0.0051153
-0.00533461
-0.00551527
-0.00561875
-0.00562383
-0.00552411
-0.00532898
-0.00505236
-0.0047155
-0.00432107
-0.00381957
-0.00315527
-0.00204284
0.00101271
0.00465613
0.0208752
-0.00534568
-0.00594685
-0.00591041
-0.00623449
-0.00648461
-0.00672742
-0.00692665
-0.00705437
-0.00709713
-0.00705211
-0.00694951
-0.00683531
-0.00681021
-0.00701566
-0.00769262
-0.00910802
-0.0125558
-0.0121659
-0.0103576
0.0155423
-0.00846834
-0.00609669
-0.006014
-0.00607234
-0.00655059
-0.00710499
-0.00763159
-0.00803229
-0.00828275
-0.0083663
-0.00836218
-0.0083234
-0.00848553
-0.00905497
-0.0108062
-0.0136088
-0.0211352
-0.0241496
-0.0219294
0.0210988
-0.00551149
-0.00868013
-0.00839034
-0.00930262
-0.00970062
-0.0100937
-0.0104067
-0.0105672
-0.0106029
-0.0104672
-0.010264
-0.010103
-0.0101937
-0.0109636
-0.0135867
-0.0171446
-0.0272995
-0.0278552
-0.0130029
0.0591719
-0.0292598
-0.00498638
-0.00481509
-0.00521671
-0.00602872
-0.00706088
-0.00808318
-0.00882025
-0.00937563
-0.00953316
-0.00971256
-0.00962467
-0.010058
-0.010553
-0.0121804
-0.0127702
-0.0109826
0.00752312
0.0625588
0.188147
1.67214e-05
-1.30927e-05
1.55571e-05
7.31406e-05
0.000165389
0.00029171
0.000451021
0.000641758
0.0008614
0.00110621
0.001371
0.00164894
0.00193149
0.00220842
0.00246806
0.00269793
0.00288517
0.00301775
0.00309535
0.00307492
4.62645e-05
1.50625e-05
4.39925e-05
9.89329e-05
0.000187132
0.000308424
0.000462081
0.000646873
0.000860591
0.0010998
0.00135958
0.00163325
0.00191264
0.00218755
0.00244629
0.0026762
0.00286413
0.00299788
0.00307834
0.00305654
1.46335e-05
-2.09185e-05
6.951e-06
6.03206e-05
0.000147218
0.000267645
0.000421186
0.000606987
0.000823222
0.0010668
0.00133311
0.00161601
0.00190682
0.00219515
0.00246866
0.00271362
0.00291532
0.00305969
0.0031472
0.00312179
-5.08554e-05
-9.03025e-05
-6.36647e-05
-1.19816e-05
7.3721e-05
0.000193791
0.000348311
0.000537003
0.000758635
0.00101069
0.00128901
0.00158768
0.0018984
0.00221011
0.00250933
0.0027805
0.00300645
0.00316989
0.00327022
0.00324294
-0.000156765
-0.000200791
-0.000175616
-0.000125669
-4.08309e-05
7.97164e-05
0.000236725
0.000430686
0.000661184
0.000926515
0.00122326
0.00154592
0.00188636
0.00223311
0.00257128
0.00288276
0.00314653
0.00334022
0.00346106
0.00343282
-0.000304136
-0.000353878
-0.000330583
-0.000282837
-0.000199103
-7.79534e-05
8.22298e-05
0.000282944
0.000524867
0.000807424
0.00112827
0.00148275
0.00186335
0.00225817
0.00265079
0.00301988
0.00333904
0.00357823
0.00373052
0.00370282
-0.000494519
-0.000551408
-0.00053071
-0.000486204
-0.000404582
-0.000283661
-0.000120727
8.70059e-05
0.000341655
0.000644195
0.000993853
0.00138738
0.0018186
0.00227573
0.00274109
0.00318962
0.00358783
0.00389432
0.00409443
0.00407091
-0.000730172
-0.000795961
-0.000778956
-0.000739407
-0.000661831
-0.00054313
-0.000379246
-0.000165785
0.000101194
0.000424718
0.000806234
0.00124472
0.00173652
0.00227113
0.00283053
0.00338613
0.00389583
0.00430199
0.00457529
0.004565
-0.0010138
-0.00109058
-0.00107878
-0.00104669
-0.00097619
-0.000863105
-0.000701762
-0.000485848
-0.000209201
0.000133792
0.000547558
0.00103433
0.00159485
0.00222175
0.00289897
0.00359602
0.00426162
0.00481669
0.00520383
0.00522913
-0.00134849
-0.00143875
-0.00143405
-0.00141278
-0.00135363
-0.00125118
-0.00109787
-0.000885192
-0.000604424
-0.000246888
0.000195587
0.000729346
0.00136256
0.0020935
0.00291256
0.00379174
0.0046727
0.00545251
0.00602007
0.00613608
-0.00173785
-0.00184441
-0.00184898
-0.00184277
-0.00180059
-0.00171557
-0.00157802
-0.00137701
-0.00110111
-0.000738306
-0.000275768
0.000300534
0.00099828
0.00183647
0.00281592
0.00392005
0.00509204
0.00621085
0.00707209
0.00741214
-0.00218625
-0.00231218
-0.00232807
-0.00234191
-0.00232366
-0.00226475
-0.00215297
-0.00197493
-0.00171664
-0.00136322
-0.000898068
-0.000302038
0.000446909
0.0013801
0.00252105
0.00388217
0.00543077
0.00705194
0.00840576
0.00927654
-0.00269966
-0.00284737
-0.00287588
-0.00291534
-0.00292933
-0.00290702
-0.00283323
-0.00269198
-0.00246728
-0.00214246
-0.00169895
-0.00111396
-0.000359734
0.000629937
0.00189608
0.0035048
0.00549589
0.00782052
0.00996467
0.0121575
-0.00328956
-0.00345773
-0.00349575
-0.00356627
-0.00362277
-0.00365002
-0.00362847
-0.00353955
-0.00336612
-0.00309154
-0.00269768
-0.00215836
-0.00143167
-0.000481913
0.000780752
0.00250941
0.00489029
0.00806766
0.0114168
0.0163734
-0.00396121
-0.00416441
-0.0042077
-0.00431859
-0.00442309
-0.00450747
-0.00454957
-0.0045272
-0.004422
-0.00422011
-0.00391161
-0.00348533
-0.00292317
-0.00219019
-0.0011897
0.000304502
0.00263887
0.00663621
0.0112922
0.02092
-0.00482803
-0.00484055
-0.00486772
-0.00499492
-0.0051897
-0.00539077
-0.00555243
-0.00563738
-0.00562528
-0.00550993
-0.00529995
-0.00500784
-0.00465257
-0.00423442
-0.00370615
-0.00300202
-0.00187177
0.00119759
0.00466982
0.0206137
-0.00548785
-0.00608279
-0.00603877
-0.00634455
-0.00657392
-0.00679305
-0.00696804
-0.00707153
-0.00709218
-0.007027
-0.00690493
-0.00676946
-0.00671621
-0.00687929
-0.00748818
-0.00879911
-0.0120532
-0.0115595
-0.00997929
0.0155211
-0.00865673
-0.00628124
-0.00618651
-0.00622555
-0.00667766
-0.00720014
-0.007692
-0.00805927
-0.00827932
-0.00833635
-0.00830769
-0.00824344
-0.00837027
-0.00888507
-0.0105339
-0.0131831
-0.020403
-0.0231447
-0.0212488
0.0212332
-0.00569736
-0.00886656
-0.00859031
-0.00948279
-0.00985391
-0.0102094
-0.0104774
-0.0105974
-0.0105962
-0.0104294
-0.0102
-0.0100128
-0.01007
-0.0107839
-0.0132981
-0.0166981
-0.0265589
-0.0269698
-0.012541
0.0586747
-0.0295133
-0.00525515
-0.00507771
-0.00545657
-0.0062289
-0.00721052
-0.00817847
-0.00886621
-0.0093776
-0.00949997
-0.00964996
-0.00953602
-0.00993361
-0.0103791
-0.0119246
-0.0124241
-0.010531
0.0078889
0.0624173
0.186877
1.17932e-05
-1.74082e-05
1.15717e-05
6.95193e-05
0.000162002
0.000288424
0.000447696
0.000638246
0.000857548
0.00110186
0.00136598
0.00164312
0.00192474
0.00220068
0.00245938
0.00268843
0.00287512
0.00300752
0.00308518
0.0030655
4.04401e-05
9.91292e-06
3.91807e-05
9.45315e-05
0.000183026
0.000304497
0.000458204
0.000642907
0.000856385
0.00109519
0.00135441
0.00162734
0.00190587
0.00217985
0.00243767
0.00266678
0.00285415
0.00298771
0.00306818
0.0030471
7.8533e-06
-2.69664e-05
1.27019e-06
5.51002e-05
0.000142346
0.00026301
0.000416662
0.000602429
0.000818466
0.00106167
0.0013274
0.00160953
0.00189942
0.00218671
0.00245916
0.00270316
0.00290416
0.00304822
0.00313566
0.00311101
-5.89788e-05
-9.76332e-05
-7.05886e-05
-1.83787e-05
6.77465e-05
0.000188132
0.000342842
0.000531567
0.000753047
0.00100474
0.00128246
0.00158028
0.00188992
0.00220039
0.00249828
0.0027682
0.00299316
0.00315607
0.00325618
0.00322969
-0.000166512
-0.000209672
-0.00018404
-0.000133487
-4.81407e-05
7.28107e-05
0.00023009
0.000424146
0.00065452
0.000919467
0.00121553
0.00153717
0.00187629
0.00222144
0.00255784
0.00286755
0.00312982
0.00332256
0.00344289
0.00341544
-0.000315892
-0.000364679
-0.00034086
-0.000292403
-0.000208048
-8.63794e-05
7.41771e-05
0.000275063
0.000516894
0.000799035
0.00111907
0.00147231
0.0018512
0.00224386
0.00263402
0.00300052
0.00331732
0.00355482
0.00370607
0.00367911
-0.000508816
-0.000564641
-0.000543323
-0.000497955
-0.000415547
-0.000293938
-0.000130475
7.75526e-05
0.000332177
0.000634281
0.000982993
0.00137497
0.00180395
0.00225816
0.00272002
0.00316469
0.00355915
0.00386269
0.00406078
0.00403775
-0.000747738
-0.000812326
-0.000794557
-0.00075392
-0.000675306
-0.000555652
-0.000390984
-0.000177015
9.00829e-05
0.000413205
0.000793658
0.00123025
0.00171917
0.00224982
0.00280425
0.00335411
0.00385784
0.00425886
0.00452838
0.00451783
-0.00103563
-0.00111104
-0.00109825
-0.00106473
-0.000992798
-0.000878338
-0.000715796
-0.000499004
-0.000221954
0.000120795
0.000533473
0.00101807
0.00157497
0.00219663
0.00286692
0.00355549
0.0042117
0.00475791
0.00513808
0.00516119
-0.00137596
-0.00146461
-0.00145858
-0.00143537
-0.00137418
-0.00126968
-0.00111451
-0.000900331
-0.00061864
-0.000260968
0.000180598
0.000712105
0.00134105
0.00206532
0.00287499
0.00374196
0.00460842
0.00537316
0.00592801
0.00603715
-0.00177289
-0.00187753
-0.00188024
-0.00187128
-0.0018261
-0.00173801
-0.00159754
-0.00139404
-0.00111632
-0.000752627
-0.000290457
0.000283769
0.000977258
0.00180749
0.00277487
0.00386215
0.0050124
0.00610615
0.00694407
0.00726658
-0.0022316
-0.00235516
-0.00236839
-0.00237825
-0.00235555
-0.00229196
-0.00217567
-0.00199357
-0.00173199
-0.00137634
-0.000910304
-0.000315139
0.000430461
0.00135493
0.00248176
0.00382128
0.00533892
0.0069199
0.00823087
0.00906108
-0.00275922
-0.00290392
-0.00292857
-0.00296216
-0.0029695
-0.0029401
-0.00285934
-0.00271168
-0.00248145
-0.00215233
-0.00170574
-0.00111922
-0.000364406
0.000616628
0.00186894
0.00345371
0.00540462
0.00766849
0.00973682
0.011837
-0.00336911
-0.0035332
-0.00356561
-0.00362744
-0.00367392
-0.00369044
-0.00365828
-0.00355948
-0.00337725
-0.00309545
-0.00269604
-0.00215331
-0.00142693
-0.000475961
0.000781655
0.0024912
0.00483011
0.00792898
0.011148
0.0159254
-0.00406786
-0.00426539
-0.00430046
-0.00439816
-0.00448806
-0.00455682
-0.00458329
-0.00454617
-0.00442786
-0.00421456
-0.0038961
-0.00346058
-0.00288867
-0.00214239
-0.00112683
0.000369626
0.00269181
0.00661321
0.0110593
0.0203832
-0.0049749
-0.00498172
-0.00499737
-0.00510642
-0.00527921
-0.00545626
-0.00559374
-0.00565606
-0.00562402
-0.00549166
-0.00526646
-0.00495876
-0.00458393
-0.00413805
-0.0035714
-0.00281028
-0.00162754
0.00148917
0.00472147
0.0202798
-0.00568385
-0.00626334
-0.00620648
-0.00648203
-0.00668072
-0.00686684
-0.00700914
-0.00708234
-0.0070766
-0.00698924
-0.00684731
-0.00669057
-0.00660696
-0.00671837
-0.00723222
-0.0083831
-0.0113196
-0.0105917
-0.00933244
0.01564
-0.008918
-0.00653223
-0.00642076
-0.00642781
-0.00683821
-0.00731336
-0.0077572
-0.00807974
-0.00826127
-0.00828761
-0.00823301
-0.00814376
-0.00823314
-0.00868255
-0.0101899
-0.0126104
-0.0193554
-0.0215794
-0.0202254
0.0214123
-0.0060083
-0.00915598
-0.0088877
-0.00973354
-0.0100533
-0.0103457
-0.0105471
-0.0106079
-0.0105581
-0.010356
-0.0101006
-0.00988996
-0.00991699
-0.0105663
-0.0129349
-0.0161068
-0.0255398
-0.0257145
-0.0122331
0.0574507
-0.0299053
-0.00566646
-0.0054691
-0.00579839
-0.006497
-0.00739473
-0.00828144
-0.00890182
-0.00935725
-0.00944134
-0.00955996
-0.009422
-0.00978638
-0.010171
-0.0116298
-0.0120075
-0.0100756
0.00811636
0.0614051
0.184124
6.95672e-06
-2.0496e-05
9.05199e-06
6.74965e-05
0.000160196
0.000286618
0.000445702
0.000635855
0.000854574
0.00109811
0.00136129
0.00163735
0.00191777
0.00219245
0.00244994
0.00267798
0.00286405
0.00299644
0.00307447
0.00305686
3.35822e-05
4.7451e-06
3.45446e-05
9.05135e-05
0.000179398
0.000301087
0.000454859
0.000639464
0.000852671
0.00109102
0.00134959
0.0016217
0.00189927
0.0021722
0.00242899
0.00265723
0.00284409
0.00297771
0.00305855
0.00303974
-3.50006e-07
-3.33438e-05
-4.54481e-06
4.99756e-05
0.000137694
0.000258668
0.00041248
0.000598243
0.000814091
0.0010569
0.00132203
0.00160334
0.00189223
0.00217839
0.0024497
0.0026927
0.00289308
0.00303714
0.00312492
0.00310281
-6.88839e-05
-0.000105584
-7.79364e-05
-2.49561e-05
6.17352e-05
0.000182534
0.00033751
0.000526329
0.000747701
0.000999048
0.00127617
0.00157312
0.00188164
0.00219081
0.00248733
0.00275599
0.00298007
0.00314283
0.00324321
0.00321954
-0.000178294
-0.000219357
-0.000193073
-0.00014166
-5.56576e-05
6.57994e-05
0.000223427
0.000417642
0.000647941
0.000912534
0.00120792
0.00152854
0.00186629
0.00220978
0.00254435
0.0028523
0.00311321
0.00330546
0.00342587
0.00340156
-0.000329916
-0.000376434
-0.0003519
-0.000302475
-0.000217355
-9.50758e-05
6.59199e-05
0.000267025
0.000508799
0.000790538
0.00110976
0.00146171
0.00183882
0.00222925
0.00261686
0.00298075
0.00329534
0.00353169
0.00368259
0.0036591
-0.000525648
-0.000578993
-0.000556871
-0.000510384
-0.000427059
-0.000304687
-0.000140653
6.76894e-05
0.000322288
0.000623934
0.000971653
0.00136199
0.00178859
0.00223972
0.00269789
0.0031386
0.0035294
0.00383054
0.00402743
0.00400812
-0.000768178
-0.00083002
-0.000811316
-0.000769336
-0.000689569
-0.000568911
-0.00040345
-0.000188994
7.8169e-05
0.000400805
0.000780072
0.0012146
0.00170035
0.00222671
0.00277579
0.00331955
0.00381721
0.00421355
0.00448013
0.00447292
-0.00106078
-0.00113312
-0.00111919
-0.00108398
-0.00101052
-0.000894654
-0.000730942
-0.000513352
-0.00023603
0.00010629
0.000517642
0.000999735
0.00155247
0.00216825
0.00283084
0.00351011
0.0041563
0.00469371
0.00506757
0.00509217
-0.0014074
-0.00149254
-0.00148505
-0.0014596
-0.00139626
-0.00128971
-0.00113273
-0.000917211
-0.000634833
-0.000277369
0.000162825
0.000691401
0.00131519
0.00203169
0.00283056
0.00368362
0.00453384
0.0052824
0.00582455
0.00592928
-0.00181284
-0.00191341
-0.00191413
-0.00190206
-0.00185374
-0.00176252
-0.00161922
-0.00141345
-0.00113428
-0.000770285
-0.000309339
0.000261652
0.000949453
0.00176995
0.00272283
0.00379004
0.00491479
0.00597976
0.00679238
0.00709483
-0.00228337
-0.00240208
-0.00241244
-0.00241777
-0.00239031
-0.00232189
-0.0022011
-0.00201522
-0.0017509
-0.00139388
-0.000928226
-0.000335647
0.000404346
0.0013173
0.00242606
0.0037385
0.00521808
0.00675005
0.0080106
0.00878442
-0.00282774
-0.00296645
-0.0029868
-0.00301359
-0.00301354
-0.00297657
-0.00288868
-0.00273485
-0.0024998
-0.00216752
-0.00171974
-0.00113415
-0.000382933
0.000586285
0.0018196
0.00337248
0.00527172
0.0074583
0.00943149
0.0113798
-0.00346236
-0.00361846
-0.00364432
-0.00369556
-0.00373036
-0.00373486
-0.00369139
-0.00358272
-0.00339253
-0.00310486
-0.00270183
-0.00215837
-0.00143511
-0.00048823
0.000757868
0.00243989
0.00472349
0.00771865
0.0107728
0.0152235
-0.00419685
-0.00438271
-0.00440726
-0.00448763
-0.00455953
-0.00460996
-0.00461905
-0.00456663
-0.00443562
-0.00421219
-0.00388593
-0.00344408
-0.00286576
-0.0021101
-0.00108319
0.00041647
0.00273135
0.00655615
0.0107643
0.0195088
-0.00516087
-0.00515491
-0.00515403
-0.00523784
-0.0053811
-0.00552736
-0.0056356
-0.00567223
-0.00561924
-0.00547063
-0.00523248
-0.00491241
-0.00452049
-0.00404523
-0.00342679
-0.00257993
-0.00127706
0.00196568
0.00508322
0.0198675
-0.00595863
-0.00649656
-0.00641608
-0.00664124
-0.00679405
-0.00693386
-0.00703607
-0.00707542
-0.00704219
-0.006934
-0.00677525
-0.00660115
-0.00648878
-0.00654107
-0.00692624
-0.0078254
-0.0102176
-0.00898125
-0.00782321
0.0161159
-0.00929678
-0.00687891
-0.00673749
-0.00668703
-0.00702883
-0.00743142
-0.00780822
-0.00807437
-0.00821122
-0.00820685
-0.00812989
-0.00802219
-0.00807658
-0.00845343
-0.00976558
-0.0118429
-0.0178113
-0.0190754
-0.0180257
0.0216328
-0.00665185
-0.00963977
-0.00933558
-0.0100566
-0.0102659
-0.0104525
-0.0105599
-0.0105447
-0.0104377
-0.0102028
-0.00993241
-0.00971383
-0.0097258
-0.0103137
-0.0124834
-0.0153499
-0.0240926
-0.0239394
-0.0117966
0.0545767
-0.0306452
-0.00639111
-0.00612149
-0.00631955
-0.00686595
-0.00762293
-0.00838738
-0.00891413
-0.00929233
-0.00933714
-0.00942766
-0.00927867
-0.00961248
-0.00993741
-0.0113052
-0.0115549
-0.00965604
0.0080401
0.0591791
0.177352
2.60723e-06
-2.20594e-05
8.01541e-06
6.70428e-05
0.000159906
0.000286208
0.000444955
0.000634623
0.000852644
0.00109532
0.00135738
0.00163207
0.00191101
0.00218416
0.00244018
0.00266698
0.00285229
0.00298475
0.0030634
0.00304972
2.56038e-05
-1.9056e-08
3.03035e-05
8.69925e-05
0.000176308
0.000298256
0.000452142
0.000636715
0.00084972
0.00108769
0.00134568
0.00161701
0.00189366
0.00216556
0.00242132
0.00264866
0.00283502
0.00296887
0.00305027
0.0030352
-9.987e-06
-3.94026e-05
-1.00229e-05
4.53181e-05
0.000133564
0.0002549
0.000408935
0.000594771
0.000810518
0.00105303
0.00131763
0.0015982
0.00188616
0.00217124
0.00244142
0.00268341
0.00288318
0.00302743
0.00311579
0.0030979
-8.04684e-05
-0.000113292
-8.50191e-05
-3.1109e-05
5.62161e-05
0.000177491
0.000332807
0.000521809
0.000743174
0.000994293
0.00127094
0.00156711
0.00187463
0.00218259
0.0024778
0.00274524
0.00296853
0.00313139
0.00323231
0.00321334
-0.000191885
-0.000228729
-0.000201786
-0.000149355
-6.26358e-05
5.93778e-05
0.00021742
0.000411874
0.000642196
0.00090655
0.00120139
0.0015211
0.00185763
0.00219959
0.00253247
0.00283877
0.00309848
0.00329062
0.00341147
0.00339244
-0.000345849
-0.000387732
-0.000362509
-0.000311974
-0.000226055
-0.000103141
5.83322e-05
0.000259716
0.000501512
0.000782955
0.0011015
0.00145229
0.00182779
0.00221617
0.00260141
0.0029629
0.00327557
0.00351133
0.00366247
0.003645
-0.0005445
-0.0005927
-0.000569855
-0.000522136
-0.000437899
-0.000314784
-0.000150183
5.84885e-05
0.000313105
0.000614374
0.000961232
0.00135008
0.00177448
0.00222272
0.00267747
0.00311451
0.00350212
0.00380174
0.00399838
0.00398616
-0.000790767
-0.000846845
-0.000827358
-0.000783967
-0.000703105
-0.000581525
-0.000415345
-0.00020046
6.67451e-05
0.000388924
0.000767116
0.00119977
0.00168242
0.00220469
0.00274872
0.00328679
0.00377902
0.00417197
0.00443721
0.0044383
-0.00108825
-0.00115405
-0.00113923
-0.00110233
-0.00102746
-0.000910371
-0.000745665
-0.000527431
-0.000249955
9.18683e-05
0.000501904
0.000981669
0.00153016
0.00214019
0.00279534
0.00346569
0.00410262
0.00463296
0.0050031
0.00503616
-0.00144133
-0.001519
-0.00151042
-0.00148279
-0.00141753
-0.00130922
-0.00115075
-0.000934167
-0.000651354
-0.000294307
0.000144434
0.000671245
0.0012884
0.00199698
0.00278507
0.00362432
0.00445893
0.00519339
0.00572672
0.00583602
-0.00185554
-0.00194743
-0.00194669
-0.00193166
-0.00188053
-0.00178664
-0.00164097
-0.00143336
-0.00115318
-0.000789305
-0.000330142
0.000235952
0.000918621
0.00172903
0.00266684
0.00371334
0.00481252
0.00585063
0.00664407
0.0069366
-0.00233829
-0.00244672
-0.00245494
-0.00245597
-0.0024242
-0.00235155
-0.0022269
-0.00203785
-0.00177141
-0.00141367
-0.000949192
-0.000360243
0.000373667
0.00127324
0.00236197
0.00364502
0.00508468
0.00656831
0.00778791
0.00850994
-0.00290032
-0.00302649
-0.00304346
-0.00306359
-0.00305666
-0.00301284
-0.0029186
-0.00275938
-0.00252033
-0.0021858
-0.00173796
-0.00115481
-0.000406978
0.000544391
0.0017545
0.00327044
0.00511297
0.0072206
0.00911328
0.0108977
-0.00356167
-0.00370187
-0.00372231
-0.0037628
-0.00378606
-0.00377906
-0.00372504
-0.00360733
-0.00341008
-0.00311774
-0.00271278
-0.0021712
-0.00145674
-0.000515502
0.000711724
0.00235876
0.00457698
0.00745852
0.0103746
0.0144766
-0.00433708
-0.00449994
-0.00451502
-0.00457663
-0.00462996
-0.00466215
-0.00465439
-0.00458736
-0.00444457
-0.00421288
-0.00388115
-0.0034369
-0.00285765
-0.00210094
-0.00107422
0.000426147
0.00271752
0.0064334
0.0104899
0.0186632
-0.00536888
-0.00534067
-0.00532126
-0.00537633
-0.0054863
-0.00559943
-0.00567646
-0.00568673
-0.00561362
-0.00545102
-0.00520381
-0.00487745
-0.00447755
-0.00398599
-0.00333041
-0.00239999
-0.000944264
0.00244736
0.0056753
0.0198531
-0.00629414
-0.00676968
-0.00665814
-0.00681988
-0.00691672
-0.00700422
-0.00705521
-0.00705459
-0.00699294
-0.00686711
-0.00669789
-0.00651606
-0.00638851
-0.00639747
-0.00666254
-0.00728769
-0.00901094
-0.0071035
-0.00595285
0.0175913
-0.00972714
-0.00726629
-0.00710487
-0.00698223
-0.00723271
-0.00754663
-0.00784025
-0.00804089
-0.00812961
-0.0080971
-0.00800491
-0.00789352
-0.00793222
-0.00826148
-0.00938011
-0.0110945
-0.0161601
-0.0161162
-0.0156877
0.022255
-0.0077178
-0.0104617
-0.00999709
-0.0105331
-0.0105697
-0.0105752
-0.0105268
-0.0104029
-0.0102246
-0.00995929
-0.00968818
-0.00948337
-0.00950876
-0.010067
-0.011995
-0.0145307
-0.0225056
-0.022256
-0.0137909
0.0505948
-0.0314895
-0.00724041
-0.00690256
-0.00691049
-0.00725075
-0.00783527
-0.00845675
-0.0088909
-0.00918749
-0.00920357
-0.00927289
-0.00914202
-0.00944637
-0.00971696
-0.010981
-0.0111304
-0.00993127
0.00655698
0.0520674
0.166223
-2.3567e-07
-1.61644e-05
1.48757e-05
7.43981e-05
0.000166897
0.000292373
0.000449988
0.00063822
0.000854539
0.00109515
0.00135501
0.00162733
0.00190371
0.00217422
0.00242767
0.00265219
0.00283595
0.0029684
0.00304824
0.00304561
1.31814e-05
-3.67006e-06
2.72981e-05
8.49485e-05
0.000174713
0.000296886
0.000450891
0.000635459
0.000848314
0.00108596
0.00134341
0.00161396
0.00188969
0.00216052
0.00241512
0.00264142
0.00282722
0.00296169
0.00304415
0.0030409
-2.49939e-05
-4.46672e-05
-1.46115e-05
4.18308e-05
0.000130672
0.000252402
0.000406731
0.000592736
0.00080849
0.00105081
0.00131502
0.00159493
0.001882
0.00216598
0.00243494
0.00267578
0.00287492
0.00301987
0.0031094
0.00310494
-9.80123e-05
-0.000120376
-9.14215e-05
-3.63039e-05
5.17382e-05
0.000173548
0.00032931
0.000518641
0.000740171
0.000991242
0.00126758
0.00156312
0.00186977
0.0021766
0.00247052
0.00273669
0.00295925
0.00312288
0.00322515
0.0032213
-0.000211668
-0.000237268
-0.000209659
-0.00015596
-6.84765e-05
5.41165e-05
0.000212648
0.000407464
0.000637967
0.000902261
0.00119674
0.0015157
0.00185121
0.00219182
0.00252311
0.00282781
0.00308653
0.00327947
0.00340192
0.00340033
-0.00036812
-0.000397799
-0.000371952
-0.000320111
-0.000233409
-0.00010991
5.20466e-05
0.000253765
0.000495686
0.000776978
0.00109502
0.0014448
0.00181898
0.00220556
0.00258866
0.00294794
0.0032591
0.00349557
0.00364856
0.00365168
-0.000569845
-0.000604666
-0.000581264
-0.000532199
-0.000447161
-0.000323453
-0.000158383
5.05752e-05
0.00030523
0.000606212
0.000952378
0.00133993
0.00176237
0.00220804
0.0026597
0.00309345
0.00347854
0.00377842
0.00397707
0.00398919
-0.000820003
-0.000861266
-0.000841315
-0.000796515
-0.000714811
-0.000592604
-0.000425951
-0.00021082
5.63171e-05
0.000378025
0.000755283
0.00118678
0.00166595
0.00218441
0.00272378
0.00325661
0.00374437
0.00413635
0.00440367
0.00443385
-0.00112245
-0.0011717
-0.00115653
-0.00111811
-0.0010423
-0.000924479
-0.000759241
-0.000540768
-0.000263469
7.76199e-05
0.00048622
0.000963735
0.00150784
0.00211234
0.00276027
0.00342198
0.00405059
0.00457708
0.00494872
0.00501611
-0.00148197
-0.00154097
-0.00153215
-0.00150279
-0.00143635
-0.00132708
-0.00116791
-0.000951016
-0.000668457
-0.000312464
0.000124118
0.000646913
0.00125858
0.00195917
0.002736
0.00356074
0.00437979
0.00510364
0.00563629
0.00578267
-0.00190471
-0.00197527
-0.00197438
-0.00195721
-0.00190443
-0.0018091
-0.00166233
-0.00145417
-0.0011742
-0.000811642
-0.000355437
0.000205229
0.00087939
0.00167873
0.00259919
0.00362144
0.00469173
0.00570364
0.00649002
0.00680468
-0.00239916
-0.00248278
-0.00249084
-0.00248891
-0.00245456
-0.00237954
-0.00225298
-0.00206279
-0.00179623
-0.00143979
-0.00097853
-0.000395261
0.000330527
0.00121013
0.00227206
0.00351534
0.00490282
0.00632843
0.00751998
0.00819424
-0.00297824
-0.00307465
-0.00309106
-0.00310657
-0.00309526
-0.00304729
-0.00294963
-0.00278807
-0.00254809
-0.0022145
-0.00177017
-0.00119409
-0.000459853
0.000462271
0.00163802
0.00309487
0.0048507
0.00684712
0.00865836
0.010147
-0.00366624
-0.00376895
-0.00378817
-0.00382068
-0.00383566
-0.00382081
-0.00376032
-0.00363798
-0.00343827
-0.00314601
-0.00274468
-0.00221227
-0.0015156
-0.00059775
0.000596803
0.00216573
0.00426022
0.00695633
0.00969511
0.0129023
-0.0044893
-0.00459289
-0.00460383
-0.00464846
-0.00468787
-0.00470749
-0.00468914
-0.00461408
-0.00446617
-0.00423263
-0.00390329
-0.00346468
-0.00289583
-0.00215148
-0.00115392
0.00025858
0.00248361
0.00600982
0.00999783
0.0163789
-0.00561021
-0.00553217
-0.00548815
-0.00551162
-0.00558486
-0.00566442
-0.00571345
-0.0057025
-0.00561513
-0.00544629
-0.00519981
-0.00488012
-0.00448973
-0.00400431
-0.00334438
-0.00225835
-0.000571589
0.00321628
0.00777484
0.0193357
-0.00676019
-0.00698919
-0.00685585
-0.00692182
-0.00696226
-0.00700071
-0.00701858
-0.0069951
-0.00691973
-0.00678986
-0.00662393
-0.00645043
-0.0063252
-0.00629927
-0.00641002
-0.00650465
-0.00679642
-0.00336201
0.00118314
0.0211837
-0.0104682
-0.00783053
-0.0075671
-0.0073049
-0.00739719
-0.00758704
-0.00778845
-0.00792613
-0.00797714
-0.00793424
-0.0078473
-0.00776064
-0.0078105
-0.00810174
-0.00891192
-0.00990906
-0.0126286
-0.00964907
-0.00522598
0.0262744
-0.010635
-0.0116325
-0.0106591
-0.0106509
-0.0103732
-0.0101856
-0.0100222
-0.00984876
-0.00966556
-0.00944358
-0.00924657
-0.00912261
-0.0092465
-0.00983403
-0.0114123
-0.0134557
-0.0189792
-0.0156128
-0.00988329
0.047658
-0.0341842
-0.00930949
-0.00849153
-0.00782718
-0.00771124
-0.0080357
-0.00846498
-0.00875853
-0.00897346
-0.00900233
-0.00904589
-0.00899943
-0.00926045
-0.00955746
-0.0105459
-0.0103264
-0.00930132
0.00651722
0.0401919
0.139236
)
;

boundaryField
{
    movingWall
    {
        type            zeroGradient;
    }
    fixedWalls
    {
        type            zeroGradient;
    }
}


// ************************************************************************* //
