/*--------------------------------*- C++ -*----------------------------------*\
  =========                 |
  \\      /  F ield         | OpenFOAM: The Open Source CFD Toolbox
   \\    /   O peration     | Website:  https://openfoam.org
    \\  /    A nd           | Version:  10
     \\/     M anipulation  |
\*---------------------------------------------------------------------------*/
FoamFile
{
    format      ascii;
    class       volScalarField;
    location    "1.6";
    object      p;
}
// * * * * * * * * * * * * * * * * * * * * * * * * * * * * * * * * * * * * * //

dimensions      [0 2 -2 0 0 0 0];

internalField   nonuniform List<scalar> 
8000
(
1.55226e-06
1.68666e-05
0.000105013
0.000249088
0.00044883
0.000700474
0.000998756
0.00133717
0.00170797
0.0021023
0.0025102
0.00292085
0.00332264
0.00370356
0.00405157
0.00435499
0.00460309
0.0047868
0.00490186
0.00492665
-1.26195e-05
9.66822e-07
8.92244e-05
0.000233303
0.000433273
0.000685455
0.000984675
0.0013245
0.00169724
0.00209405
0.00250492
0.00291912
0.00332486
0.00370999
0.00406224
0.0043697
0.00462135
0.00480792
0.00492529
0.0049501
-0.000103279
-9.07845e-05
-4.3339e-07
0.000147477
0.000353147
0.000612902
0.000921535
0.00127257
0.00165824
0.00206955
0.00249644
0.00292769
0.00335112
0.00375407
0.00412361
0.00444702
0.0047124
0.00490954
0.00503384
0.00505962
-0.000258618
-0.000246546
-0.000152257
2.46957e-06
0.000218061
0.000490841
0.000815555
0.00118563
0.00159315
0.00202889
0.0024824
0.00294217
0.00339525
0.00382809
0.00422667
0.00457696
0.00486555
0.0050807
0.00521684
0.00524536
-0.000483431
-0.000471607
-0.000371524
-0.000206882
2.30511e-05
0.000314587
0.00066239
0.00105975
0.00149853
0.0019692
0.00246086
0.00296152
0.00345726
0.00393331
0.00437412
0.00476375
0.00508658
0.00532853
0.0054824
0.00551542
-0.000783293
-0.000771756
-0.000664029
-0.000486332
-0.000237543
7.86354e-05
0.000456763
0.00088995
0.0013698
0.0018864
0.00242835
0.00298328
0.00353594
0.00407008
0.00456817
0.00501174
0.00538206
0.00566159
0.00584061
0.00588038
-0.00116519
-0.00115416
-0.00103695
-0.000843046
-0.000570798
-0.000223936
0.000191974
0.000669841
0.00120097
0.001775
0.00237988
0.00300369
0.00362898
0.00423799
0.00481087
0.00532587
0.00576007
0.00609097
0.00630488
0.00635456
-0.00163805
-0.00162798
-0.00149945
-0.00128613
-0.000985696
-0.000601907
-0.00014048
0.000391274
0.000984367
0.0016279
0.00230771
0.00301746
0.00373264
0.00443552
0.00510374
0.00571157
0.00623053
0.00663104
0.00689319
0.00695754
-0.00221294
-0.00220458
-0.0020629
-0.00182688
-0.00149334
-0.0010661
-0.000551076
4.41674e-05
0.000710516
0.00143754
0.00221461
0.00301864
0.00384104
0.00465902
0.00544686
0.006174
0.00680483
0.00729991
0.00762929
0.00771601
-0.00290355
-0.00289805
-0.00274134
-0.00247916
-0.00210725
-0.00162958
-0.00105244
-0.000383784
0.000366898
0.00118878
0.00206947
0.00299301
0.00394412
0.00490135
0.00583726
0.00671659
0.00749504
0.00811976
0.00854428
0.00866681
-0.0037269
-0.00372583
-0.00355208
-0.00325989
-0.00284373
-0.0023079
-0.00165934
-0.000906711
-6.00533e-05
0.00086963
0.00187028
0.00292825
0.00402842
0.00515045
0.00626674
0.00733857
0.00831196
0.00911675
0.0096786
0.00986182
-0.00470452
-0.00470984
-0.00451667
-0.0041898
-0.00372235
-0.00311926
-0.00238866
-0.00154049
-0.000585692
0.000464555
0.00159911
0.00280652
0.00407474
0.00538694
0.00671845
0.0080304
0.00926083
0.0103196
0.011084
0.0113774
-0.00586491
-0.00587813
-0.00566244
-0.00529453
-0.00476661
-0.00408468
-0.00325909
-0.00230205
-0.00122621
-4.32384e-05
0.00123687
0.00260581
0.00405717
0.00558134
0.00716205
0.0087671
0.0103322
0.0117548
0.0128241
0.0133303
-0.00725082
-0.00726917
-0.0070253
-0.00660631
-0.00600471
-0.00522784
-0.0042901
-0.00320777
-0.0019966
-0.000669557
0.00076452
0.00230137
0.00394304
0.00569162
0.00754725
0.00949701
0.0114867
0.0134351
0.014971
0.0159025
-0.0088998
-0.00892482
-0.00864921
-0.0081652
-0.00747011
-0.00657412
-0.00549976
-0.00427041
-0.00290697
-0.00142498
0.00016702
0.00186782
0.00369578
0.00566346
0.0077985
0.0101283
0.0126302
0.0153333
0.0175652
0.0194223
-0.0110817
-0.0109601
-0.0106166
-0.0100292
-0.00920347
-0.00814844
-0.00690124
-0.00549531
-0.00395848
-0.00230982
-0.000557631
0.00130457
0.00328823
0.0054402
0.00782293
0.0105281
0.0135821
0.017313
0.0204882
0.0243272
-0.0132757
-0.0133704
-0.0129731
-0.0122587
-0.0112476
-0.00996956
-0.00849554
-0.00687298
-0.00513712
-0.00331133
-0.00140833
0.000568338
0.00262166
0.00486337
0.00732386
0.0102583
0.0134775
0.0187856
0.0229761
0.0312463
-0.0184375
-0.0161662
-0.0157513
-0.014667
-0.0134187
-0.0119065
-0.0101934
-0.00833164
-0.00637361
-0.00435633
-0.00229322
-0.000166923
0.0020737
0.004494
0.0071043
0.0102782
0.0139622
0.0207088
0.0267595
0.0408013
-0.0210173
-0.0216257
-0.0203835
-0.018979
-0.0170261
-0.0147385
-0.0123898
-0.0100478
-0.00774358
-0.00548437
-0.00327832
-0.00112774
0.000932279
0.00295989
0.00461386
0.00788314
0.00747074
0.0179922
0.0186197
0.0505448
-0.0448946
-0.0213089
-0.0207004
-0.0188927
-0.0168034
-0.014723
-0.0125747
-0.010333
-0.00805637
-0.00579281
-0.00357284
-0.00137226
0.000744372
0.00303022
0.00517861
0.00881955
0.0131086
0.0272178
0.047842
0.10882
4.62307e-06
1.35435e-05
0.000100886
0.000244648
0.000444605
0.000696756
0.000995734
0.00133499
0.00170677
0.00210219
0.00251125
0.00292309
0.00332611
0.00370825
0.00405739
0.00436177
0.00461049
0.00479422
0.00490877
0.00492775
-5.00047e-06
2.9079e-06
9.04126e-05
0.000233837
0.000433488
0.000685539
0.00098473
0.0013246
0.00169749
0.00209451
0.00250567
0.00292021
0.00332635
0.0037119
0.00406457
0.00437238
0.00462415
0.00481034
0.00492707
0.00494576
-9.4499e-05
-8.7915e-05
1.69424e-06
0.000148881
0.00035416
0.000613684
0.000922177
0.00127315
0.00165883
0.00207023
0.0024973
0.00292878
0.00335251
0.00375581
0.0041257
0.0044494
0.00471483
0.00491152
0.0050351
0.00505422
-0.000248504
-0.000242727
-0.000149208
4.71487e-06
0.00021984
0.000492307
0.00081679
0.00118671
0.00159415
0.00202989
0.0024835
0.00294342
0.00339673
0.00382987
0.00422876
0.0045793
0.00486791
0.00508254
0.00521787
0.00523909
-0.000471907
-0.00046691
-0.000367645
-0.000203881
2.55242e-05
0.00031669
0.00066421
0.00106136
0.00150002
0.00197067
0.00246242
0.00296318
0.00345913
0.00393547
0.0043766
0.00476649
0.00508934
0.00533069
0.00548364
0.00550851
-0.000770067
-0.000766061
-0.00065921
-0.000482486
-0.00023429
8.14649e-05
0.000459263
0.000892211
0.00137192
0.00188852
0.00243062
0.0029856
0.00353844
0.0040729
0.00457137
0.00501527
0.00538564
0.00566451
0.00584246
0.00587291
-0.00114978
-0.00114718
-0.00103092
-0.000838113
-0.000566551
-0.000220188
0.000195333
0.00067292
0.00120391
0.00177802
0.00238334
0.00300694
0.00363238
0.00424177
0.00481513
0.00533059
0.00576495
0.00609515
0.00630782
0.00634661
-0.00161976
-0.00161925
-0.00149179
-0.00127975
-0.000980142
-0.00059697
-0.000136029
0.000395371
0.000988288
0.00163207
0.00231419
0.00302195
0.00373718
0.00444058
0.00510948
0.00571802
0.00623735
0.0066372
0.00689795
0.00694933
-0.00219082
-0.00219346
-0.00205301
-0.00181854
-0.00148606
-0.00105963
-0.000545253
4.94918e-05
0.000715447
0.00144187
0.0022161
0.0030234
0.00384684
0.00466572
0.0054546
0.00618288
0.00681453
0.00730918
0.00763704
0.00770812
-0.00287622
-0.00288355
-0.00272834
-0.00246815
-0.00209768
-0.00162116
-0.00104492
-0.000376947
0.000373281
0.00119495
0.00207594
0.00299977
0.00395173
0.00491017
0.00584767
0.00672886
0.00750898
0.00813393
0.00855702
0.00866079
-0.00369224
-0.00370646
-0.00353469
-0.00324523
-0.00283117
-0.00229704
-0.00164982
-0.000898174
-5.21368e-05
0.000877311
0.00187817
0.00293675
0.00403803
0.0051618
0.00628053
0.00735545
0.00833209
0.00913877
0.00969969
0.00986084
-0.00465917
-0.00468322
-0.00449299
-0.00417017
-0.00370598
-0.00310553
-0.00237697
-0.00153027
-0.000576388
0.000473469
0.00160817
0.00281651
0.00408627
0.00540097
0.00673622
0.00805328
0.00928976
0.0103541
0.011119
0.0113893
-0.00580298
-0.0058403
-0.0056296
-0.0052682
-0.00474562
-0.00406791
-0.00324547
-0.00229062
-0.00121612
-3.3724e-05
0.0012466
0.00261666
0.00407
0.0055976
0.00718376
0.00879685
0.0103727
0.0118085
0.0128815
0.0133727
-0.00716244
-0.00721398
-0.00697926
-0.00657139
-0.00597887
-0.00520882
-0.00427591
-0.00319673
-0.00198742
-0.000661156
0.000773162
0.00231139
0.00395527
0.00570803
0.00757092
0.00953203
0.011539
0.0135162
0.0150653
0.0160155
-0.00875451
-0.00883809
-0.00858294
-0.00812027
-0.0074414
-0.00655642
-0.00548922
-0.00426403
-0.00290282
-0.00142172
0.000170767
0.00187418
0.00370297
0.00567429
0.00781687
0.0101598
0.0126864
0.0154442
0.0177073
0.0196951
-0.0108701
-0.0108255
-0.0105263
-0.0099784
-0.00918167
-0.00814386
-0.00690583
-0.00550376
-0.00396815
-0.00231952
-0.000566944
0.00129417
0.0032792
0.0054307
0.00781254
0.0105222
0.0135938
0.0174127
0.0206088
0.0248821
-0.0128155
-0.0131899
-0.0128644
-0.0122344
-0.011272
-0.0100129
-0.00854345
-0.00691842
-0.00517813
-0.00334837
-0.00144332
0.000534351
0.00259468
0.00481962
0.0072466
0.0101266
0.0132878
0.0186674
0.0227676
0.0320115
-0.017617
-0.0156095
-0.0155017
-0.0145956
-0.0134725
-0.0120135
-0.0103165
-0.00845009
-0.00647912
-0.00444795
-0.00237477
-0.000246023
0.00197169
0.00436572
0.00687674
0.00988556
0.0132292
0.0197856
0.0254824
0.0409232
-0.0189438
-0.021443
-0.0205749
-0.0195302
-0.0176569
-0.015301
-0.0128477
-0.0104057
-0.00802171
-0.00570516
-0.00346497
-0.00130012
0.00073633
0.00268906
0.0041485
0.00674571
0.00646016
0.0159846
0.0147485
0.05064
-0.0422506
-0.0198301
-0.0200325
-0.0188844
-0.0170475
-0.0150243
-0.0128773
-0.0106041
-0.008286
-0.00598586
-0.00374953
-0.00153607
0.00051863
0.00275318
0.00457146
0.00794321
0.0116144
0.0260797
0.0509107
0.118423
7.02388e-06
1.44982e-05
0.000101325
0.000244716
0.000444509
0.000696635
0.000995693
0.00133511
0.00170713
0.00210281
0.00251222
0.00292447
0.00332789
0.00371043
0.00405991
0.00436456
0.00461338
0.00479698
0.00491126
0.00492889
-1.47462e-06
4.98853e-06
9.20283e-05
0.000235019
0.000434404
0.00068629
0.000985393
0.00132525
0.00169816
0.00209528
0.0025066
0.00292133
0.00332768
0.00371346
0.00406632
0.00437425
0.00462601
0.00481199
0.00492843
0.00494576
-9.04313e-05
-8.53234e-05
3.84017e-06
0.000150557
0.000355514
0.000614815
0.000923161
0.00127405
0.00165971
0.00207116
0.00249832
0.00292995
0.00335385
0.00375734
0.0041274
0.00445119
0.0047166
0.00491304
0.00503629
0.00505393
-0.000243656
-0.000239449
-0.000146395
7.01364e-06
0.000221756
0.000493933
0.0008182
0.00118797
0.00159533
0.00203106
0.00248472
0.00294473
0.00339818
0.00383147
0.00423051
0.00458113
0.00486969
0.00508405
0.00521901
0.00523863
-0.000466129
-0.00046285
-0.000364094
-0.000200911
2.80445e-05
0.000318852
0.00066609
0.00106303
0.00150156
0.00197216
0.00246393
0.00296476
0.00346082
0.00393731
0.0043786
0.00476859
0.0050914
0.00533245
0.005485
0.00550808
-0.000763128
-0.000761037
-0.000654765
-0.000478714
-0.000231059
8.42509e-05
0.000461689
0.000894364
0.0013739
0.00189042
0.00243254
0.00298755
0.0035405
0.00407513
0.0045738
0.00501785
0.00538823
0.00566681
0.00584434
0.00587277
-0.00114134
-0.00114091
-0.00102533
-0.000833332
-0.000562441
-0.000216646
0.000198407
0.000675631
0.00120638
0.00178041
0.00238581
0.00300937
0.00363491
0.00424452
0.00481817
0.0053339
0.00576836
0.00609832
0.00631058
0.00634707
-0.00160932
-0.00161133
-0.0014847
-0.00127366
-0.000974924
-0.000592505
-0.000132196
0.000398705
0.000991285
0.00163496
0.00231731
0.00302486
0.00374022
0.00444395
0.00511331
0.00572231
0.00624195
0.00664169
0.00690208
0.0069508
-0.00217769
-0.00218328
-0.0020439
-0.00181075
-0.00147944
-0.00105405
-0.000540555
5.34764e-05
0.000718885
0.00144489
0.00221877
0.00302642
0.00385029
0.00466974
0.00545934
0.00618841
0.00682074
0.00731559
0.00764326
0.00771129
-0.00285937
-0.00287028
-0.00271651
-0.00245813
-0.00208932
-0.00161426
-0.00103928
-0.000372316
0.000377157
0.00119832
0.00207901
0.00300309
0.00395554
0.00491477
0.00585336
0.00673587
0.00751731
0.00814309
0.00856636
0.00866641
-0.00367017
-0.00368884
-0.00351915
-0.0032323
-0.00282066
-0.00228869
-0.00164327
-0.000893063
-4.80792e-05
0.000880686
0.00188123
0.00293998
0.00404184
0.00516666
0.00628698
0.00736401
0.00834304
0.00915178
0.00971384
0.0098714
-0.00462954
-0.00465939
-0.00447234
-0.00415345
-0.00369294
-0.00309571
-0.00236978
-0.00152512
-0.000572723
0.000476178
0.0016104
0.00281887
0.00408927
0.00540518
0.0067427
0.00806297
0.00930353
0.0103723
0.0111401
0.0114083
-0.00576202
-0.00580739
-0.00560186
-0.00524666
-0.00472981
-0.00405695
-0.00323836
-0.00228639
-0.0012139
-3.27734e-05
0.0012469
0.00261698
0.00407087
0.00559983
0.00718861
0.0088062
0.0103885
0.0118329
0.0129124
0.0134072
-0.00710412
-0.00716772
-0.00694174
-0.00654396
-0.0059605
-0.00519778
-0.00427042
-0.00319517
-0.0019884
-0.00066369
0.000769801
0.00230772
0.0039518
0.00570546
0.00757054
0.00953724
0.0115535
0.0135462
0.0151085
0.016077
-0.00866634
-0.00877119
-0.0085316
-0.00808608
-0.00742173
-0.00654782
-0.00548842
-0.00426821
-0.00290991
-0.00143046
0.00016103
0.0018636
0.00369193
0.00566281
0.00780577
0.0101531
0.0126906
0.0154743
0.0177616
0.0198038
-0.01074
-0.0107281
-0.0104565
-0.0099377
-0.00916421
-0.00814294
-0.00691522
-0.00551889
-0.00398613
-0.00233887
-0.000587301
0.00127231
0.003256
0.00540446
0.00778221
0.0104916
0.0135718
0.0174252
0.0206537
0.0250579
-0.0126011
-0.0130557
-0.0127728
-0.0121942
-0.0112674
-0.0100312
-0.00857395
-0.00695407
-0.00521522
-0.0033855
-0.00148095
0.000494715
0.0025496
0.00476261
0.00716792
0.010024
0.0131665
0.0185858
0.0227234
0.0322226
-0.0172701
-0.0153532
-0.0153391
-0.0145236
-0.0134665
-0.0120478
-0.0103717
-0.00851298
-0.00654254
-0.0045093
-0.0024351
-0.000308805
0.00189934
0.00428149
0.00675177
0.00970366
0.0129419
0.0194721
0.0253071
0.0410233
-0.0183138
-0.0211678
-0.0204292
-0.0195523
-0.0177697
-0.0154453
-0.0129925
-0.0105373
-0.00813755
-0.00580758
-0.00356061
-0.00139795
0.00061848
0.00252374
0.00390771
0.00633342
0.0059759
0.0151354
0.0143321
0.0506947
-0.0415044
-0.0193343
-0.0197388
-0.0188169
-0.0170831
-0.0151091
-0.0129813
-0.0107092
-0.00838487
-0.0060783
-0.00384218
-0.00163562
0.000386812
0.00257943
0.0042954
0.00757706
0.0111518
0.0259049
0.0519625
0.12092
9.27071e-06
1.57576e-05
0.000102159
0.000245208
0.000444811
0.000696871
0.000995959
0.00133549
0.00170768
0.00210361
0.0025133
0.00292585
0.0033296
0.00371245
0.00406221
0.00436705
0.00461593
0.00479938
0.00491338
0.0049301
1.64509e-06
7.17823e-06
9.37919e-05
0.000236388
0.000435498
0.000687208
0.000986217
0.00132605
0.001699
0.00209621
0.00250767
0.00292258
0.00332913
0.00371511
0.00406815
0.00437618
0.00462792
0.00481369
0.00492982
0.00494616
-8.67044e-05
-8.25603e-05
6.15936e-06
0.000152448
0.000357083
0.000616152
0.000924341
0.00127514
0.00166078
0.00207226
0.0024995
0.00293125
0.00335531
0.00375896
0.00412916
0.00445303
0.00471838
0.0049146
0.00503751
0.00505406
-0.00023916
-0.000235977
-0.000143404
9.52169e-06
0.00022388
0.000495757
0.000819798
0.00118941
0.00159668
0.00203238
0.00248607
0.00294617
0.00339974
0.00383317
0.00423233
0.00458302
0.00487152
0.00508562
0.00522021
0.00523863
-0.000460713
-0.000458549
-0.000360329
-0.000197703
3.07907e-05
0.00032122
0.000668155
0.00106487
0.00150325
0.00197377
0.00246554
0.00296643
0.00346259
0.00393923
0.00438065
0.00477073
0.00509349
0.00533428
0.00548643
0.00550817
-0.00075656
-0.000755709
-0.000650055
-0.000474664
-0.000227575
8.72552e-05
0.000464297
0.000896664
0.00137599
0.0018924
0.00243449
0.00298953
0.0035426
0.00407739
0.00457625
0.00502044
0.00539082
0.00566914
0.00584626
0.00587316
-0.00113328
-0.00113426
-0.00101942
-0.000828224
-0.000558049
-0.000212877
0.000201649
0.000678457
0.00120892
0.00178278
0.00238814
0.00301172
0.00363739
0.00424724
0.00482116
0.00533714
0.00577171
0.00610147
0.00631333
0.00634807
-0.00159929
-0.00160292
-0.00147721
-0.0012672
-0.000969401
-0.000587817
-0.000128223
0.000402105
0.000994269
0.0016377
0.00232
0.00302756
0.0037431
0.00444717
0.00511697
0.00572641
0.00624636
0.00664606
0.00690612
0.00695291
-0.00216499
-0.00217252
-0.00203433
-0.00180254
-0.00147251
-0.00104826
-0.000535766
5.74595e-05
0.000722263
0.00144787
0.00222155
0.00302931
0.00385351
0.00467347
0.00546376
0.00619359
0.00682658
0.0073217
0.00764924
0.00771515
-0.00284302
-0.0028563
-0.00270415
-0.00244765
-0.00208064
-0.00160722
-0.00103363
-0.000367797
0.000380837
0.00120145
0.00208188
0.00300607
0.00395895
0.00491892
0.00585851
0.00674227
0.00752498
0.00815164
0.00857526
0.00867331
-0.0036487
-0.00367041
-0.00350302
-0.00321888
-0.00280987
-0.00228026
-0.00163683
-0.000888202
-4.43746e-05
0.000883646
0.00188384
0.00294269
0.00404508
0.005171
0.0062926
0.00737156
0.00835284
0.00916364
0.00972698
0.00988303
-0.00460074
-0.00463467
-0.0044511
-0.00413627
-0.00367968
-0.0030859
-0.00236284
-0.00152039
-0.000569574
0.000478297
0.00161201
0.00282048
0.00409146
0.00540877
0.006748
0.00807108
0.0093154
0.0103884
0.0111593
0.0114279
-0.00572245
-0.00577367
-0.00557365
-0.00522474
-0.00471386
-0.00404612
-0.00323162
-0.0022827
-0.00121238
-3.27157e-05
0.00124614
0.00261598
0.00407029
0.00560051
0.00719164
0.00881311
0.0104012
0.0118536
0.0129397
0.0134401
-0.00704828
-0.00712099
-0.00690404
-0.0065163
-0.00594206
-0.00518695
-0.00426538
-0.00319428
-0.00199044
-0.000667665
0.000764614
0.00230191
0.00394592
0.00570034
0.00756764
0.00953878
0.0115631
0.0135698
0.015145
0.0161328
-0.00858431
-0.00870521
-0.00848095
-0.00805187
-0.00740194
-0.00653929
-0.00548796
-0.00427325
-0.00291854
-0.00144141
0.000148489
0.00184979
0.003677
0.00564706
0.00779013
0.0101407
0.0126873
0.0154936
0.0178036
0.0198989
-0.0106212
-0.0106346
-0.0103889
-0.00989713
-0.00914621
-0.00814148
-0.00692451
-0.00553472
-0.00400577
-0.00236086
-0.00061112
0.00124668
0.0032276
0.00537223
0.00774503
0.0104523
0.0135384
0.0174241
0.0206799
0.0252107
-0.0124143
-0.0129258
-0.0126852
-0.012151
-0.0112594
-0.0100455
-0.0086009
-0.00698748
-0.00525166
-0.00342361
-0.00152106
0.00045055
0.00249677
0.00469794
0.00708311
0.00991924
0.0130381
0.0185061
0.0226533
0.0324217
-0.0169811
-0.0151306
-0.0151978
-0.0144561
-0.0134586
-0.0120768
-0.0104203
-0.00856987
-0.00660143
-0.00456789
-0.00249413
-0.000370952
0.00183137
0.00420768
0.00664255
0.0095506
0.012728
0.0192791
0.0251048
0.0412106
-0.0178886
-0.020956
-0.0203109
-0.0195491
-0.0178387
-0.0155456
-0.0131009
-0.010642
-0.00823412
-0.00589703
-0.00364749
-0.00149029
0.000504856
0.00236106
0.00368055
0.00601175
0.00552423
0.0147758
0.0135298
0.0510866
-0.0408824
-0.0188672
-0.0194501
-0.0187044
-0.0170889
-0.0151758
-0.0130721
-0.0108063
-0.00847956
-0.00616837
-0.00393162
-0.00172954
0.000272093
0.00243824
0.00409042
0.00731228
0.010818
0.0257227
0.0521982
0.122441
1.13922e-05
1.75185e-05
0.000103665
0.000246463
0.000445873
0.000697799
0.00099681
0.00133632
0.00170854
0.00210455
0.00251437
0.00292707
0.00333099
0.00371401
0.00406391
0.00436882
0.00461771
0.00480106
0.00491491
0.0049313
4.16573e-06
9.31807e-06
9.56592e-05
0.000237974
0.000436854
0.000688391
0.00098728
0.00132704
0.00169998
0.00209722
0.00250876
0.00292377
0.00333045
0.00371656
0.0040697
0.00437778
0.0046295
0.00481516
0.00493112
0.00494714
-8.37408e-05
-7.99963e-05
8.43267e-06
0.00015441
0.000358777
0.000617628
0.000925653
0.00127634
0.00166192
0.0020734
0.00250068
0.0029325
0.00335667
0.00376042
0.00413071
0.00445463
0.00471996
0.00491604
0.00503878
0.005055
-0.000235579
-0.000232828
-0.000140578
1.19879e-05
0.000226023
0.000497624
0.000821442
0.00119089
0.00159805
0.0020337
0.00248739
0.00294754
0.00340119
0.00383472
0.00423397
0.0045847
0.00487318
0.00508714
0.00522156
0.00523962
-0.000456343
-0.000454659
-0.000356814
-0.000194614
3.34814e-05
0.000323559
0.000670197
0.00106668
0.00150489
0.00197532
0.00246706
0.00296797
0.00346421
0.00394094
0.00438247
0.00477262
0.00509538
0.00533605
0.00548802
0.00550936
-0.000751176
-0.000750876
-0.00064567
-0.0004708
-0.000224214
9.01591e-05
0.000466806
0.000898852
0.00137794
0.0018942
0.00243623
0.00299128
0.00354442
0.00407935
0.00457836
0.00502267
0.0053931
0.00567134
0.0058483
0.00587478
-0.00112657
-0.0011282
-0.00101392
-0.000823384
-0.000553863
-0.000209298
0.000204695
0.000681064
0.00121119
0.00178484
0.0023901
0.00301368
0.00363944
0.00424947
0.00482363
0.00533984
0.00577456
0.00610433
0.00631607
0.00635036
-0.00159084
-0.00159525
-0.00147026
-0.00126112
-0.000964198
-0.000583437
-0.000124574
0.000405144
0.000996841
0.00163996
0.0023221
0.00302964
0.00374532
0.00444966
0.00511982
0.00572967
0.00624997
0.00664984
0.0069099
0.00695619
-0.00215421
-0.00216272
-0.00202549
-0.00179488
-0.00146605
-0.00104296
-0.000531475
6.08985e-05
0.000725036
0.00145017
0.00222357
0.00303133
0.00385572
0.00467608
0.00546694
0.00619745
0.00683111
0.00732671
0.0076545
0.00771995
-0.00282909
-0.00284362
-0.00269281
-0.00243798
-0.00207267
-0.00160087
-0.00102871
-0.000364072
0.000383627
0.00120358
0.00208365
0.00300775
0.00396085
0.00492131
0.00586178
0.00674663
0.00753053
0.00815823
0.00858257
0.00868038
-0.00363044
-0.00365381
-0.00348838
-0.00320664
-0.0028001
-0.0022728
-0.0016314
-0.000884454
-4.19332e-05
0.000885158
0.00188482
0.00294344
0.004046
0.00517232
0.00629539
0.00737603
0.0083593
0.0091721
0.009737
0.00989336
-0.00457643
-0.00461271
-0.00443207
-0.0041208
-0.00366784
-0.0030774
-0.00235722
-0.00151711
-0.000568108
0.000478473
0.0016114
0.00281953
0.00409065
0.00540855
0.00674935
0.00807477
0.00932219
0.0103988
0.0111728
0.0114431
-0.00568959
-0.00574428
-0.00554879
-0.00520527
-0.00469976
-0.00403687
-0.00322643
-0.00228075
-0.00121285
-3.48591e-05
0.00124291
0.00261215
0.00406643
0.00559725
0.00718991
0.00881423
0.0104068
0.0118653
0.0129571
0.0134624
-0.00700315
-0.00708127
-0.00687144
-0.00649196
-0.00592574
-0.00517762
-0.00426173
-0.00319497
-0.00199423
-0.000673624
0.000757158
0.00229347
0.00393698
0.00569155
0.00756005
0.00953424
0.0115642
0.0135808
0.0151656
0.0161656
-0.00852124
-0.0086511
-0.0084381
-0.00802179
-0.00738382
-0.00653117
-0.00548762
-0.00427852
-0.00292772
-0.0014533
0.000134617
0.00183435
0.0036602
0.00562931
0.00777226
0.0101252
0.0126783
0.0154991
0.0178235
0.0199464
-0.0105339
-0.0105611
-0.0103327
-0.00986056
-0.00912725
-0.00813657
-0.00693004
-0.0055473
-0.00402298
-0.00238124
-0.000633931
0.00122182
0.00320029
0.0053424
0.00771244
0.0104201
0.0135126
0.0174175
0.0206876
0.0252752
-0.0122912
-0.0128273
-0.0126127
-0.0121077
-0.0112414
-0.0100467
-0.00861557
-0.00701066
-0.00527999
-0.00345533
-0.00155583
0.000411636
0.00245096
0.00464532
0.00701905
0.00984891
0.0129646
0.0184674
0.0226086
0.0324886
-0.016806
-0.0149836
-0.0150924
-0.0143952
-0.0134355
-0.012082
-0.0104445
-0.0086051
-0.00664262
-0.00461235
-0.00254136
-0.000421536
0.00177869
0.00415861
0.00657364
0.00946959
0.0126506
0.0192537
0.0249803
0.0412385
-0.0176733
-0.0208023
-0.0201986
-0.0194951
-0.0178332
-0.015572
-0.0131458
-0.0106962
-0.00829209
-0.00595678
-0.00371016
-0.0015601
0.000418254
0.00223844
0.00353265
0.00584488
0.00537555
0.0149368
0.0129014
0.0511212
-0.0405773
-0.0186111
-0.0192719
-0.0186128
-0.0170628
-0.0151888
-0.0131111
-0.0108585
-0.00853762
-0.00622928
-0.0039963
-0.00180073
0.000187222
0.00233713
0.00396515
0.00717143
0.0106836
0.0257026
0.0521761
0.122863
1.33084e-05
1.92437e-05
0.000105203
0.000247803
0.000447042
0.000698836
0.000997759
0.00133722
0.00170944
0.00210549
0.00251536
0.00292815
0.00333217
0.00371529
0.00406527
0.00437024
0.00461912
0.00480241
0.00491617
0.0049324
6.31498e-06
1.12784e-05
9.74265e-05
0.00023953
0.000438219
0.000689599
0.000988371
0.00132806
0.00170096
0.00209821
0.00250978
0.00292486
0.00333162
0.00371781
0.00407101
0.00437913
0.00463084
0.00481643
0.0049323
0.00494815
-8.12392e-05
-7.7695e-05
1.05253e-05
0.000156267
0.000360412
0.000619072
0.000926945
0.00127752
0.00166304
0.00207448
0.00250178
0.00293365
0.00335787
0.0037617
0.00413205
0.004456
0.00472132
0.00491733
0.00503997
0.005056
-0.00023257
-0.000230039
-0.000138027
1.42645e-05
0.000228031
0.000499389
0.000823003
0.00119229
0.00159934
0.00203493
0.0024886
0.00294877
0.00340247
0.00383607
0.00423539
0.00458616
0.00487463
0.00508853
0.00522285
0.0052407
-0.000452667
-0.000451231
-0.000353667
-0.0001918
3.5959e-05
0.000325723
0.000672088
0.00106835
0.0015064
0.00197672
0.00246841
0.00296932
0.00346561
0.00394242
0.00438404
0.00477425
0.00509703
0.00533765
0.00548953
0.00551066
-0.000746633
-0.00074662
-0.000641759
-0.000467308
-0.000221154
9.28077e-05
0.000469087
0.000900827
0.00137968
0.00189578
0.00243772
0.00299277
0.00354596
0.00408099
0.00458012
0.00502455
0.00539505
0.00567329
0.00585018
0.00587643
-0.0011209
-0.00112287
-0.00100903
-0.000819037
-0.000550086
-0.000206072
0.000207422
0.000683368
0.00121316
0.00178658
0.00239171
0.00301526
0.0036411
0.00425127
0.00482562
0.00534204
0.00577693
0.00610677
0.00631851
0.00635257
-0.00158367
-0.00158852
-0.0014641
-0.00125569
-0.000959543
-0.000579536
-0.000121359
0.000407773
0.000999006
0.00164179
0.00232374
0.00303124
0.00374701
0.00445156
0.00512203
0.00573223
0.00625285
0.00665295
0.00691312
0.00695922
-0.00214507
-0.00215413
-0.00201769
-0.00178809
-0.00146033
-0.00103828
-0.000527753
6.38049e-05
0.000727294
0.00145196
0.00222507
0.00303277
0.00385729
0.00467795
0.00546927
0.00620033
0.00683457
0.00733066
0.00765877
0.00772412
-0.0028173
-0.00283257
-0.00268289
-0.00242946
-0.00206567
-0.00159533
-0.00102451
-0.000361006
0.000385798
0.00120511
0.00208481
0.00300876
0.00396197
0.00492287
0.005864
0.00674968
0.00753454
0.00816316
0.0085882
0.00868613
-0.00361507
-0.00363948
-0.00347567
-0.00319596
-0.00279159
-0.00226637
-0.00162685
-0.000881462
-4.01699e-05
0.000886036
0.00188514
0.00294353
0.00404622
0.00517314
0.00629696
0.00737885
0.00836365
0.00917806
0.00974429
0.00990125
-0.00455619
-0.00459397
-0.00441573
-0.00410743
-0.00365759
-0.00307013
-0.00235255
-0.0015146
-0.000567268
0.000478089
0.0016102
0.00281793
0.00408908
0.00540751
0.00674939
0.00807652
0.00932631
0.0104056
0.011182
0.0114538
-0.00566268
-0.00571961
-0.00552771
-0.00518857
-0.0046876
-0.00402893
-0.00322211
-0.00227935
-0.00121371
-3.73951e-05
0.00123923
0.0026078
0.0040619
0.00559313
0.00718698
0.00881348
0.0104093
0.0118722
0.0129681
0.013477
-0.00696705
-0.00704861
-0.00684421
-0.00647124
-0.0059116
-0.00516943
-0.00425851
-0.00319567
-0.00199791
-0.000679497
0.000749726
0.00228498
0.00392792
0.00568253
0.00755196
0.00952852
0.0115628
0.013586
0.0151775
0.0161852
-0.0084724
-0.00860775
-0.00840295
-0.00799627
-0.00736779
-0.00652347
-0.00548663
-0.00428266
-0.00293564
-0.001464
0.00012186
0.00182
0.00364465
0.00561307
0.00775603
0.0101108
0.0126688
0.0154992
0.0178331
0.0199727
-0.0104685
-0.0105038
-0.0102875
-0.00982946
-0.00910966
-0.00813043
-0.00693275
-0.00555648
-0.00403678
-0.00239837
-0.000653658
0.00119997
0.00317662
0.00531718
0.00768551
0.0103939
0.0134913
0.0174081
0.0206873
0.0253077
-0.0122032
-0.0127524
-0.0125552
-0.0120703
-0.011223
-0.0100435
-0.00862361
-0.00702653
-0.00530126
-0.00348048
-0.00158424
0.000379686
0.00241385
0.00460462
0.00697111
0.00979837
0.0129134
0.0184368
0.0225744
0.032518
-0.0166869
-0.0148797
-0.0150145
-0.0143459
-0.0134131
-0.0120808
-0.0104581
-0.00862841
-0.00667207
-0.00464592
-0.00257829
-0.000461468
0.00173855
0.00412639
0.00652628
0.00941611
0.0126017
0.0192254
0.0249072
0.0412426
-0.0175371
-0.0206915
-0.0201121
-0.0194454
-0.0178168
-0.0155797
-0.0131694
-0.0107294
-0.00833096
-0.00599954
-0.00375711
-0.00161383
0.00035109
0.0021426
0.00342661
0.00573634
0.00526663
0.0149141
0.0126437
0.0511221
-0.0403851
-0.0184397
-0.0191454
-0.0185373
-0.0170317
-0.0151908
-0.0131331
-0.0108922
-0.00857812
-0.00627411
-0.00404549
-0.00185572
0.00012296
0.00226305
0.00388126
0.00708319
0.0105975
0.0256614
0.0520987
0.123006
1.49562e-05
2.07971e-05
0.000106634
0.000249092
0.000448195
0.000699871
0.000998703
0.00133811
0.00171029
0.00210633
0.00251623
0.00292907
0.00333314
0.00371632
0.00406635
0.00437134
0.00462022
0.00480348
0.00491719
0.00493336
8.10647e-06
1.29725e-05
9.89906e-05
0.000240943
0.000439482
0.00069073
0.000989396
0.00132901
0.00170186
0.00209909
0.00251068
0.00292579
0.00333259
0.00371883
0.00407208
0.00438023
0.00463193
0.00481749
0.00493331
0.00494909
-7.91803e-05
-7.57409e-05
1.23347e-05
0.000157904
0.000361875
0.000620376
0.000928114
0.00127859
0.00166403
0.00207544
0.00250273
0.00293462
0.00335888
0.00376276
0.00413315
0.00445713
0.00472244
0.00491842
0.00504101
0.00505698
-0.000230111
-0.000227698
-0.000135854
1.62318e-05
0.000229784
0.000500942
0.000824378
0.00119352
0.00160046
0.00203599
0.00248963
0.00294981
0.00340354
0.00383719
0.00423655
0.00458737
0.00487584
0.00508972
0.00522399
0.00524178
-0.000449667
-0.000448368
-0.000351009
-0.000189397
3.8092e-05
0.000327595
0.000673724
0.00106979
0.00150768
0.0019779
0.00246953
0.00297044
0.00346676
0.00394363
0.0043853
0.00477558
0.00509839
0.005339
0.00549086
0.00551192
-0.000742921
-0.000743074
-0.000638472
-0.000464347
-0.000218545
9.50696e-05
0.000471031
0.000902499
0.00138114
0.00189708
0.00243894
0.00299396
0.00354719
0.00408229
0.00458152
0.00502605
0.00539663
0.0056749
0.00585179
0.00587799
-0.00111626
-0.00111844
-0.00100493
-0.00081537
-0.00054689
-0.000203344
0.000209717
0.000685288
0.00121478
0.00178798
0.00239298
0.00301649
0.00364236
0.00425264
0.00482715
0.00534374
0.00577879
0.00610874
0.00632053
0.00635456
-0.00157782
-0.00158293
-0.00145897
-0.00125114
-0.000955629
-0.000576264
-0.000118684
0.000409929
0.00100074
0.00164322
0.00232497
0.00303241
0.00374824
0.00445294
0.00512364
0.00573412
0.00625503
0.00665536
0.00691569
0.00696178
-0.00213761
-0.00214703
-0.00201122
-0.00178242
-0.00145555
-0.00103439
-0.000524692
6.61468e-05
0.000729051
0.00145328
0.00222609
0.00303372
0.00385832
0.00467916
0.00547081
0.00620233
0.00683706
0.00733358
0.00766202
0.00772744
-0.00280773
-0.00282349
-0.00267469
-0.00242239
-0.00205985
-0.00159077
-0.0010211
-0.000358587
0.000387411
0.00120612
0.00208544
0.00300921
0.00396248
0.00492362
0.00586517
0.00675158
0.00753723
0.00816661
0.00859225
0.00869042
-0.00360269
-0.0036278
-0.00346526
-0.00318716
-0.00278456
-0.0022611
-0.00162317
-0.000879161
-3.89773e-05
0.000886397
0.00188496
0.00294308
0.00404579
0.00517303
0.00629744
0.00738025
0.00836625
0.00918192
0.00974921
0.00990673
-0.00454007
-0.00457886
-0.00440246
-0.00409648
-0.00364917
-0.00306417
-0.00234881
-0.00151273
-0.000566906
0.00047733
0.00160868
0.00281597
0.00408705
0.00540579
0.00674842
0.00807677
0.00932818
0.0104095
0.0111877
0.0114607
-0.00564157
-0.00569999
-0.00551078
-0.005175
-0.00467763
-0.00402239
-0.00321861
-0.00227839
-0.00121475
-3.99366e-05
0.00123562
0.00260353
0.00405739
0.00558884
0.00718347
0.00881147
0.0104096
0.0118756
0.0129743
0.0134854
-0.00693932
-0.00702309
-0.00682262
-0.0064545
-0.00589995
-0.00516253
-0.00425572
-0.00319624
-0.0020011
-0.000684661
0.000743123
0.00227741
0.0039198
0.00567438
0.00754442
0.0095226
0.0115597
0.0135872
0.0151831
0.0161953
-0.00843593
-0.00857462
-0.00837549
-0.00797574
-0.00735436
-0.00651652
-0.00548516
-0.00428556
-0.00294189
-0.00147276
0.000111209
0.00180796
0.00363165
0.0055996
0.00774259
0.0100987
0.0126599
0.0154962
0.017836
0.0199843
-0.0104211
-0.0104611
-0.0102527
-0.00980444
-0.00909437
-0.00812383
-0.00693328
-0.00556257
-0.00404702
-0.00241172
-0.000669377
0.00118246
0.00315781
0.00529753
0.00766472
0.0103737
0.0134741
0.0173979
0.0206835
0.0253195
-0.0121422
-0.0126981
-0.0125117
-0.0120399
-0.0112057
-0.0100376
-0.00862673
-0.00703651
-0.00531626
-0.00349922
-0.001606
0.000355108
0.00238588
0.00457526
0.00693697
0.00976287
0.0128778
0.0184124
0.0225536
0.0325251
-0.0166085
-0.0148085
-0.0149585
-0.0143075
-0.013392
-0.0120745
-0.0104636
-0.00864238
-0.00669193
-0.00467003
-0.00260573
-0.000491392
0.00170937
0.00410671
0.00649379
0.00937881
0.012565
0.0191929
0.0248778
0.0412369
-0.0174512
-0.0206144
-0.0200484
-0.0194024
-0.017795
-0.0155751
-0.0131782
-0.0107475
-0.00835563
-0.0060289
-0.00379097
-0.00165355
0.000301035
0.00206987
0.00335267
0.00566378
0.00518282
0.0148229
0.0125837
0.0511152
-0.0402712
-0.0183329
-0.0190616
-0.0184815
-0.0170027
-0.0151831
-0.0131404
-0.0109107
-0.00860386
-0.00630497
-0.00408096
-0.00189639
7.54757e-05
0.00220875
0.00382325
0.00702263
0.0105342
0.0256099
0.0520497
0.123027
1.62627e-05
2.20513e-05
0.000107805
0.000250163
0.000449163
0.000700747
0.000999501
0.00133885
0.001711
0.00210702
0.00251693
0.00292978
0.00333389
0.0037171
0.00406716
0.00437217
0.00462105
0.00480429
0.00491798
0.00493411
9.50668e-06
1.43183e-05
0.000100249
0.000242094
0.000440523
0.000691668
0.000990246
0.00132979
0.0017026
0.00209981
0.00251139
0.00292652
0.00333335
0.00371962
0.00407289
0.00438106
0.00463276
0.0048183
0.0049341
0.00494985
-7.75854e-05
-7.42053e-05
1.37718e-05
0.000159219
0.000363061
0.000621438
0.000929068
0.00127945
0.00166483
0.0020762
0.00250348
0.00293538
0.00335966
0.00376357
0.00413399
0.00445799
0.0047233
0.00491928
0.00504184
0.00505778
-0.000228218
-0.000225873
-0.000134146
1.7792e-05
0.000231185
0.000502187
0.000825483
0.00119451
0.00160136
0.00203683
0.00249044
0.00295061
0.00340436
0.00383804
0.00423744
0.00458828
0.00487677
0.00509065
0.0052249
0.00524266
-0.000447365
-0.000446148
-0.000348933
-0.000187507
3.97781e-05
0.000329078
0.000675021
0.00107092
0.00150869
0.00197882
0.0024704
0.00297129
0.00346763
0.00394453
0.00438626
0.00477658
0.00509943
0.00534006
0.00549191
0.00551295
-0.000740078
-0.000740333
-0.000635916
-0.000462032
-0.000216498
9.68472e-05
0.000472557
0.000903805
0.00138226
0.00189808
0.00243986
0.00299485
0.0035481
0.00408325
0.00458255
0.00502717
0.00539782
0.00567614
0.00585305
0.00587923
-0.00111271
-0.00111502
-0.00100176
-0.000812516
-0.000544396
-0.000201216
0.000211501
0.00068677
0.00121602
0.00178904
0.00239391
0.00301738
0.00364327
0.00425363
0.00482825
0.00534497
0.00578015
0.00611021
0.00632206
0.00635609
-0.00157334
-0.00157863
-0.001455
-0.00124761
-0.000952592
-0.000573728
-0.000116621
0.000411574
0.00100204
0.00164426
0.00232584
0.00303322
0.00374906
0.00445387
0.00512475
0.00573544
0.00625657
0.0066571
0.00691756
0.00696369
-0.00213194
-0.00214159
-0.00200624
-0.00177804
-0.00145186
-0.00103139
-0.00052235
6.79114e-05
0.000730341
0.0014542
0.00222676
0.0030343
0.00385888
0.00467991
0.00547182
0.00620366
0.00683875
0.00733561
0.0076643
0.00772983
-0.00280048
-0.00281657
-0.00266842
-0.00241697
-0.00205539
-0.00158727
-0.00101851
-0.000356787
0.00038856
0.00120678
0.0020858
0.00300938
0.00396265
0.00492398
0.00586589
0.00675275
0.00753894
0.00816888
0.00859496
0.00869335
-0.00359338
-0.00361896
-0.00345733
-0.00318044
-0.00277919
-0.00225707
-0.0016204
-0.000877472
-3.81772e-05
0.000886523
0.00188462
0.0029425
0.00404518
0.00517262
0.00629746
0.00738093
0.00836775
0.00918429
0.00975231
0.00991024
-0.00452806
-0.00456752
-0.00439244
-0.00408817
-0.00364275
-0.00305962
-0.00234598
-0.00151138
-0.000566747
0.000476569
0.00160728
0.00281419
0.00408516
0.0054041
0.00674724
0.00807644
0.00932903
0.0104116
0.011191
0.0114648
-0.00562605
-0.00568543
-0.00549811
-0.00516476
-0.00467003
-0.00401737
-0.00321592
-0.00227767
-0.00121563
-4.20458e-05
0.00123263
0.00259998
0.00405361
0.00558518
0.00718033
0.00880934
0.010409
0.0118768
0.0129774
0.0134899
-0.00691925
-0.00700443
-0.00680665
-0.00644193
-0.00589103
-0.00515714
-0.00425344
-0.00319657
-0.00200351
-0.000688679
0.000737931
0.00227142
0.00391337
0.00566789
0.00753832
0.00951757
0.0115566
0.0135868
0.0151854
0.0162001
-0.00841008
-0.0085508
-0.00835542
-0.00796039
-0.00734401
-0.00651089
-0.00548363
-0.0042874
-0.00294638
-0.0014793
0.000103146
0.00179881
0.00362179
0.00558941
0.0077324
0.0100894
0.0126525
0.0154925
0.017836
0.019989
-0.0103883
-0.010431
-0.0102277
-0.00978581
-0.00908243
-0.00811809
-0.00693282
-0.00556635
-0.00405411
-0.00242134
-0.000680907
0.00116961
0.00314402
0.0052833
0.00764965
0.0103588
0.0134611
0.017389
0.0206789
0.0253231
-0.012101
-0.0126605
-0.0124809
-0.0120174
-0.0111919
-0.0100318
-0.00862756
-0.00704254
-0.00532629
-0.00351232
-0.00162154
0.000337452
0.00236622
0.00455536
0.00691362
0.00973827
0.0128528
0.0183938
0.0225398
0.0325256
-0.0165574
-0.0147611
-0.01492
-0.0142798
-0.0133755
-0.0120683
-0.0104655
-0.0086506
-0.00670484
-0.00468649
-0.00262497
-0.000512522
0.00168927
0.00409557
0.00647159
0.00935215
0.0125372
0.0191662
0.0248619
0.0412315
-0.017396
-0.0205627
-0.0200045
-0.0193707
-0.0177768
-0.0155688
-0.0131813
-0.0107577
-0.00837105
-0.00604846
-0.00381432
-0.00168149
0.000265413
0.0020166
0.00330185
0.00561448
0.00512333
0.014755
0.0125595
0.0511084
-0.0402011
-0.0182656
-0.0190068
-0.0184425
-0.01698
-0.0151747
-0.0131433
-0.0109214
-0.00862017
-0.00632562
-0.00410551
-0.00192511
4.17172e-05
0.00216999
0.00378304
0.00698036
0.0104879
0.0255674
0.0520145
0.12302
1.71722e-05
2.29323e-05
0.000108634
0.000250928
0.00044986
0.000701379
0.00100008
0.00133938
0.0017115
0.00210751
0.00251741
0.00293027
0.00333439
0.00371762
0.0040677
0.00437272
0.0046216
0.00480483
0.00491851
0.00493464
1.04739e-05
1.52554e-05
0.000101131
0.000242907
0.000441263
0.000692337
0.000990854
0.00133035
0.00170313
0.00210031
0.00251189
0.00292702
0.00333386
0.00372015
0.00407344
0.00438161
0.00463332
0.00481886
0.00493464
0.00495038
-7.64908e-05
-7.3144e-05
1.4771e-05
0.000160139
0.000363894
0.000622188
0.000929742
0.00128007
0.0016654
0.00207674
0.002504
0.0029359
0.0033602
0.00376412
0.00413456
0.00445857
0.00472389
0.00491986
0.00504242
0.00505834
-0.000226926
-0.00022462
-0.000132967
1.88745e-05
0.000232161
0.000503057
0.000826256
0.0011952
0.00160198
0.0020374
0.00249099
0.00295116
0.00340492
0.00383862
0.00423804
0.0045889
0.00487741
0.00509128
0.00522554
0.00524329
-0.0004458
-0.00044463
-0.000347508
-0.000186204
4.09445e-05
0.000330106
0.00067592
0.00107171
0.00150939
0.00197945
0.00247099
0.00297187
0.00346821
0.00394514
0.0043869
0.00477726
0.00510013
0.00534077
0.00549263
0.00551367
-0.00073815
-0.000738465
-0.000634168
-0.000460443
-0.000215089
9.80716e-05
0.000473607
0.000904701
0.00138303
0.00189876
0.00244047
0.00299545
0.00354869
0.00408388
0.00458323
0.0050279
0.0053986
0.00567696
0.0058539
0.00588008
-0.0011103
-0.00111269
-0.000999592
-0.000810564
-0.000542688
-0.000199757
0.000212722
0.000687778
0.00121685
0.00178974
0.00239453
0.00301796
0.00364386
0.00425426
0.00482895
0.00534577
0.00578104
0.00611117
0.00632308
0.00635712
-0.00157032
-0.00157572
-0.0014523
-0.0012452
-0.000950519
-0.000571999
-0.000115219
0.000412684
0.00100291
0.00164494
0.0023264
0.00303372
0.00374957
0.00445445
0.00512543
0.00573627
0.00625755
0.00665821
0.00691878
0.00696495
-0.00212811
-0.00213792
-0.00200286
-0.00177507
-0.00144935
-0.00102936
-0.000520768
6.90918e-05
0.000731186
0.00145479
0.00222716
0.00303463
0.00385923
0.00468033
0.0054724
0.00620445
0.00683977
0.00733686
0.00766573
0.00773134
-0.00279561
-0.00281192
-0.00266418
-0.0024133
-0.00205236
-0.0015849
-0.00101676
-0.000355594
0.000389296
0.00120717
0.00208596
0.0030094
0.00396266
0.00492409
0.00586621
0.00675336
0.00753992
0.00817021
0.00859659
0.00869512
-0.00358717
-0.00361304
-0.00345201
-0.00317591
-0.00277556
-0.00225436
-0.00161853
-0.000876361
-3.76861e-05
0.000886537
0.00188431
0.00294199
0.00404463
0.00517218
0.00629729
0.00738116
0.00836849
0.00918558
0.00975407
0.00991226
-0.00452011
-0.00455998
-0.00438575
-0.0040826
-0.00363843
-0.00305655
-0.00234407
-0.00151048
-0.00056669
0.000475981
0.00160623
0.00281286
0.00408374
0.00540278
0.00674622
0.00807594
0.00932925
0.0104127
0.0111927
0.011467
-0.00561586
-0.00567583
-0.00548971
-0.00515792
-0.00466492
-0.00401397
-0.00321408
-0.00227719
-0.00121625
-4.35277e-05
0.00123053
0.00259747
0.00405092
0.00558254
0.00717799
0.00880762
0.0104082
0.0118772
0.0129789
0.0134921
-0.00690624
-0.00699224
-0.00679613
-0.00643356
-0.00588502
-0.00515343
-0.00425182
-0.00319672
-0.0020051
-0.000691392
0.00073439
0.00226732
0.00390896
0.00566342
0.00753408
0.00951394
0.011554
0.0135859
0.0151859
0.016202
-0.00839356
-0.00853543
-0.00834233
-0.00795022
-0.007337
-0.00650693
-0.00548238
-0.00428843
-0.00294925
-0.00148359
9.7794e-05
0.00179271
0.00361522
0.00558265
0.00772559
0.010083
0.0126473
0.0154894
0.0178349
0.0199902
-0.0103676
-0.0104119
-0.0102115
-0.00977352
-0.00907427
-0.00811389
-0.00693207
-0.00556847
-0.0040585
-0.0024275
-0.000688404
0.00116122
0.00313507
0.00527414
0.00763988
0.010349
0.0134523
0.0173824
0.0206751
0.0253232
-0.0120756
-0.012637
-0.0124612
-0.0120027
-0.0111825
-0.0100273
-0.00862735
-0.00704585
-0.00533236
-0.00352055
-0.00163146
0.00032617
0.00235383
0.00454316
0.00689908
0.00972276
0.0128371
0.0183815
0.0225311
0.0325235
-0.0165266
-0.0147321
-0.014896
-0.0142619
-0.0133642
-0.0120632
-0.0104657
-0.008655
-0.0067125
-0.00469667
-0.00263713
-0.000525945
0.00167674
0.00408997
0.00645768
0.00933492
0.0125189
0.0191486
0.0248524
0.0412264
-0.017363
-0.0205311
-0.0199771
-0.0193501
-0.0177639
-0.0155632
-0.0131817
-0.0107628
-0.00837997
-0.00606037
-0.00382893
-0.00169926
0.00024249
0.00198136
0.00326996
0.00558399
0.00508717
0.0147153
0.0125467
0.0511014
-0.0401606
-0.0182263
-0.0189739
-0.018418
-0.0169647
-0.0151679
-0.0131434
-0.0109267
-0.00862957
-0.00633819
-0.0041209
-0.00194344
1.99616e-05
0.00214478
0.00375739
0.0069533
0.0104583
0.0255392
0.0519921
0.123009
1.76458e-05
2.33927e-05
0.000109069
0.000251331
0.000450227
0.000701712
0.00100038
0.00133966
0.00171176
0.00210776
0.00251766
0.00293052
0.00333465
0.00371788
0.00406797
0.00437299
0.00462188
0.00480511
0.00491878
0.00493491
1.09751e-05
1.57425e-05
0.000101591
0.000243333
0.00044165
0.000692687
0.000991172
0.00133064
0.0017034
0.00210057
0.00251214
0.00292727
0.00333412
0.00372042
0.00407372
0.0043819
0.00463361
0.00481914
0.00493492
0.00495066
-7.59272e-05
-7.25961e-05
1.52883e-05
0.000160617
0.000364328
0.000622579
0.000930093
0.00128039
0.00166569
0.00207702
0.00250427
0.00293616
0.00336047
0.0037644
0.00413484
0.00445886
0.00472419
0.00492016
0.00504271
0.00505863
-0.000226265
-0.000223977
-0.000132361
1.94325e-05
0.000232665
0.000503507
0.000826656
0.00119555
0.00160231
0.0020377
0.00249128
0.00295144
0.0034052
0.00383891
0.00423834
0.00458921
0.00487772
0.0050916
0.00522586
0.00524361
-0.000445003
-0.000443856
-0.00034678
-0.000185536
4.1544e-05
0.000330636
0.000676382
0.00107211
0.00150974
0.00197977
0.00247129
0.00297216
0.0034685
0.00394544
0.00438722
0.00477759
0.00510048
0.00534113
0.005493
0.00551403
-0.000737172
-0.000737516
-0.000633278
-0.000459632
-0.000214368
9.86988e-05
0.000474144
0.000905158
0.00138343
0.0018991
0.00244078
0.00299574
0.00354899
0.00408419
0.00458357
0.00502827
0.00539899
0.00567738
0.00585433
0.00588051
-0.00110909
-0.00111151
-0.000998494
-0.000809572
-0.000541818
-0.000199014
0.000213343
0.00068829
0.00121727
0.00179009
0.00239483
0.00301824
0.00364414
0.00425456
0.0048293
0.00534615
0.00578147
0.00611164
0.00632358
0.00635764
-0.0015688
-0.00157424
-0.00145094
-0.00124398
-0.000949467
-0.000571121
-0.000114509
0.000413244
0.00100334
0.00164528
0.00232667
0.00303396
0.00374981
0.00445472
0.00512576
0.00573666
0.00625802
0.00665875
0.00691937
0.00696556
-0.00212619
-0.00213606
-0.00200116
-0.00177357
-0.00144808
-0.00102833
-0.000519969
6.96845e-05
0.000731606
0.00145507
0.00222734
0.00303478
0.00385938
0.00468052
0.00547266
0.00620481
0.00684025
0.00733745
0.00766641
0.00773206
-0.00279317
-0.00280958
-0.00266205
-0.00241145
-0.00205083
-0.00158371
-0.00101588
-0.000354998
0.000389658
0.00120735
0.00208601
0.00300938
0.00396264
0.00492411
0.00586633
0.00675363
0.00754036
0.00817083
0.00859734
0.00869595
-0.00358406
-0.00361007
-0.00344934
-0.00317364
-0.00277373
-0.00225299
-0.0016176
-0.000875807
-3.74507e-05
0.000886527
0.00188413
0.0029417
0.00404432
0.00517192
0.00629715
0.00738122
0.00836879
0.00918614
0.00975486
0.00991317
-0.00451615
-0.00455622
-0.0043824
-0.0040798
-0.00363625
-0.00305501
-0.00234311
-0.00151004
-0.000566672
0.000475668
0.00160569
0.00281216
0.00408299
0.00540207
0.00674565
0.00807562
0.00932925
0.010413
0.0111935
0.0114679
-0.00561082
-0.00567107
-0.00548553
-0.00515449
-0.00466234
-0.00401225
-0.00321315
-0.00227694
-0.00121657
-4.42856e-05
0.00122945
0.00259618
0.00404953
0.00558117
0.00717676
0.00880667
0.0104076
0.0118772
0.0129794
0.013493
-0.00689984
-0.00698624
-0.00679092
-0.00642939
-0.005882
-0.00515155
-0.00425098
-0.00319677
-0.00200589
-0.000692751
0.000732605
0.00226525
0.00390673
0.00566116
0.00753191
0.00951206
0.0115527
0.0135852
0.015186
0.0162026
-0.0083855
-0.00852791
-0.00833588
-0.00794516
-0.00733346
-0.00650489
-0.00548169
-0.00428888
-0.00295063
-0.0014857
9.51353e-05
0.00178968
0.00361195
0.00557928
0.00772219
0.0100798
0.0126447
0.0154876
0.0178341
0.0199904
-0.0103576
-0.0104026
-0.0102036
-0.00976742
-0.00907015
-0.00811169
-0.00693158
-0.00556941
-0.0040606
-0.0024305
-0.000692082
0.00115709
0.00313068
0.00526966
0.00763509
0.0103442
0.0134478
0.017379
0.020673
0.0253227
-0.0120634
-0.0126256
-0.0124516
-0.0119954
-0.0111776
-0.0100249
-0.00862706
-0.00704731
-0.00533522
-0.00352451
-0.00163628
0.000320683
0.00234786
0.00453741
0.00689212
0.00971524
0.0128295
0.0183755
0.0225268
0.032522
-0.0165121
-0.0147183
-0.0148845
-0.0142532
-0.0133585
-0.0120605
-0.0104655
-0.0086569
-0.00671607
-0.00470153
-0.002643
-0.000532447
0.00167074
0.00408776
0.00645098
0.00932645
0.0125099
0.01914
0.0248477
0.0412236
-0.0173474
-0.0205161
-0.019964
-0.01934
-0.0177574
-0.01556
-0.0131815
-0.0107651
-0.00838403
-0.00606599
-0.00383596
-0.00170789
0.000231251
0.00196375
0.00325453
0.00556939
0.00507011
0.014697
0.0125406
0.0510972
-0.040142
-0.018208
-0.0189584
-0.0184063
-0.0169571
-0.0151642
-0.0131431
-0.010929
-0.00863388
-0.00634413
-0.00412831
-0.00195236
9.2761e-06
0.00213231
0.00374483
0.00694009
0.0104438
0.0255254
0.051981
0.123002
1.76645e-05
2.34104e-05
0.000109085
0.000251344
0.000450238
0.00070172
0.00100039
0.00133966
0.00171177
0.00210777
0.00251767
0.00293053
0.00333465
0.00371789
0.00406797
0.00437299
0.00462188
0.00480511
0.00491879
0.00493491
1.09929e-05
1.57593e-05
0.000101606
0.000243345
0.00044166
0.000692696
0.000991179
0.00133065
0.0017034
0.00210058
0.00251215
0.00292728
0.00333413
0.00372042
0.00407372
0.0043819
0.00463361
0.00481914
0.00493492
0.00495066
-7.5911e-05
-7.25809e-05
1.53019e-05
0.000160628
0.000364338
0.000622587
0.000930101
0.00128039
0.0016657
0.00207702
0.00250427
0.00293617
0.00336047
0.0037644
0.00413484
0.00445886
0.00472419
0.00492016
0.00504271
0.00505863
-0.000226251
-0.000223964
-0.000132349
1.94434e-05
0.000232675
0.000503516
0.000826663
0.00119556
0.00160231
0.00203771
0.00249128
0.00295144
0.0034052
0.00383891
0.00423834
0.00458921
0.00487772
0.0050916
0.00522586
0.00524361
-0.000444992
-0.000443846
-0.00034677
-0.000185526
4.15533e-05
0.000330644
0.00067639
0.00107212
0.00150975
0.00197977
0.00247129
0.00297216
0.0034685
0.00394545
0.00438722
0.00477759
0.00510048
0.00534113
0.005493
0.00551403
-0.000737164
-0.000737508
-0.00063327
-0.000459623
-0.00021436
9.87065e-05
0.000474151
0.000905164
0.00138343
0.0018991
0.00244079
0.00299574
0.00354899
0.00408419
0.00458357
0.00502827
0.00539899
0.00567737
0.00585432
0.00588051
-0.00110908
-0.00111151
-0.000998488
-0.000809565
-0.000541811
-0.000199007
0.000213349
0.000688295
0.00121727
0.00179009
0.00239483
0.00301824
0.00364414
0.00425456
0.00482929
0.00534615
0.00578147
0.00611164
0.00632358
0.00635763
-0.00156879
-0.00157424
-0.00145093
-0.00124398
-0.000949462
-0.000571116
-0.000114504
0.000413248
0.00100335
0.00164528
0.00232667
0.00303396
0.00374981
0.00445472
0.00512576
0.00573666
0.00625802
0.00665875
0.00691937
0.00696556
-0.00212619
-0.00213606
-0.00200116
-0.00177357
-0.00144808
-0.00102833
-0.000519966
6.96874e-05
0.000731609
0.00145508
0.00222734
0.00303477
0.00385938
0.00468051
0.00547266
0.00620481
0.00684025
0.00733745
0.00766641
0.00773206
-0.00279317
-0.00280957
-0.00266205
-0.00241145
-0.00205083
-0.00158371
-0.00101588
-0.000354996
0.00038966
0.00120735
0.00208601
0.00300938
0.00396264
0.00492411
0.00586633
0.00675363
0.00754035
0.00817082
0.00859734
0.00869595
-0.00358406
-0.00361007
-0.00344934
-0.00317364
-0.00277373
-0.00225299
-0.0016176
-0.000875806
-3.74495e-05
0.000886527
0.00188413
0.0029417
0.00404431
0.00517192
0.00629715
0.00738122
0.00836879
0.00918614
0.00975486
0.00991317
-0.00451615
-0.00455622
-0.0043824
-0.0040798
-0.00363625
-0.00305501
-0.00234311
-0.00151004
-0.000566672
0.000475668
0.00160569
0.00281216
0.00408299
0.00540207
0.00674565
0.00807561
0.00932925
0.010413
0.0111935
0.0114679
-0.00561082
-0.00567107
-0.00548553
-0.00515449
-0.00466234
-0.00401225
-0.00321315
-0.00227694
-0.00121657
-4.42857e-05
0.00122945
0.00259619
0.00404953
0.00558117
0.00717676
0.00880667
0.0104076
0.0118772
0.0129794
0.013493
-0.00689984
-0.00698624
-0.00679092
-0.00642939
-0.005882
-0.00515155
-0.00425098
-0.00319677
-0.00200589
-0.000692751
0.000732606
0.00226525
0.00390674
0.00566116
0.00753191
0.00951205
0.0115527
0.0135852
0.015186
0.0162026
-0.0083855
-0.00852791
-0.00833588
-0.00794516
-0.00733347
-0.00650489
-0.00548169
-0.00428888
-0.00295063
-0.0014857
9.51378e-05
0.00178968
0.00361195
0.00557928
0.00772219
0.0100798
0.0126446
0.0154876
0.0178341
0.0199904
-0.0103576
-0.0104026
-0.0102036
-0.00976742
-0.00907015
-0.00811169
-0.00693158
-0.00556941
-0.0040606
-0.0024305
-0.000692079
0.00115709
0.00313068
0.00526966
0.00763508
0.0103442
0.0134478
0.017379
0.020673
0.0253227
-0.0120634
-0.0126256
-0.0124516
-0.0119954
-0.0111776
-0.0100249
-0.00862706
-0.00704731
-0.00533522
-0.00352451
-0.00163628
0.000320686
0.00234786
0.0045374
0.00689212
0.00971524
0.0128295
0.0183755
0.0225268
0.032522
-0.0165121
-0.0147183
-0.0148845
-0.0142532
-0.0133585
-0.0120605
-0.0104655
-0.0086569
-0.00671607
-0.00470153
-0.00264299
-0.000532445
0.00167074
0.00408776
0.00645098
0.00932646
0.0125099
0.01914
0.0248477
0.0412236
-0.0173474
-0.0205161
-0.019964
-0.01934
-0.0177574
-0.01556
-0.0131815
-0.0107651
-0.00838403
-0.00606599
-0.00383596
-0.00170789
0.000231252
0.00196375
0.00325453
0.00556939
0.00507011
0.014697
0.0125406
0.0510972
-0.040142
-0.018208
-0.0189584
-0.0184063
-0.0169571
-0.0151642
-0.0131431
-0.010929
-0.00863388
-0.00634413
-0.00412831
-0.00195236
9.27725e-06
0.00213231
0.00374483
0.00694009
0.0104438
0.0255254
0.051981
0.123002
1.72302e-05
2.2987e-05
0.000108683
0.00025097
0.000449894
0.000701406
0.0010001
0.0013394
0.00171152
0.00210753
0.00251743
0.00293028
0.0033344
0.00371763
0.0040677
0.00437272
0.0046216
0.00480484
0.00491852
0.00493464
1.05292e-05
1.53075e-05
0.000101178
0.000242947
0.000441295
0.000692363
0.000990875
0.00133037
0.00170314
0.00210033
0.0025119
0.00292703
0.00333387
0.00372015
0.00407344
0.00438162
0.00463333
0.00481886
0.00493465
0.00495039
-7.64406e-05
-7.30969e-05
1.48134e-05
0.000160176
0.000363926
0.000622214
0.000929764
0.00128009
0.00166541
0.00207675
0.00250401
0.0029359
0.0033602
0.00376412
0.00413456
0.00445857
0.00472389
0.00491986
0.00504242
0.00505834
-0.000226883
-0.000224579
-0.00013293
1.8908e-05
0.000232191
0.000503083
0.000826278
0.00119521
0.001602
0.00203742
0.002491
0.00295116
0.00340493
0.00383862
0.00423804
0.0045889
0.0048774
0.00509128
0.00522553
0.00524329
-0.000445765
-0.000444598
-0.000347477
-0.000186174
4.09722e-05
0.000330131
0.000675941
0.00107173
0.0015094
0.00197946
0.002471
0.00297187
0.00346821
0.00394514
0.0043869
0.00477725
0.00510012
0.00534077
0.00549263
0.00551366
-0.000738124
-0.00073844
-0.000634144
-0.000460418
-0.000215065
9.80941e-05
0.000473626
0.000904716
0.00138305
0.00189877
0.00244048
0.00299545
0.0035487
0.00408388
0.00458323
0.0050279
0.0053986
0.00567696
0.00585389
0.00588008
-0.00111028
-0.00111267
-0.000999573
-0.000810545
-0.000542668
-0.000199739
0.000212738
0.000687792
0.00121686
0.00178974
0.00239453
0.00301796
0.00364386
0.00425425
0.00482895
0.00534576
0.00578103
0.00611116
0.00632307
0.00635712
-0.00157031
-0.0015757
-0.00145229
-0.00124519
-0.000950505
-0.000571985
-0.000115207
0.000412695
0.00100292
0.00164495
0.0023264
0.00303372
0.00374957
0.00445444
0.00512543
0.00573626
0.00625754
0.0066582
0.00691877
0.00696494
-0.0021281
-0.00213791
-0.00200285
-0.00177506
-0.00144934
-0.00102935
-0.000520758
6.91003e-05
0.000731193
0.0014548
0.00222716
0.00303463
0.00385923
0.00468033
0.0054724
0.00620444
0.00683977
0.00733685
0.00766572
0.00773133
-0.00279561
-0.00281191
-0.00266418
-0.00241329
-0.00205235
-0.0015849
-0.00101676
-0.000355588
0.000389302
0.00120718
0.00208596
0.0030094
0.00396266
0.00492408
0.00586621
0.00675336
0.00753991
0.00817021
0.00859658
0.00869512
-0.00358716
-0.00361303
-0.00345201
-0.00317591
-0.00277556
-0.00225435
-0.00161853
-0.000876356
-3.76828e-05
0.000886539
0.00188431
0.00294199
0.00404463
0.00517218
0.00629729
0.00738116
0.00836848
0.00918558
0.00975407
0.00991226
-0.0045201
-0.00455998
-0.00438575
-0.0040826
-0.00363843
-0.00305655
-0.00234407
-0.00151048
-0.000566689
0.000475982
0.00160623
0.00281286
0.00408374
0.00540278
0.00674622
0.00807594
0.00932924
0.0104127
0.0111927
0.011467
-0.00561586
-0.00567583
-0.00548971
-0.00515792
-0.00466492
-0.00401397
-0.00321408
-0.00227719
-0.00121625
-4.35269e-05
0.00123053
0.00259748
0.00405092
0.00558254
0.00717799
0.00880762
0.0104082
0.0118772
0.0129789
0.0134921
-0.00690624
-0.00699224
-0.00679614
-0.00643356
-0.00588503
-0.00515343
-0.00425182
-0.00319672
-0.0020051
-0.00069139
0.000734393
0.00226733
0.00390897
0.00566343
0.00753408
0.00951394
0.011554
0.0135859
0.0151859
0.016202
-0.00839356
-0.00853543
-0.00834233
-0.00795022
-0.007337
-0.00650694
-0.00548239
-0.00428843
-0.00294925
-0.00148358
9.77998e-05
0.00179272
0.00361523
0.00558265
0.00772559
0.010083
0.0126473
0.0154893
0.0178349
0.0199902
-0.0103676
-0.0104119
-0.0102115
-0.00977352
-0.00907428
-0.00811389
-0.00693208
-0.00556847
-0.0040585
-0.0024275
-0.000688397
0.00116123
0.00313508
0.00527414
0.00763988
0.010349
0.0134522
0.0173824
0.0206751
0.0253232
-0.0120756
-0.012637
-0.0124612
-0.0120027
-0.0111825
-0.0100273
-0.00862736
-0.00704585
-0.00533236
-0.00352054
-0.00163145
0.000326177
0.00235383
0.00454316
0.00689908
0.00972276
0.0128371
0.0183815
0.0225311
0.0325235
-0.0165266
-0.0147321
-0.014896
-0.0142619
-0.0133642
-0.0120632
-0.0104657
-0.008655
-0.0067125
-0.00469667
-0.00263712
-0.000525939
0.00167674
0.00408998
0.00645769
0.00933492
0.0125189
0.0191486
0.0248524
0.0412264
-0.017363
-0.0205311
-0.0199771
-0.0193501
-0.0177639
-0.0155632
-0.0131817
-0.0107628
-0.00837997
-0.00606036
-0.00382892
-0.00169925
0.000242495
0.00198137
0.00326996
0.00558399
0.00508717
0.0147154
0.0125467
0.0511014
-0.0401606
-0.0182263
-0.0189739
-0.018418
-0.0169647
-0.0151679
-0.0131434
-0.0109267
-0.00862957
-0.00633818
-0.00412089
-0.00194343
1.99668e-05
0.00214479
0.00375739
0.00695331
0.0104583
0.0255392
0.0519921
0.123009
1.63666e-05
2.2149e-05
0.000107892
0.000250237
0.000449223
0.000700794
0.00099954
0.00133888
0.00171103
0.00210705
0.00251695
0.0029298
0.0033339
0.0037171
0.00406716
0.00437217
0.00462105
0.00480429
0.00491798
0.00493412
9.60528e-06
1.44111e-05
0.000100331
0.000242163
0.00044058
0.000691714
0.000990284
0.00132982
0.00170263
0.00209983
0.00251141
0.00292653
0.00333336
0.00371962
0.0040729
0.00438106
0.00463277
0.00481831
0.0049341
0.00494985
-7.74963e-05
-7.41215e-05
1.38469e-05
0.000159284
0.000363115
0.000621484
0.000929105
0.00127949
0.00166486
0.00207623
0.0025035
0.00293539
0.00335967
0.00376358
0.00413399
0.00445799
0.00472331
0.00491928
0.00504185
0.00505778
-0.000228142
-0.000225801
-0.000134081
1.78502e-05
0.000231236
0.000502231
0.000825519
0.00119454
0.00160138
0.00203684
0.00249045
0.00295062
0.00340437
0.00383805
0.00423744
0.00458828
0.00487677
0.00509064
0.0052249
0.00524266
-0.000447304
-0.00044609
-0.000348879
-0.000187457
3.98239e-05
0.000329118
0.000675054
0.00107095
0.00150871
0.00197883
0.00247041
0.0029713
0.00346763
0.00394454
0.00438626
0.00477658
0.00509942
0.00534005
0.0054919
0.00551294
-0.000740032
-0.000740288
-0.000635873
-0.00046199
-0.000216458
9.68827e-05
0.000472587
0.000903829
0.00138228
0.0018981
0.00243987
0.00299486
0.0035481
0.00408325
0.00458255
0.00502716
0.00539781
0.00567613
0.00585304
0.00587922
-0.00111267
-0.00111498
-0.00100172
-0.000812483
-0.000544365
-0.000201186
0.000211527
0.000686791
0.00121603
0.00178905
0.00239392
0.00301739
0.00364327
0.00425362
0.00482824
0.00534496
0.00578015
0.0061102
0.00632205
0.00635608
-0.00157332
-0.00157861
-0.00145498
-0.00124758
-0.000952567
-0.000573705
-0.000116601
0.000411591
0.00100206
0.00164427
0.00232585
0.00303322
0.00374906
0.00445387
0.00512474
0.00573543
0.00625656
0.00665709
0.00691755
0.00696369
-0.00213192
-0.00214157
-0.00200622
-0.00177802
-0.00145184
-0.00103138
-0.000522335
6.79244e-05
0.000730351
0.00145421
0.00222677
0.0030343
0.00385887
0.0046799
0.00547181
0.00620365
0.00683874
0.0073356
0.00766429
0.00772982
-0.00280047
-0.00281656
-0.0026684
-0.00241696
-0.00205537
-0.00158726
-0.0010185
-0.000356778
0.000388568
0.00120679
0.0020858
0.00300938
0.00396265
0.00492397
0.00586588
0.00675274
0.00753893
0.00816887
0.00859495
0.00869334
-0.00359337
-0.00361895
-0.00345733
-0.00318044
-0.00277918
-0.00225707
-0.00162039
-0.000877466
-3.81716e-05
0.000886526
0.00188462
0.00294249
0.00404517
0.00517261
0.00629746
0.00738092
0.00836774
0.00918428
0.00975231
0.00991023
-0.00452806
-0.00456752
-0.00439244
-0.00408817
-0.00364275
-0.00305962
-0.00234597
-0.00151137
-0.000566744
0.000476572
0.00160728
0.00281419
0.00408516
0.0054041
0.00674724
0.00807643
0.00932903
0.0104116
0.011191
0.0114648
-0.00562605
-0.00568543
-0.00549811
-0.00516476
-0.00467004
-0.00401737
-0.00321592
-0.00227767
-0.00121563
-4.20436e-05
0.00123263
0.00259999
0.00405361
0.00558518
0.00718033
0.00880934
0.010409
0.0118768
0.0129774
0.0134899
-0.00691925
-0.00700443
-0.00680665
-0.00644193
-0.00589104
-0.00515714
-0.00425344
-0.00319657
-0.00200351
-0.000688677
0.000737935
0.00227142
0.00391338
0.00566789
0.00753832
0.00951756
0.0115566
0.0135868
0.0151854
0.0162001
-0.00841008
-0.0085508
-0.00835543
-0.0079604
-0.00734402
-0.0065109
-0.00548363
-0.0042874
-0.00294638
-0.0014793
0.000103154
0.00179882
0.0036218
0.00558942
0.0077324
0.0100894
0.0126525
0.0154925
0.017836
0.019989
-0.0103883
-0.010431
-0.0102277
-0.00978582
-0.00908243
-0.0081181
-0.00693283
-0.00556635
-0.00405411
-0.00242133
-0.000680897
0.00116962
0.00314403
0.00528331
0.00764966
0.0103588
0.0134611
0.017389
0.0206789
0.0253231
-0.012101
-0.0126605
-0.0124809
-0.0120175
-0.0111919
-0.0100318
-0.00862756
-0.00704254
-0.00532629
-0.00351231
-0.00162153
0.000337464
0.00236623
0.00455536
0.00691362
0.00973828
0.0128528
0.0183938
0.0225398
0.0325256
-0.0165574
-0.0147611
-0.01492
-0.0142798
-0.0133755
-0.0120683
-0.0104655
-0.0086506
-0.00670483
-0.00468648
-0.00262496
-0.000512512
0.00168928
0.00409558
0.00647159
0.00935216
0.0125372
0.0191662
0.0248619
0.0412315
-0.017396
-0.0205627
-0.0200045
-0.0193707
-0.0177768
-0.0155688
-0.0131813
-0.0107577
-0.00837105
-0.00604846
-0.00381431
-0.00168148
0.000265424
0.0020166
0.00330186
0.00561448
0.00512334
0.0147551
0.0125595
0.0511084
-0.0402011
-0.0182656
-0.0190068
-0.0184425
-0.01698
-0.0151747
-0.0131433
-0.0109214
-0.00862018
-0.00632562
-0.0041055
-0.0019251
4.17278e-05
0.00217
0.00378305
0.00698036
0.010488
0.0255674
0.0520145
0.12302
1.51187e-05
2.09491e-05
0.000106768
0.000249204
0.000448285
0.000699943
0.000998761
0.00133815
0.00171033
0.00210637
0.00251626
0.00292909
0.00333316
0.00371633
0.00406636
0.00437135
0.00462022
0.00480348
0.0049172
0.00493336
8.25967e-06
1.31161e-05
9.91173e-05
0.000241049
0.000439569
0.000690799
0.000989452
0.00132905
0.0017019
0.00209913
0.0025107
0.00292581
0.00333261
0.00371884
0.00407209
0.00438023
0.00463194
0.00481749
0.00493331
0.00494909
-7.90433e-05
-7.56124e-05
1.2449e-05
0.000158002
0.000361956
0.000620443
0.000928168
0.00127863
0.00166406
0.00207547
0.00250275
0.00293463
0.00335889
0.00376277
0.00413316
0.00445713
0.00472244
0.00491843
0.00504102
0.00505698
-0.000229995
-0.000227588
-0.000135755
1.6318e-05
0.000229858
0.000501004
0.000824429
0.00119356
0.00160049
0.00203601
0.00248965
0.00294982
0.00340355
0.00383719
0.00423656
0.00458737
0.00487584
0.00508972
0.00522399
0.00524178
-0.000449574
-0.00044828
-0.000350927
-0.000189324
3.81565e-05
0.00032765
0.000673769
0.00106982
0.00150771
0.00197792
0.00246955
0.00297045
0.00346676
0.00394363
0.0043853
0.00477558
0.00509838
0.005339
0.00549085
0.00551191
-0.000742849
-0.000743006
-0.000638407
-0.000464287
-0.000218491
9.51167e-05
0.00047107
0.00090253
0.00138116
0.0018971
0.00243895
0.00299397
0.00354719
0.00408229
0.00458151
0.00502605
0.00539662
0.00567489
0.00585178
0.00587798
-0.0011162
-0.00111838
-0.00100488
-0.000815323
-0.000546847
-0.000203305
0.00020975
0.000685314
0.0012148
0.001788
0.00239299
0.0030165
0.00364236
0.00425264
0.00482714
0.00534373
0.00577878
0.00610873
0.00632052
0.00635454
-0.00157778
-0.00158289
-0.00145893
-0.0012511
-0.000955596
-0.000576234
-0.000118658
0.00040995
0.00100076
0.00164323
0.00232498
0.00303241
0.00374823
0.00445293
0.00512363
0.00573411
0.00625502
0.00665535
0.00691567
0.00696177
-0.00213758
-0.002147
-0.00201119
-0.00178239
-0.00145553
-0.00103437
-0.000524672
6.61633e-05
0.000729065
0.00145329
0.00222609
0.00303372
0.00385832
0.00467915
0.0054708
0.00620232
0.00683705
0.00733357
0.00766201
0.00772743
-0.00280771
-0.00282348
-0.00267467
-0.00242237
-0.00205984
-0.00159075
-0.00102109
-0.000358574
0.000387422
0.00120613
0.00208544
0.00300921
0.00396248
0.00492362
0.00586516
0.00675157
0.00753722
0.0081666
0.00859224
0.00869041
-0.00360268
-0.00362779
-0.00346524
-0.00318715
-0.00278455
-0.00226109
-0.00162316
-0.000879152
-3.89691e-05
0.000886403
0.00188496
0.00294308
0.00404579
0.00517302
0.00629743
0.00738024
0.00836624
0.00918191
0.0097492
0.00990672
-0.00454007
-0.00457885
-0.00440245
-0.00409648
-0.00364917
-0.00306417
-0.0023488
-0.00151273
-0.0005669
0.000477335
0.00160869
0.00281597
0.00408705
0.00540579
0.00674842
0.00807676
0.00932817
0.0104095
0.0111877
0.0114607
-0.00564157
-0.00569998
-0.00551078
-0.00517501
-0.00467764
-0.00402239
-0.00321861
-0.00227838
-0.00121474
-3.99329e-05
0.00123563
0.00260354
0.0040574
0.00558885
0.00718347
0.00881147
0.0104096
0.0118756
0.0129742
0.0134854
-0.00693932
-0.00702309
-0.00682263
-0.00645451
-0.00589995
-0.00516254
-0.00425572
-0.00319623
-0.00200109
-0.000684658
0.000743128
0.00227741
0.00391981
0.00567438
0.00754442
0.0095226
0.0115597
0.0135872
0.0151831
0.0161953
-0.00843594
-0.00857463
-0.00837549
-0.00797575
-0.00735437
-0.00651653
-0.00548516
-0.00428556
-0.00294189
-0.00147276
0.000111218
0.00180797
0.00363166
0.0055996
0.00774259
0.0100987
0.0126599
0.0154962
0.017836
0.0199843
-0.0104211
-0.0104611
-0.0102527
-0.00980445
-0.00909438
-0.00812383
-0.00693329
-0.00556257
-0.00404702
-0.00241172
-0.000669365
0.00118248
0.00315782
0.00529754
0.00766473
0.0103737
0.0134741
0.0173979
0.0206835
0.0253195
-0.0121422
-0.0126981
-0.0125117
-0.01204
-0.0112057
-0.0100376
-0.00862674
-0.00703652
-0.00531626
-0.00349921
-0.00160599
0.000355123
0.0023859
0.00457527
0.00693698
0.00976288
0.0128778
0.0184124
0.0225536
0.0325251
-0.0166085
-0.0148085
-0.0149585
-0.0143076
-0.013392
-0.0120746
-0.0104636
-0.00864238
-0.00669192
-0.00467002
-0.00260572
-0.000491377
0.00170938
0.00410673
0.0064938
0.00937883
0.012565
0.0191929
0.0248778
0.0412369
-0.0174512
-0.0206144
-0.0200484
-0.0194024
-0.017795
-0.0155751
-0.0131782
-0.0107475
-0.00835562
-0.0060289
-0.00379096
-0.00165353
0.000301049
0.00206988
0.00335268
0.00566379
0.00518282
0.0148229
0.0125837
0.0511152
-0.0402712
-0.018333
-0.0190616
-0.0184815
-0.0170027
-0.0151831
-0.0131404
-0.0109107
-0.00860386
-0.00630496
-0.00408094
-0.00189637
7.54895e-05
0.00220877
0.00382326
0.00702264
0.0105342
0.0256099
0.0520497
0.123027
1.35513e-05
1.94684e-05
0.000105398
0.000247963
0.000447169
0.000698936
0.000997839
0.00133729
0.00170949
0.00210553
0.00251539
0.00292817
0.00333219
0.0037153
0.00406528
0.00437024
0.00461912
0.00480241
0.00491617
0.00493241
6.54116e-06
1.14882e-05
9.76091e-05
0.000239681
0.00043834
0.000689695
0.000988449
0.00132812
0.00170101
0.00209825
0.00250981
0.00292488
0.00333163
0.00371782
0.00407102
0.00437914
0.00463085
0.00481644
0.0049323
0.00494815
-8.10406e-05
-7.751e-05
1.06878e-05
0.000156404
0.000360524
0.000619162
0.000927017
0.00127758
0.00166308
0.00207452
0.0025018
0.00293366
0.00335789
0.00376171
0.00413206
0.00445601
0.00472132
0.00491733
0.00503997
0.005056
-0.000232405
-0.000229884
-0.000137888
1.43834e-05
0.00022813
0.00049947
0.000823067
0.00119234
0.00159937
0.00203496
0.00248862
0.00294878
0.00340248
0.00383608
0.00423539
0.00458617
0.00487463
0.00508853
0.00522284
0.0052407
-0.000452535
-0.000451106
-0.000353553
-0.000191701
3.6044e-05
0.000325794
0.000672144
0.00106839
0.00150643
0.00197674
0.00246842
0.00296933
0.00346562
0.00394243
0.00438404
0.00477425
0.00509702
0.00533764
0.00548952
0.00551065
-0.00074653
-0.000746522
-0.000641669
-0.000467228
-0.000221084
9.28663e-05
0.000469135
0.000900864
0.00137971
0.0018958
0.00243774
0.00299278
0.00354597
0.00408099
0.00458012
0.00502455
0.00539504
0.00567328
0.00585016
0.00587642
-0.00112082
-0.00112279
-0.00100896
-0.000818974
-0.000550031
-0.000206025
0.000207461
0.000683399
0.00121319
0.0017866
0.00239172
0.00301527
0.0036411
0.00425126
0.00482562
0.00534203
0.00577692
0.00610676
0.0063185
0.00635256
-0.00158361
-0.00158846
-0.00146405
-0.00125564
-0.000959499
-0.000579498
-0.000121328
0.000407798
0.000999024
0.00164181
0.00232375
0.00303124
0.00374701
0.00445156
0.00512202
0.00573222
0.00625284
0.00665293
0.00691311
0.0069592
-0.00214503
-0.00215409
-0.00201765
-0.00178805
-0.0014603
-0.00103825
-0.00052773
6.38242e-05
0.00072731
0.00145197
0.00222507
0.00303278
0.00385729
0.00467794
0.00546926
0.00620032
0.00683456
0.00733064
0.00765876
0.00772411
-0.00281727
-0.00283255
-0.00268286
-0.00242943
-0.00206564
-0.00159531
-0.0010245
-0.000360991
0.000385812
0.00120512
0.00208481
0.00300876
0.00396197
0.00492286
0.00586399
0.00674967
0.00753453
0.00816315
0.00858819
0.00868611
-0.00361506
-0.00363947
-0.00347566
-0.00319595
-0.00279157
-0.00226636
-0.00162683
-0.00088145
-4.01593e-05
0.000886044
0.00188514
0.00294353
0.00404622
0.00517313
0.00629695
0.00737884
0.00836364
0.00917805
0.00974428
0.00990123
-0.00455619
-0.00459396
-0.00441572
-0.00410742
-0.00365759
-0.00307012
-0.00235254
-0.00151459
-0.00056726
0.000478096
0.00161021
0.00281793
0.00408908
0.00540751
0.00674939
0.00807652
0.0093263
0.0104055
0.0111819
0.0114538
-0.00566268
-0.00571961
-0.00552771
-0.00518857
-0.00468761
-0.00402893
-0.00322211
-0.00227935
-0.00121371
-3.73898e-05
0.00123923
0.0026078
0.00406191
0.00559314
0.00718698
0.00881347
0.0104093
0.0118722
0.0129681
0.013477
-0.00696705
-0.00704861
-0.00684422
-0.00647124
-0.00591161
-0.00516943
-0.00425851
-0.00319567
-0.0019979
-0.000679493
0.000749731
0.00228499
0.00392793
0.00568253
0.00755196
0.00952852
0.0115628
0.013586
0.0151775
0.0161852
-0.0084724
-0.00860776
-0.00840295
-0.00799628
-0.0073678
-0.00652347
-0.00548663
-0.00428265
-0.00293564
-0.00146399
0.000121869
0.00182001
0.00364466
0.00561308
0.00775604
0.0101108
0.0126688
0.0154992
0.0178331
0.0199727
-0.0104685
-0.0105038
-0.0102875
-0.00982946
-0.00910966
-0.00813043
-0.00693275
-0.00555648
-0.00403677
-0.00239837
-0.000653645
0.00119999
0.00317663
0.0053172
0.00768552
0.0103939
0.0134913
0.0174081
0.0206873
0.0253077
-0.0122032
-0.0127524
-0.0125552
-0.0120703
-0.011223
-0.0100435
-0.00862361
-0.00702654
-0.00530126
-0.00348047
-0.00158423
0.000379702
0.00241387
0.00460464
0.00697112
0.00979838
0.0129134
0.0184368
0.0225744
0.032518
-0.0166869
-0.0148797
-0.0150145
-0.0143459
-0.0134131
-0.0120808
-0.0104581
-0.00862841
-0.00667207
-0.00464591
-0.00257828
-0.00046145
0.00173856
0.00412641
0.0065263
0.00941612
0.0126017
0.0192254
0.0249072
0.0412426
-0.0175371
-0.0206915
-0.0201121
-0.0194454
-0.0178168
-0.0155797
-0.0131694
-0.0107294
-0.00833095
-0.00599953
-0.0037571
-0.00161381
0.000351104
0.00214262
0.00342662
0.00573636
0.00526664
0.0149141
0.0126437
0.0511221
-0.0403852
-0.0184397
-0.0191454
-0.0185373
-0.0170317
-0.0151908
-0.0131331
-0.0108922
-0.00857812
-0.0062741
-0.00404547
-0.0018557
0.000122974
0.00226307
0.00388128
0.0070832
0.0105975
0.0256615
0.0520987
0.123006
1.17523e-05
1.7845e-05
0.000103941
0.000246683
0.000446044
0.000697931
0.000996912
0.0013364
0.0017086
0.0021046
0.0025144
0.00292709
0.00333101
0.00371402
0.00406392
0.00436883
0.00461771
0.00480106
0.00491491
0.0049313
4.49403e-06
9.61785e-06
9.59142e-05
0.00023818
0.000437016
0.000688517
0.000987378
0.00132712
0.00170004
0.00209727
0.00250879
0.0029238
0.00333047
0.00371657
0.0040697
0.00437778
0.00462951
0.00481516
0.00493113
0.00494714
-8.34608e-05
-7.97382e-05
8.65552e-06
0.000154593
0.000358924
0.000617744
0.000925744
0.00127641
0.00166198
0.00207344
0.00250071
0.00293252
0.00335668
0.00376043
0.00413072
0.00445463
0.00471996
0.00491604
0.00503878
0.005055
-0.000235351
-0.000232616
-0.000140392
1.21447e-05
0.000226151
0.000497726
0.000821521
0.00119095
0.00159809
0.00203374
0.00248742
0.00294755
0.0034012
0.00383472
0.00423397
0.00458471
0.00487318
0.00508714
0.00522156
0.00523961
-0.000456164
-0.000454491
-0.000356663
-0.000194485
3.3589e-05
0.000323645
0.000670264
0.00106673
0.00150493
0.00197535
0.00246708
0.00296798
0.00346421
0.00394095
0.00438247
0.00477262
0.00509538
0.00533604
0.00548802
0.00550936
-0.000751038
-0.000750745
-0.000645551
-0.000470697
-0.000224126
9.02304e-05
0.000466862
0.000898895
0.00137797
0.00189422
0.00243624
0.00299129
0.00354443
0.00407935
0.00457835
0.00502267
0.00539309
0.00567133
0.00584829
0.00587476
-0.00112647
-0.0011281
-0.00101383
-0.000823304
-0.000553794
-0.00020924
0.000204741
0.000681099
0.00121122
0.00178486
0.00239011
0.00301368
0.00363944
0.00424946
0.00482362
0.00533983
0.00577455
0.00610431
0.00631606
0.00635034
-0.00159076
-0.00159518
-0.00147019
-0.00126106
-0.000964145
-0.000583393
-0.000124538
0.000405171
0.000996861
0.00163997
0.00232211
0.00302964
0.00374532
0.00444965
0.00511982
0.00572966
0.00624995
0.00664982
0.00690989
0.00695618
-0.00215416
-0.00216267
-0.00202544
-0.00179484
-0.00146602
-0.00104292
-0.000531448
6.09201e-05
0.000725053
0.00145018
0.00222358
0.00303133
0.00385572
0.00467607
0.00546693
0.00619744
0.0068311
0.00732669
0.00765449
0.00771994
-0.00282906
-0.00284359
-0.00269278
-0.00243795
-0.00207264
-0.00160084
-0.00102869
-0.000364054
0.000383642
0.00120359
0.00208365
0.00300775
0.00396084
0.0049213
0.00586177
0.00674662
0.00753051
0.00815822
0.00858255
0.00868036
-0.00363042
-0.00365379
-0.00348836
-0.00320663
-0.00280009
-0.00227279
-0.00163139
-0.000884439
-4.19207e-05
0.000885167
0.00188482
0.00294344
0.004046
0.00517232
0.00629539
0.00737602
0.00835929
0.00917208
0.00973698
0.00989335
-0.00457642
-0.0046127
-0.00443207
-0.0041208
-0.00366783
-0.00307739
-0.00235721
-0.0015171
-0.000568099
0.000478481
0.0016114
0.00281953
0.00409065
0.00540855
0.00674934
0.00807476
0.00932218
0.0103987
0.0111728
0.0114431
-0.00568959
-0.00574428
-0.00554879
-0.00520527
-0.00469976
-0.00403686
-0.00322642
-0.00228074
-0.00121284
-3.48509e-05
0.00124291
0.00261216
0.00406643
0.00559725
0.00718991
0.00881422
0.0104068
0.0118653
0.012957
0.0134624
-0.00700316
-0.00708128
-0.00687145
-0.00649197
-0.00592574
-0.00517762
-0.00426172
-0.00319496
-0.00199422
-0.000673616
0.000757166
0.00229348
0.00393699
0.00569155
0.00756005
0.00953423
0.0115642
0.0135807
0.0151656
0.0161656
-0.00852125
-0.00865112
-0.00843811
-0.0080218
-0.00738383
-0.00653117
-0.00548762
-0.00427851
-0.00292771
-0.0014533
0.000134628
0.00183436
0.00366021
0.00562932
0.00777227
0.0101252
0.0126783
0.0154991
0.0178235
0.0199464
-0.0105339
-0.0105611
-0.0103327
-0.00986057
-0.00912726
-0.00813657
-0.00693004
-0.0055473
-0.00402298
-0.00238123
-0.000633917
0.00122183
0.0032003
0.00534241
0.00771245
0.0104201
0.0135126
0.0174175
0.0206876
0.0252752
-0.0122912
-0.0128273
-0.0126127
-0.0121077
-0.0112414
-0.0100467
-0.00861557
-0.00701066
-0.00527998
-0.00345532
-0.00155582
0.000411651
0.00245097
0.00464533
0.00701907
0.00984892
0.0129646
0.0184674
0.0226086
0.0324886
-0.0168061
-0.0149837
-0.0150925
-0.0143952
-0.0134355
-0.012082
-0.0104445
-0.0086051
-0.00664262
-0.00461234
-0.00254135
-0.000421521
0.0017787
0.00415862
0.00657365
0.0094696
0.0126507
0.0192538
0.0249803
0.0412385
-0.0176733
-0.0208023
-0.0201986
-0.0194951
-0.0178332
-0.015572
-0.0131458
-0.0106962
-0.00829208
-0.00595677
-0.00371015
-0.00156009
0.00041827
0.00223846
0.00353267
0.00584489
0.00537556
0.0149368
0.0129014
0.0511212
-0.0405773
-0.0186111
-0.019272
-0.0186128
-0.0170628
-0.0151889
-0.0131111
-0.0108585
-0.00853761
-0.00622927
-0.00399629
-0.00180071
0.000187241
0.00233715
0.00396517
0.00717144
0.0106837
0.0257027
0.0521761
0.122863
9.8146e-06
1.62334e-05
0.000102543
0.000245503
0.000445034
0.000697037
0.000996083
0.00133558
0.00170775
0.00210366
0.00251334
0.00292587
0.00332962
0.00371246
0.00406222
0.00436705
0.00461593
0.00479938
0.00491338
0.0049301
2.12261e-06
7.60303e-06
9.41411e-05
0.000236661
0.000435706
0.000687365
0.000986335
0.00132614
0.00169907
0.00209626
0.00250771
0.0029226
0.00332915
0.00371512
0.00406815
0.00437618
0.00462792
0.0048137
0.00492982
0.00494616
-8.63151e-05
-8.22074e-05
6.45677e-06
0.000152686
0.000357269
0.000616294
0.000924448
0.00127522
0.00166084
0.0020723
0.00249953
0.00293127
0.00335533
0.00375897
0.00412916
0.00445303
0.00471839
0.0049146
0.00503751
0.00505406
-0.000238855
-0.000235697
-0.000143161
9.72097e-06
0.000224039
0.000495881
0.000819892
0.00118948
0.00159673
0.00203242
0.0024861
0.00294618
0.00339975
0.00383318
0.00423234
0.00458302
0.00487152
0.00508561
0.00522021
0.00523863
-0.00046048
-0.000458332
-0.000360137
-0.000197542
3.09222e-05
0.000321324
0.000668235
0.00106493
0.00150329
0.0019738
0.00246556
0.00296644
0.0034626
0.00393923
0.00438065
0.00477073
0.00509349
0.00533427
0.00548643
0.00550816
-0.000756385
-0.000755544
-0.000649907
-0.000474536
-0.000227469
8.73402e-05
0.000464363
0.000896712
0.00137602
0.00189242
0.00243451
0.00298955
0.0035426
0.0040774
0.00457625
0.00502043
0.00539081
0.00566913
0.00584625
0.00587315
-0.00113315
-0.00113413
-0.00101931
-0.000828126
-0.000557966
-0.00021281
0.000201701
0.000678495
0.00120894
0.0017828
0.00238815
0.00301173
0.00363739
0.00424723
0.00482116
0.00533713
0.0057717
0.00610146
0.00631331
0.00634806
-0.00159919
-0.00160283
-0.00147712
-0.00126713
-0.000969339
-0.000587766
-0.000128183
0.000402135
0.000994291
0.00163772
0.00232001
0.00302756
0.0037431
0.00444717
0.00511696
0.0057264
0.00624635
0.00664605
0.0069061
0.00695289
-0.00216492
-0.00217246
-0.00203427
-0.00180249
-0.00147246
-0.00104823
-0.000535736
5.74839e-05
0.000722282
0.00144788
0.00222156
0.00302931
0.00385351
0.00467347
0.00546375
0.00619358
0.00682657
0.00732168
0.00764922
0.00771513
-0.00284298
-0.00285626
-0.00270411
-0.00244762
-0.00208061
-0.00160719
-0.00103361
-0.000367777
0.000380853
0.00120146
0.00208188
0.00300607
0.00395895
0.00491892
0.0058585
0.00674226
0.00752496
0.00815163
0.00857524
0.00867329
-0.00364868
-0.00367038
-0.003503
-0.00321886
-0.00280985
-0.00228024
-0.00163681
-0.000888186
-4.43624e-05
0.000883655
0.00188385
0.00294269
0.00404508
0.00517099
0.00629259
0.00737155
0.00835283
0.00916363
0.00972696
0.00988302
-0.00460073
-0.00463466
-0.00445109
-0.00413626
-0.00367967
-0.00308589
-0.00236283
-0.00152038
-0.000569565
0.000478307
0.00161202
0.00282049
0.00409146
0.00540876
0.00674799
0.00807107
0.00931538
0.0103883
0.0111593
0.0114279
-0.00572246
-0.00577367
-0.00557365
-0.00522474
-0.00471385
-0.00404611
-0.00323161
-0.00228269
-0.00121237
-3.27049e-05
0.00124615
0.00261599
0.0040703
0.00560051
0.00719164
0.0088131
0.0104012
0.0118536
0.0129397
0.0134401
-0.00704829
-0.007121
-0.00690405
-0.00651631
-0.00594206
-0.00518694
-0.00426537
-0.00319427
-0.00199042
-0.000667654
0.000764624
0.00230192
0.00394593
0.00570034
0.00756764
0.00953877
0.0115631
0.0135698
0.015145
0.0161328
-0.00858433
-0.00870523
-0.00848096
-0.00805187
-0.00740194
-0.00653929
-0.00548796
-0.00427324
-0.00291853
-0.0014414
0.000148501
0.00184981
0.00367701
0.00564707
0.00779014
0.0101407
0.0126873
0.0154936
0.0178036
0.0198988
-0.0106213
-0.0106346
-0.0103889
-0.00989714
-0.00914622
-0.00814148
-0.00692451
-0.00553472
-0.00400576
-0.00236085
-0.000611104
0.0012467
0.00322762
0.00537224
0.00774504
0.0104523
0.0135384
0.0174241
0.0206799
0.0252107
-0.0124144
-0.0129259
-0.0126852
-0.012151
-0.0112594
-0.0100455
-0.0086009
-0.00698748
-0.00525165
-0.0034236
-0.00152104
0.000450565
0.00249678
0.00469796
0.00708313
0.00991926
0.0130381
0.0185061
0.0226534
0.0324217
-0.0169812
-0.0151306
-0.0151979
-0.0144561
-0.0134586
-0.0120768
-0.0104203
-0.00856987
-0.00660143
-0.00456787
-0.00249412
-0.000370936
0.00183139
0.0042077
0.00664256
0.00955061
0.012728
0.0192791
0.0251048
0.0412106
-0.0178886
-0.020956
-0.0203109
-0.0195492
-0.0178387
-0.0155456
-0.0131009
-0.010642
-0.00823411
-0.00589702
-0.00364747
-0.00149027
0.000504877
0.00236108
0.00368057
0.00601177
0.00552424
0.0147759
0.0135298
0.0510866
-0.0408825
-0.0188672
-0.0194501
-0.0187044
-0.0170889
-0.0151758
-0.0130721
-0.0108063
-0.00847955
-0.00616836
-0.0039316
-0.00172952
0.000272115
0.00243826
0.00409044
0.0073123
0.010818
0.0257228
0.0521982
0.122441
7.88712e-06
1.52015e-05
0.000101852
0.0002451
0.000444785
0.000696833
0.000995836
0.00133522
0.0017072
0.00210287
0.00251226
0.00292449
0.00332791
0.00371044
0.00405992
0.00436456
0.00461339
0.00479698
0.00491126
0.00492889
-7.70383e-07
5.58715e-06
9.24954e-05
0.000235368
0.00043466
0.000686476
0.000985529
0.00132535
0.00169823
0.00209533
0.00250663
0.00292135
0.0033277
0.00371347
0.00406633
0.00437425
0.00462602
0.00481199
0.00492843
0.00494576
-8.98978e-05
-8.48519e-05
4.22417e-06
0.000150854
0.000355738
0.000614981
0.000923284
0.00127414
0.00165978
0.00207121
0.00249835
0.00292997
0.00335387
0.00375735
0.0041274
0.0044512
0.0047166
0.00491304
0.00503629
0.00505393
-0.000243261
-0.000239091
-0.000146093
7.25636e-06
0.000221945
0.000494077
0.000818308
0.00118805
0.00159538
0.0020311
0.00248474
0.00294475
0.00339819
0.00383148
0.00423052
0.00458114
0.00486969
0.00508405
0.00521901
0.00523863
-0.000465839
-0.000462582
-0.000363861
-0.000200718
2.81993e-05
0.000318973
0.000666181
0.0010631
0.00150161
0.00197219
0.00246395
0.00296477
0.00346083
0.00393732
0.0043786
0.00476859
0.0050914
0.00533245
0.005485
0.00550808
-0.000762915
-0.000760839
-0.000654588
-0.000478564
-0.000230936
8.43487e-05
0.000461763
0.000894417
0.00137394
0.00189045
0.00243256
0.00298756
0.00354051
0.00407513
0.0045738
0.00501785
0.00538822
0.0056668
0.00584433
0.00587276
-0.00114118
-0.00114076
-0.0010252
-0.000833218
-0.000562346
-0.00021657
0.000198465
0.000675674
0.00120641
0.00178043
0.00238582
0.00300938
0.00363491
0.00424452
0.00481817
0.00533389
0.00576835
0.00609831
0.00631057
0.00634705
-0.00160921
-0.00161122
-0.0014846
-0.00127358
-0.000974854
-0.000592448
-0.000132152
0.000398739
0.000991309
0.00163497
0.00231732
0.00302486
0.00374022
0.00444394
0.0051133
0.00572229
0.00624193
0.00664168
0.00690206
0.00695079
-0.00217761
-0.00218321
-0.00204383
-0.00181069
-0.00147939
-0.001054
-0.000540521
5.35028e-05
0.000718904
0.0014449
0.00221878
0.00302642
0.00385029
0.00466973
0.00545933
0.0061884
0.00682072
0.00731557
0.00764324
0.00771128
-0.00285932
-0.00287023
-0.00271647
-0.00245809
-0.00208928
-0.00161423
-0.00103926
-0.000372296
0.000377171
0.00119833
0.00207901
0.00300309
0.00395554
0.00491477
0.00585335
0.00673586
0.0075173
0.00814307
0.00856634
0.00866639
-0.00367014
-0.00368882
-0.00351912
-0.00323227
-0.00282064
-0.00228867
-0.00164325
-0.000893048
-4.80683e-05
0.000880695
0.00188123
0.00293998
0.00404184
0.00516666
0.00628697
0.007364
0.00834302
0.00915177
0.00971382
0.00987138
-0.00462953
-0.00465938
-0.00447233
-0.00415343
-0.00369293
-0.00309569
-0.00236977
-0.00152511
-0.000572714
0.000476188
0.00161041
0.00281888
0.00408927
0.00540517
0.0067427
0.00806296
0.00930352
0.0103723
0.0111401
0.0114083
-0.00576202
-0.00580739
-0.00560186
-0.00524666
-0.0047298
-0.00405694
-0.00323835
-0.00228638
-0.00121389
-3.27613e-05
0.00124691
0.00261699
0.00407088
0.00559984
0.0071886
0.00880619
0.0103885
0.0118329
0.0129124
0.0134072
-0.00710413
-0.00716773
-0.00694175
-0.00654397
-0.0059605
-0.00519778
-0.00427041
-0.00319516
-0.00198839
-0.000663676
0.000769814
0.00230773
0.00395181
0.00570547
0.00757054
0.00953724
0.0115535
0.0135462
0.0151085
0.016077
-0.00866636
-0.00877121
-0.00853161
-0.00808608
-0.00742173
-0.00654782
-0.00548842
-0.0042682
-0.0029099
-0.00143044
0.000161043
0.00186362
0.00369194
0.00566282
0.00780577
0.0101531
0.0126906
0.0154743
0.0177616
0.0198038
-0.01074
-0.0107281
-0.0104565
-0.00993771
-0.00916422
-0.00814295
-0.00691521
-0.00551888
-0.00398612
-0.00233885
-0.000587285
0.00127232
0.00325602
0.00540448
0.00778222
0.0104916
0.0135719
0.0174252
0.0206537
0.0250579
-0.0126011
-0.0130557
-0.0127728
-0.0121942
-0.0112674
-0.0100312
-0.00857394
-0.00695406
-0.00521521
-0.00338549
-0.00148093
0.000494731
0.00254962
0.00476263
0.00716794
0.010024
0.0131665
0.0185858
0.0227234
0.0322226
-0.0172701
-0.0153533
-0.0153391
-0.0145236
-0.0134665
-0.0120478
-0.0103717
-0.00851297
-0.00654252
-0.00450929
-0.00243508
-0.000308789
0.00189936
0.00428151
0.00675179
0.00970368
0.0129419
0.0194721
0.0253071
0.0410233
-0.0183138
-0.0211678
-0.0204292
-0.0195523
-0.0177697
-0.0154453
-0.0129925
-0.0105373
-0.00813754
-0.00580756
-0.00356059
-0.00139794
0.000618499
0.00252376
0.00390773
0.00633345
0.00597591
0.0151354
0.0143321
0.0506947
-0.0415044
-0.0193343
-0.0197388
-0.018817
-0.0170831
-0.0151091
-0.0129813
-0.0107092
-0.00838486
-0.00607829
-0.00384216
-0.0016356
0.000386827
0.00257944
0.00429543
0.00757708
0.0111518
0.025905
0.0519625
0.12092
6.12595e-06
1.45903e-05
0.000101586
0.000245122
0.00044493
0.000696981
0.000995893
0.0013351
0.00170685
0.00210225
0.00251129
0.00292312
0.00332613
0.00370826
0.0040574
0.00436178
0.0046105
0.00479422
0.00490877
0.00492775
-3.95062e-06
3.73245e-06
9.10104e-05
0.000234261
0.000433786
0.00068575
0.00098488
0.00132471
0.00169756
0.00209456
0.00250571
0.00292023
0.00332636
0.00371191
0.00406458
0.00437238
0.00462415
0.00481034
0.00492707
0.00494576
-9.37906e-05
-8.73118e-05
2.1651e-06
0.000149233
0.000354418
0.000613872
0.000922313
0.00127324
0.0016589
0.00207028
0.00249733
0.0029288
0.00335252
0.00375582
0.00412571
0.00444941
0.00471484
0.00491153
0.0050351
0.00505422
-0.000248017
-0.000242292
-0.000148851
4.99581e-06
0.000220055
0.000492468
0.000816909
0.00118679
0.00159421
0.00202993
0.00248353
0.00294344
0.00339675
0.00382988
0.00422877
0.0045793
0.00486791
0.00508254
0.00521786
0.00523909
-0.000471565
-0.000466598
-0.000367377
-0.000203662
2.56982e-05
0.000316824
0.000664308
0.00106143
0.00150007
0.0019707
0.00246244
0.0029632
0.00345914
0.00393548
0.0043766
0.00476649
0.00508934
0.00533069
0.00548363
0.0055085
-0.000769824
-0.000765835
-0.00065901
-0.000482317
-0.000234152
8.15721e-05
0.000459344
0.000892269
0.00137197
0.00188855
0.00243063
0.00298561
0.00353845
0.0040729
0.00457137
0.00501526
0.00538563
0.0056645
0.00584245
0.0058729
-0.00114961
-0.00114702
-0.00103078
-0.000837987
-0.000566446
-0.000220105
0.000195397
0.000672967
0.00120394
0.00177804
0.00238335
0.00300695
0.00363238
0.00424177
0.00481512
0.00533059
0.00576494
0.00609514
0.00630781
0.0063466
-0.00161964
-0.00161914
-0.00149169
-0.00127966
-0.000980065
-0.000596907
-0.000135979
0.000395407
0.000988313
0.00163209
0.0023142
0.00302196
0.00373718
0.00444057
0.00510948
0.00571801
0.00623734
0.00663719
0.00689793
0.00694932
-0.00219073
-0.00219338
-0.00205294
-0.00181848
-0.001486
-0.00105958
-0.000545216
4.95189e-05
0.000715466
0.00144189
0.0022161
0.0030234
0.00384684
0.00466572
0.0054546
0.00618286
0.00681451
0.00730916
0.00763702
0.0077081
-0.00287616
-0.0028835
-0.00272829
-0.00246811
-0.00209764
-0.00162112
-0.00104489
-0.000376928
0.000373294
0.00119496
0.00207595
0.00299977
0.00395173
0.00491017
0.00584766
0.00672884
0.00750896
0.00813391
0.008557
0.00866077
-0.00369221
-0.00370643
-0.00353466
-0.00324521
-0.00283115
-0.00229702
-0.0016498
-0.000898161
-5.21269e-05
0.00087732
0.00187818
0.00293676
0.00403804
0.0051618
0.00628052
0.00735544
0.00833207
0.00913875
0.00969967
0.00986082
-0.00465916
-0.00468321
-0.00449298
-0.00417015
-0.00370597
-0.00310552
-0.00237696
-0.00153026
-0.000576379
0.000473481
0.00160819
0.00281652
0.00408628
0.00540096
0.00673621
0.00805327
0.00928975
0.0103541
0.011119
0.0113893
-0.00580299
-0.0058403
-0.0056296
-0.00526819
-0.00474561
-0.0040679
-0.00324546
-0.00229061
-0.00121611
-3.37083e-05
0.00124661
0.00261667
0.00407
0.0055976
0.00718376
0.00879684
0.0103727
0.0118085
0.0128815
0.0133727
-0.00716246
-0.007214
-0.00697927
-0.00657139
-0.00597887
-0.00520881
-0.0042759
-0.00319672
-0.0019874
-0.000661138
0.000773175
0.0023114
0.00395528
0.00570804
0.00757093
0.00953203
0.011539
0.0135162
0.0150653
0.0160155
-0.00875454
-0.00883811
-0.00858296
-0.00812029
-0.00744141
-0.00655642
-0.00548921
-0.00426402
-0.0029028
-0.00142171
0.000170777
0.00187419
0.00370299
0.00567431
0.00781688
0.0101598
0.0126864
0.0154442
0.0177072
0.0196951
-0.0108702
-0.0108255
-0.0105264
-0.00997842
-0.00918168
-0.00814386
-0.00690583
-0.00550375
-0.00396814
-0.00231951
-0.000566931
0.00129419
0.00327921
0.00543071
0.00781255
0.0105223
0.0135938
0.0174127
0.0206088
0.0248821
-0.0128156
-0.01319
-0.0128645
-0.0122345
-0.011272
-0.010013
-0.00854344
-0.00691841
-0.00517812
-0.00334836
-0.00144331
0.000534367
0.00259469
0.00481964
0.00724662
0.0101266
0.0132879
0.0186674
0.0227676
0.0320115
-0.017617
-0.0156096
-0.0155017
-0.0145957
-0.0134725
-0.0120135
-0.0103165
-0.00845008
-0.00647911
-0.00444794
-0.00237475
-0.000246007
0.00197172
0.00436575
0.00687676
0.00988558
0.0132292
0.0197856
0.0254824
0.0409232
-0.0189438
-0.0214431
-0.0205749
-0.0195302
-0.0176569
-0.015301
-0.0128477
-0.0104057
-0.0080217
-0.00570515
-0.00346495
-0.0013001
0.000736349
0.00268908
0.00414853
0.00674573
0.00646018
0.0159847
0.0147485
0.05064
-0.0422507
-0.0198301
-0.0200326
-0.0188844
-0.0170475
-0.0150243
-0.0128773
-0.0106041
-0.00828598
-0.00598584
-0.00374952
-0.00153606
0.000518649
0.00275321
0.00457149
0.00794323
0.0116144
0.0260797
0.0509107
0.118423
4.5857e-06
1.83628e-05
0.000105872
0.000249628
0.000449187
0.000700717
0.000998925
0.00133729
0.00170806
0.00210235
0.00251024
0.00292087
0.00332265
0.00370358
0.00405158
0.004355
0.00460309
0.0047868
0.00490186
0.00492665
-1.11199e-05
2.01372e-06
8.99261e-05
0.000233778
0.000433598
0.000685682
0.000984836
0.00132461
0.00169731
0.0020941
0.00250495
0.00291915
0.00332488
0.00371
0.00406225
0.00436971
0.00462136
0.00480792
0.00492528
0.0049501
-0.000102412
-9.00776e-05
9.81436e-08
0.000147865
0.000353427
0.000613103
0.00092168
0.00127267
0.00165831
0.0020696
0.00249648
0.00292771
0.00335113
0.00375408
0.00412362
0.00444703
0.0047124
0.00490954
0.00503383
0.00505961
-0.000258065
-0.000246061
-0.000151863
2.77474e-06
0.000218292
0.000491013
0.000815679
0.00118572
0.00159321
0.00202893
0.00248242
0.00294219
0.00339526
0.0038281
0.00422668
0.00457696
0.00486555
0.0050807
0.00521684
0.00524536
-0.000483058
-0.000471267
-0.000371234
-0.000206646
2.32362e-05
0.000314728
0.000662494
0.00105982
0.00149858
0.00196923
0.00246089
0.00296154
0.00345727
0.00393332
0.00437412
0.00476375
0.00508658
0.00532853
0.0054824
0.00551542
-0.000783033
-0.000771513
-0.000663815
-0.000486153
-0.000237399
7.87479e-05
0.000456847
0.000890011
0.00136984
0.00188643
0.00242837
0.00298329
0.00353594
0.00407007
0.00456817
0.00501174
0.00538205
0.00566158
0.0058406
0.00588038
-0.00116501
-0.00115399
-0.0010368
-0.000842912
-0.000570688
-0.000223849
0.000192041
0.00066989
0.001201
0.00177503
0.0023799
0.0030037
0.00362898
0.00423799
0.00481086
0.00532586
0.00576006
0.00609096
0.00630487
0.00635455
-0.00163792
-0.00162785
-0.00149934
-0.00128603
-0.000985615
-0.000601841
-0.000140428
0.000391311
0.000984393
0.00162791
0.00230772
0.00301746
0.00373264
0.00443551
0.00510373
0.00571157
0.00623052
0.00663103
0.00689317
0.00695752
-0.00221285
-0.00220449
-0.00206283
-0.00182681
-0.00149328
-0.00106605
-0.000551038
4.4195e-05
0.000710534
0.00143755
0.00221461
0.00301864
0.00384104
0.00465902
0.00544685
0.00617399
0.00680481
0.00729989
0.00762927
0.00771599
-0.00290349
-0.00289799
-0.00274129
-0.00247911
-0.00210721
-0.00162955
-0.00105241
-0.000383765
0.00036691
0.00118879
0.00206948
0.00299301
0.00394413
0.00490135
0.00583726
0.00671658
0.00749502
0.00811974
0.00854426
0.00866679
-0.00372686
-0.0037258
-0.00355205
-0.00325986
-0.0028437
-0.00230788
-0.00165932
-0.000906699
-6.00435e-05
0.000869639
0.00187029
0.00292826
0.00402843
0.00515045
0.00626673
0.00733856
0.00831194
0.00911673
0.00967858
0.0098618
-0.00470451
-0.00470983
-0.00451666
-0.00418978
-0.00372233
-0.00311925
-0.00238865
-0.00154048
-0.000585681
0.000464568
0.00159912
0.00280653
0.00407475
0.00538693
0.00671844
0.00803039
0.00926082
0.0103196
0.011084
0.0113774
-0.00586491
-0.00587814
-0.00566244
-0.00529453
-0.0047666
-0.00408467
-0.00325908
-0.00230204
-0.0012262
-4.32225e-05
0.00123689
0.00260582
0.00405717
0.00558134
0.00716205
0.0087671
0.0103322
0.0117548
0.012824
0.0133303
-0.00725084
-0.00726918
-0.00702531
-0.00660632
-0.00600471
-0.00522784
-0.0042901
-0.00320775
-0.00199658
-0.00066954
0.000764532
0.00230138
0.00394305
0.00569163
0.00754725
0.00949701
0.0114867
0.0134351
0.014971
0.0159025
-0.00889982
-0.00892485
-0.00864923
-0.00816521
-0.00747012
-0.00657412
-0.00549976
-0.0042704
-0.00290696
-0.00142497
0.000167028
0.00186783
0.00369579
0.00566347
0.00779851
0.0101284
0.0126302
0.0153333
0.0175652
0.0194223
-0.0110817
-0.0109601
-0.0106166
-0.0100292
-0.00920348
-0.00814844
-0.00690123
-0.0054953
-0.00395846
-0.00230981
-0.00055762
0.00130458
0.00328825
0.00544022
0.00782295
0.0105281
0.0135821
0.017313
0.0204882
0.0243272
-0.0132757
-0.0133704
-0.0129731
-0.0122587
-0.0112476
-0.00996957
-0.00849553
-0.00687297
-0.00513711
-0.00331132
-0.00140832
0.000568352
0.00262167
0.00486339
0.00732388
0.0102583
0.0134775
0.0187856
0.0229761
0.0312463
-0.0184375
-0.0161663
-0.0157513
-0.014667
-0.0134187
-0.0119066
-0.0101934
-0.00833163
-0.0063736
-0.00435632
-0.00229321
-0.000166908
0.00207372
0.00449402
0.00710432
0.0102782
0.0139622
0.0207088
0.0267595
0.0408013
-0.0210173
-0.0216257
-0.0203835
-0.018979
-0.0170261
-0.0147385
-0.0123898
-0.0100478
-0.00774357
-0.00548436
-0.00327831
-0.00112772
0.000932299
0.00295992
0.00461388
0.00788316
0.00747077
0.0179922
0.0186197
0.0505448
-0.0448946
-0.0213089
-0.0207005
-0.0188927
-0.0168034
-0.014723
-0.0125747
-0.0103329
-0.00805635
-0.00579279
-0.00357283
-0.00137225
0.000744392
0.00303024
0.00517863
0.00881956
0.0131086
0.0272178
0.047842
0.10882
)
;

boundaryField
{
    movingWall
    {
        type            zeroGradient;
    }
    fixedWalls
    {
        type            zeroGradient;
    }
}


// ************************************************************************* //
