/*--------------------------------*- C++ -*----------------------------------*\
  =========                 |
  \\      /  F ield         | OpenFOAM: The Open Source CFD Toolbox
   \\    /   O peration     | Website:  https://openfoam.org
    \\  /    A nd           | Version:  10
     \\/     M anipulation  |
\*---------------------------------------------------------------------------*/
FoamFile
{
    format      ascii;
    class       volScalarField;
    location    "3.225";
    object      p;
}
// * * * * * * * * * * * * * * * * * * * * * * * * * * * * * * * * * * * * * //

dimensions      [0 2 -2 0 0 0 0];

internalField   nonuniform List<scalar> 
8000
(
1.42583e-06
-1.32467e-05
1.653e-05
7.3299e-05
0.000162033
0.000282952
0.000435487
0.00061841
0.000829499
0.00106525
0.00132091
0.00158991
0.00186396
0.00213313
0.00238608
0.00261072
0.00279486
0.00292757
0.00300751
0.00300454
1.71052e-05
3.2532e-07
2.97782e-05
8.45838e-05
0.000170509
0.000288024
0.000436812
0.0006159
0.000823322
0.00105589
0.00130893
0.00157592
0.00184917
0.00211855
0.00237263
0.00259907
0.0027853
0.00292012
0.00300283
0.00299925
-1.86415e-05
-3.86419e-05
-1.03974e-05
4.29054e-05
0.000127578
0.000244254
0.000392906
0.000572919
0.000782703
0.00101942
0.00127872
0.00155473
0.00183912
0.00212163
0.00239021
0.00263148
0.0028314
0.002977
0.00306703
0.00306213
-8.85994e-05
-0.000111424
-8.4546e-05
-3.29625e-05
5.03989e-05
0.000166513
0.000315839
0.000498325
0.000712979
0.000957546
0.00122816
0.00151909
0.00182271
0.00212803
0.00242184
0.00268894
0.00291293
0.00307779
0.00318102
0.00317672
-0.000198421
-0.000224535
-0.000199298
-0.000149637
-6.75256e-05
4.84834e-05
0.000199509
0.000386269
0.0006086
0.000865076
0.00115257
0.00146589
0.00179791
0.00213695
0.00246849
0.00277493
0.00303613
0.00323131
0.00335553
0.00335354
-0.000350014
-0.000380228
-0.000357096
-0.000309914
-0.000229474
-0.000113725
3.93e-05
0.000231323
0.000463289
0.000734907
0.00104407
0.00138626
0.00175658
0.00214155
0.00252541
0.00288756
0.00320284
0.00344319
0.0035993
0.00360226
-0.000545623
-0.000580967
-0.000560672
-0.000517006
-0.00043933
-0.000324852
-0.000170559
2.6548e-05
0.00026887
0.00055768
0.000892157
0.00126679
0.00168721
0.00213111
0.00258399
0.00302213
0.00341378
0.00372018
0.00392422
0.00393669
-0.000788139
-0.000829866
-0.000813446
-0.000774893
-0.000701863
-0.000590715
-0.000437178
-0.000236693
1.50136e-05
0.000321522
0.000685389
0.00110905
0.00157579
0.00208958
0.00263002
0.00316906
0.00366687
0.00406969
0.00434617
0.00437838
-0.00108111
-0.00113069
-0.00111946
-0.0010882
-0.00102257
-0.00091801
-0.000768809
-0.000568602
-0.000310946
1.02795e-05
0.000400271
0.000862056
0.00139346
0.00199134
0.00263991
0.00330994
0.00395342
0.00449765
0.00488483
0.00495845
-0.00142897
-0.00148802
-0.00148348
-0.0014622
-0.00140759
-0.00131412
-0.00117454
-0.000980486
-0.000723092
-0.000393245
1.79791e-05
0.000518339
0.00111212
0.00180121
0.00257649
0.00341122
0.00425119
0.00500314
0.00556235
0.005725
-0.00183751
-0.00190766
-0.00191116
-0.00190281
-0.00186352
-0.00178684
-0.00166385
-0.00148415
-0.00123641
-0.000908355
-0.000486826
4.18964e-05
0.000691353
0.00146874
0.00238201
0.00341383
0.0045114
0.00556589
0.0063978
0.00675142
-0.00231489
-0.00239728
-0.00240943
-0.00241669
-0.00239729
-0.00234388
-0.00224588
-0.00209088
-0.00186532
-0.00155419
-0.00114041
-0.000604048
7.76437e-05
0.00092875
0.00197109
0.00321758
0.00463545
0.00612166
0.00738814
0.00815158
-0.00287374
-0.00296763
-0.00298705
-0.00301134
-0.0030159
-0.00299241
-0.00292847
-0.00280988
-0.00262146
-0.00234663
-0.00196611
-0.00145585
-0.000784543
8.98048e-05
0.0012116
0.00265487
0.00443314
0.00650727
0.00843279
0.0101311
-0.00353803
-0.00363622
-0.00365621
-0.00369578
-0.00372657
-0.00373861
-0.00371717
-0.00364637
-0.00351037
-0.00329285
-0.00297551
-0.00253422
-0.00193284
-0.00111429
2.54579e-06
0.00152945
0.00360137
0.00635785
0.00925048
0.0128575
-0.00433632
-0.00443221
-0.00443958
-0.00448811
-0.00454099
-0.00458793
-0.00461299
-0.00459827
-0.00452752
-0.00438705
-0.00416524
-0.00384835
-0.00341334
-0.00281173
-0.00194175
-0.000634166
0.00140458
0.00490636
0.00903543
0.0161023
-0.00542528
-0.00532919
-0.00527341
-0.00529202
-0.00537462
-0.00548285
-0.00558243
-0.00564402
-0.00565
-0.00559416
-0.0054802
-0.00531429
-0.00510336
-0.00483193
-0.00443834
-0.00370913
-0.00229377
0.00131096
0.00582753
0.0183936
-0.00653896
-0.00674801
-0.00659713
-0.00665344
-0.00669809
-0.0067637
-0.00683528
-0.00689141
-0.00692057
-0.00691905
-0.00690492
-0.00690935
-0.00699628
-0.00723376
-0.00768787
-0.00821654
-0.0091109
-0.00612936
-0.00179804
0.0194974
-0.0102465
-0.00757063
-0.00725871
-0.0069552
-0.00703302
-0.00724225
-0.00749895
-0.00772587
-0.00789778
-0.00800412
-0.00809253
-0.00820771
-0.00849584
-0.0090725
-0.0102844
-0.0116944
-0.0151969
-0.0128129
-0.00856339
0.0246072
-0.0103374
-0.0112899
-0.0102592
-0.0102042
-0.00990387
-0.00974099
-0.00964357
-0.00957483
-0.00952531
-0.00946451
-0.00944685
-0.0095275
-0.00987588
-0.0107169
-0.012663
-0.0150494
-0.0211275
-0.0182892
-0.0118006
0.0479144
-0.0339924
-0.00900369
-0.00807952
-0.00732049
-0.00715651
-0.00748741
-0.00797819
-0.00838603
-0.00872946
-0.00892999
-0.00916947
-0.00934899
-0.0098545
-0.0104114
-0.0117137
-0.0117356
-0.0109462
0.00511744
0.0400933
0.141703
6.05818e-06
-1.87371e-05
9.68416e-06
6.58428e-05
0.000154906
0.000276647
0.000430324
0.000614713
0.000827545
0.00106544
0.00132338
0.00159485
0.00187157
0.0021435
0.00239918
0.00262624
0.00281203
0.00294474
0.00302342
0.00300906
3.02515e-05
4.30555e-06
3.29936e-05
8.67833e-05
0.000172239
0.000289519
0.000438183
0.000617276
0.000824856
0.00105777
0.00131137
0.0015792
0.00185341
0.00212394
0.00237925
0.00260682
0.00279368
0.00292787
0.00300947
0.00299365
-3.15408e-06
-3.31473e-05
-5.60772e-06
4.65671e-05
0.000130632
0.000246907
0.000395259
0.000575101
0.000784884
0.00102181
0.00128155
0.00155826
0.00184359
0.00212728
0.00239719
0.00263971
0.00284035
0.00298526
0.00307406
0.0030552
-7.06274e-05
-0.000104138
-7.79312e-05
-2.75642e-05
5.50765e-05
0.000170652
0.000319526
0.000501683
0.000716185
0.00096083
0.0012318
0.00152347
0.001828
0.00213454
0.00242976
0.00269826
0.00292309
0.00308719
0.00318902
0.00316893
-0.000178237
-0.00021582
-0.000191219
-0.000142819
-6.14655e-05
5.39683e-05
0.000204508
0.000390918
0.000613096
0.000869693
0.00115767
0.00147192
0.00180496
0.00214544
0.00247873
0.00278695
0.0030493
0.0032437
0.00336626
0.00334605
-0.00032737
-0.000370013
-0.000347462
-0.000301564
-0.000221884
-0.000106704
4.58559e-05
0.000237571
0.000469464
0.000741355
0.00105131
0.00139515
0.00176645
0.00215321
0.0025394
0.00290404
0.00322108
0.0034608
0.00361498
0.00359639
-0.000519937
-0.000568889
-0.000549093
-0.000506735
-0.000429817
-0.000315898
-0.000162039
3.48235e-05
0.000277183
0.000566466
0.000902339
0.00128188
0.00170106
0.00214725
0.00260351
0.0030454
0.00344
0.00374634
0.00394828
0.00393552
-0.000758612
-0.000815385
-0.000799353
-0.000762148
-0.000689897
-0.000579319
-0.000426201
-0.000225904
2.59322e-05
0.000332931
0.000697299
0.00111873
0.00159291
0.00211158
0.00265742
0.00320251
0.00370562
0.00410985
0.00438425
0.00438624
-0.00104669
-0.00111306
-0.00110209
-0.00107226
-0.00100748
-0.000903558
-0.000754809
-0.000554755
-0.000296823
2.52563e-05
0.000416722
0.000880127
0.00141734
0.00202165
0.00267851
0.00335854
0.00401181
0.00456094
0.00494689
0.00498514
-0.00138825
-0.00146621
-0.00146177
-0.00144209
-0.00138853
-0.0012959
-0.00115691
-0.000963051
-0.000705258
-0.000374143
3.96795e-05
0.000545278
0.00114394
0.00184226
0.00263054
0.00348206
0.00434034
0.00510543
0.00566612
0.00579241
-0.00178847
-0.00188017
-0.00188364
-0.00187724
-0.00183942
-0.001764
-0.00164198
-0.0014627
-0.00121457
-0.000885026
-0.000460411
7.35179e-05
0.000730248
0.00152307
0.00245657
0.00351633
0.00464782
0.005734
0.0065757
0.00691558
-0.00225447
-0.00236191
-0.00237394
-0.00238387
-0.00236678
-0.00231551
-0.00221922
-0.0020652
-0.00183957
-0.0015269
-0.00110942
-0.000566203
0.000126896
0.000996602
0.0020698
0.0033616
0.00484066
0.00639609
0.00770065
0.00854216
-0.00279678
-0.00292072
-0.00294025
-0.00296869
-0.0029772
-0.0029575
-0.00289675
-0.00278031
-0.00259262
-0.0023166
-0.00193202
-0.0014132
-0.000725565
0.000171488
0.00134126
0.00284853
0.0047274
0.006931
0.00896488
0.0110612
-0.00343513
-0.00357106
-0.0035913
-0.00363806
-0.00367656
-0.00369606
-0.00368084
-0.00361449
-0.00348087
-0.00326324
-0.00294222
-0.0024912
-0.00186885
-0.00100171
0.000141093
0.00172971
0.00394231
0.00691198
0.0100104
0.0147027
-0.0041878
-0.0043435
-0.00435402
-0.00441821
-0.00448356
-0.00454184
-0.00457671
-0.00456967
-0.00450394
-0.00436553
-0.00414211
-0.0038191
-0.00337431
-0.00277005
-0.00186562
-0.000535593
0.00159377
0.00527037
0.00934727
0.0184323
-0.00518812
-0.00514444
-0.00510975
-0.00515691
-0.00527375
-0.0054135
-0.00554004
-0.00562255
-0.00564362
-0.00559534
-0.00548178
-0.00530978
-0.00509
-0.0048158
-0.00444345
-0.00383973
-0.00279631
0.000182361
0.00292187
0.018278
-0.00608091
-0.0065318
-0.00640055
-0.00654792
-0.0066455
-0.00675738
-0.00686272
-0.00694237
-0.00698711
-0.00699185
-0.0069758
-0.00697238
-0.00705699
-0.007334
-0.00797256
-0.00910032
-0.011711
-0.0105003
-0.00994637
0.0147376
-0.00952967
-0.00702668
-0.00680302
-0.00662823
-0.00685671
-0.00718578
-0.00753247
-0.00782248
-0.00803596
-0.00815689
-0.00824279
-0.00833413
-0.00860954
-0.00921989
-0.0107576
-0.0129224
-0.018883
-0.0197379
-0.0199871
0.0202844
-0.00742543
-0.0101064
-0.00957178
-0.0100459
-0.010051
-0.0100736
-0.0100938
-0.0100816
-0.0100518
-0.00996399
-0.00987806
-0.00988018
-0.010127
-0.0109049
-0.013229
-0.0160828
-0.0245409
-0.0248227
-0.0156006
0.0516461
-0.0313429
-0.00694093
-0.00647216
-0.00636671
-0.00664849
-0.00723139
-0.00791201
-0.00843888
-0.00889885
-0.00909934
-0.00937081
-0.00947041
-0.0100175
-0.0105423
-0.0120928
-0.0124652
-0.0113105
0.00550985
0.0522924
0.16965
1.13622e-05
-1.66894e-05
1.10099e-05
6.64652e-05
0.000155325
0.000277186
0.000431227
0.000616136
0.000829725
0.00106855
0.00132772
0.00160067
0.00187903
0.00215266
0.00240997
0.00263842
0.00282507
0.00295775
0.00303577
0.0030172
3.90433e-05
9.58527e-06
3.76433e-05
9.06326e-05
0.000175619
0.000292625
0.000441178
0.000620319
0.000828132
0.00106148
0.00131573
0.00158443
0.00185967
0.00213135
0.00238782
0.00261641
0.00280386
0.00293785
0.00301889
0.0029991
7.19755e-06
-2.66248e-05
2.89842e-07
5.15926e-05
0.000135103
0.000251004
0.000399134
0.000578919
0.000788838
0.00102612
0.00128646
0.00156403
0.0018504
0.00213531
0.00240649
0.00265017
0.00285154
0.00299631
0.00308455
0.0030612
-5.83336e-05
-9.59664e-05
-7.04005e-05
-2.09927e-05
6.09995e-05
0.000176094
0.000324632
0.000506627
0.000721178
0.000966126
0.00123768
0.00153026
0.00183592
0.00214383
0.00244053
0.00271045
0.00293624
0.00310033
0.00320164
0.00317654
-0.000163911
-0.000205967
-0.000182022
-0.000134656
-5.40215e-05
6.08595e-05
0.000211001
0.000397204
0.000619423
0.000876368
0.00116506
0.00148042
0.00181482
0.002157
0.00249223
0.00280236
0.00306616
0.00326083
0.00338298
0.0033571
-0.000310655
-0.000358199
-0.000336319
-0.000291534
-0.000212645
-9.80849e-05
5.40239e-05
0.000245512
0.000477474
0.000749819
0.00106073
0.00140609
0.00177908
0.0021681
0.00255698
0.00292442
0.00324376
0.00348433
0.00363838
0.00361327
-0.00050024
-0.000554612
-0.000535508
-0.000494374
-0.000418349
-0.000305148
-0.000151816
4.47832e-05
0.000287238
0.0005771
0.000914232
0.00129603
0.00171726
0.00216658
0.00262677
0.00307294
0.00347137
0.00377971
0.00398213
0.00396154
-0.000735101
-0.000797925
-0.000782628
-0.000746815
-0.000675627
-0.000565933
-0.000413482
-0.000213537
3.83738e-05
0.00034599
0.000711596
0.00113492
0.001613
0.00213648
0.00268823
0.00324004
0.00374963
0.00415811
0.00443438
0.00442753
-0.00101822
-0.00109141
-0.00108126
-0.00105309
-0.00098967
-0.000886927
-0.000739104
-0.000539589
-0.000281658
4.11552e-05
0.000434383
0.000901287
0.00144262
0.00205344
0.00271897
0.00340951
0.00407383
0.0046316
0.00502232
0.0050522
-0.00135322
-0.00143895
-0.0014355
-0.00141794
-0.00136622
-0.00127529
-0.00113771
-0.000944778
-0.000687247
-0.000355455
6.02473e-05
0.000568885
0.0011741
0.00188158
0.00268247
0.00355018
0.00442701
0.0052092
0.00578073
0.0059044
-0.00174458
-0.00184524
-0.00185003
-0.0018465
-0.00181139
-0.00173856
-0.00161878
-0.00144118
-0.0011939
-0.000864
-0.000437402
0.000100669
0.000764772
0.00156951
0.00252051
0.00360439
0.00476608
0.00588455
0.00674971
0.0071063
-0.00219827
-0.00231622
-0.00233017
-0.00234426
-0.00233135
-0.00228419
-0.00219161
-0.0020406
-0.00181693
-0.00150475
-0.0010857
-0.000538044
0.000163929
0.00104693
0.00214279
0.00346836
0.00499427
0.00660725
0.00796155
0.00887445
-0.00272287
-0.00285946
-0.00288203
-0.00291687
-0.00293206
-0.00291907
-0.00286449
-0.0027533
-0.00256954
-0.00229563
-0.00191076
-0.00138852
-0.000693454
0.000217874
0.00141455
0.00296351
0.00490791
0.00720406
0.009339
0.0116393
-0.00333444
-0.00348602
-0.00351109
-0.00356813
-0.00361789
-0.00364876
-0.00364397
-0.00358664
-0.00346018
-0.00324738
-0.00292838
-0.00247594
-0.00184856
-0.000978822
0.000188299
0.00181574
0.00410011
0.00719957
0.0104615
0.0155589
-0.00404643
-0.00422501
-0.00424412
-0.0043262
-0.00440933
-0.00448543
-0.00453689
-0.00454454
-0.00449109
-0.00436146
-0.00414389
-0.00382439
-0.0033815
-0.0027755
-0.00191584
-0.000565151
0.00157217
0.00534866
0.00955209
0.0192443
-0.00497949
-0.00495801
-0.00494014
-0.00501392
-0.00516233
-0.00533442
-0.00549146
-0.0056008
-0.00564316
-0.00561045
-0.00550756
-0.00534333
-0.00513249
-0.00487249
-0.00451395
-0.00404364
-0.00322493
-0.000497018
0.00208882
0.0180021
-0.0057421
-0.00625321
-0.00615109
-0.00635877
-0.00651024
-0.00667596
-0.00683035
-0.00695192
-0.00702799
-0.00705343
-0.00705045
-0.0070568
-0.00715813
-0.00748162
-0.00825767
-0.00970001
-0.0131132
-0.012741
-0.0120863
0.0129411
-0.00910359
-0.00664027
-0.00642983
-0.00632069
-0.00663483
-0.00704976
-0.00748074
-0.00783913
-0.00810466
-0.00825843
-0.00836341
-0.00846046
-0.008752
-0.0094086
-0.0111519
-0.0137105
-0.0206017
-0.0228301
-0.0227765
0.0204082
-0.00635092
-0.009271
-0.00888894
-0.00953286
-0.00969812
-0.00989863
-0.0100797
-0.0101858
-0.0102375
-0.0101928
-0.0101158
-0.0101086
-0.0103421
-0.0111327
-0.0137062
-0.0168878
-0.0259581
-0.0261384
-0.0130116
0.0564766
-0.0305133
-0.00609089
-0.00567619
-0.00574615
-0.00622359
-0.00697473
-0.00780086
-0.00843366
-0.00897405
-0.00921393
-0.00951473
-0.00960018
-0.0101731
-0.0107552
-0.0123802
-0.0128358
-0.0108366
0.0074531
0.0599749
0.181366
1.68141e-05
-1.31508e-05
1.38643e-05
6.87579e-05
0.000157375
0.000279234
0.000433482
0.000618829
0.000833061
0.00107274
0.00133295
0.00160711
0.0018868
0.00216184
0.0024205
0.00265011
0.00283749
0.00297023
0.00304789
0.00302714
4.64964e-05
1.52251e-05
4.26881e-05
9.5007e-05
0.000179579
0.000296361
0.00044486
0.000624128
0.00083226
0.00106613
0.00132112
0.00159075
0.00186708
0.00213995
0.0023976
0.00262719
0.00281527
0.00294926
0.00302995
0.00300777
1.59599e-05
-1.97876e-05
6.52972e-06
5.71041e-05
0.000140126
0.000255716
0.000403702
0.000583524
0.000793685
0.00103144
0.00129248
0.00157099
0.00185851
0.00214471
0.0024172
0.00266205
0.00286419
0.00300904
0.00309696
0.00307093
-4.78651e-05
-8.75389e-05
-6.25902e-05
-1.39792e-05
6.74399e-05
0.000182127
0.000330422
0.000512365
0.000727088
0.000972469
0.00124475
0.00153835
0.0018453
0.00215471
0.002453
0.00272441
0.00295128
0.00311564
0.00321673
0.00318866
-0.000151541
-0.000195777
-0.000172486
-0.000125994
-4.60115e-05
6.83819e-05
0.000218207
0.000404307
0.000626685
0.000884107
0.00117364
0.00149023
0.00182622
0.00217031
0.00250765
0.00281986
0.00308531
0.00328068
0.00340287
0.00337369
-0.000296005
-0.0003459
-0.000324725
-0.000280911
-0.000202768
-8.87872e-05
6.29297e-05
0.00025427
0.0004864
0.000759312
0.00107127
0.00141821
0.00179324
0.00218481
0.00257666
0.00294718
0.00326919
0.00351126
0.00366587
0.00363716
-0.00048273
-0.000539666
-0.000521341
-0.000481313
-0.000406173
-0.000293687
-0.000140864
5.55112e-05
0.000298127
0.000588652
0.000927081
0.00131092
0.00173485
0.0021877
0.00265217
0.00310303
0.00350585
0.0038172
0.00402125
0.00399692
-0.000713919
-0.000779572
-0.000765167
-0.000730668
-0.000660582
-0.000551829
-0.000400093
-0.000200526
5.1473e-05
0.000359796
0.000726892
0.00115268
0.00163447
0.00216293
0.00272092
0.00327991
0.00379678
0.00421103
0.00449103
0.00448099
-0.000992248
-0.00106859
-0.00105952
-0.00103299
-0.000971025
-0.000869601
-0.000722852
-0.000524014
-0.000266181
5.73314e-05
0.000452339
0.000922515
0.00146841
0.00208596
0.00276042
0.00346187
0.00413813
0.00470667
0.0051052
0.00513438
-0.00132088
-0.00141019
-0.00140812
-0.0013927
-0.00134303
-0.00125405
-0.00111815
-0.000926441
-0.000669421
-0.000337149
8.03482e-05
0.00059251
0.0012037
0.00192012
0.00273347
0.00361741
0.00451347
0.00531525
0.00590244
0.00603311
-0.00170363
-0.00180843
-0.00181507
-0.00181451
-0.00178239
-0.00171255
-0.00159548
-0.00142003
-0.00117403
-0.000844205
-0.000416033
0.000125769
0.000796894
0.0016127
0.00258018
0.00368714
0.0048788
0.00603185
0.00692811
0.00731191
-0.00214541
-0.00226826
-0.00228486
-0.00230324
-0.00229487
-0.00225237
-0.00216416
-0.00201684
-0.00179581
-0.00148481
-0.001065
-0.000513975
0.000195273
0.00109059
0.00220642
0.00356241
0.00513259
0.00680391
0.00821945
0.0092073
-0.00265316
-0.00279576
-0.00282226
-0.00286355
-0.00288577
-0.00288011
-0.00283254
-0.0027275
-0.00254857
-0.00227779
-0.00189387
-0.00136985
-0.000669045
0.000253458
0.00147065
0.00305342
0.00505658
0.00744381
0.00969643
0.0121849
-0.00323998
-0.00339936
-0.00343038
-0.00349739
-0.00355829
-0.00360086
-0.0036073
-0.00355993
-0.00344163
-0.0032351
-0.00292025
-0.00246937
-0.00184019
-0.000962648
0.000219787
0.00186671
0.00420959
0.00742695
0.0108894
0.0163715
-0.00391649
-0.00410661
-0.00413535
-0.00423377
-0.0043339
-0.0044276
-0.00449615
-0.0045193
-0.00447903
-0.00436038
-0.00415179
-0.0038402
-0.00340537
-0.00280676
-0.00193004
-0.000637859
0.00149016
0.00535704
0.00982155
0.020136
-0.00479314
-0.00478382
-0.00478085
-0.0048779
-0.00505402
-0.00525556
-0.00544149
-0.00557688
-0.0056413
-0.00562651
-0.00553858
-0.00538921
-0.0051992
-0.00497831
-0.00471877
-0.00432288
-0.00364501
-0.00115666
0.00155027
0.0182193
-0.00546624
-0.00601718
-0.00593625
-0.00619103
-0.00638595
-0.0065956
-0.0067912
-0.00694761
-0.00705314
-0.00710208
-0.00711866
-0.00714537
-0.00727959
-0.00767112
-0.00860112
-0.0103211
-0.0144314
-0.0146994
-0.013844
0.0121338
-0.00872772
-0.00629519
-0.00610955
-0.00605214
-0.00643012
-0.00691497
-0.00741182
-0.00782747
-0.00814038
-0.00832876
-0.00845986
-0.00857857
-0.00890792
-0.00963949
-0.0115924
-0.0145153
-0.0222498
-0.0254856
-0.0248271
0.0199674
-0.00570792
-0.00878372
-0.00843098
-0.00918944
-0.00946016
-0.00976112
-0.0100349
-0.0102196
-0.0103342
-0.01033
-0.0102735
-0.0102784
-0.0105278
-0.0113724
-0.0141481
-0.0176284
-0.0273123
-0.027848
-0.0132156
0.0597537
-0.0297878
-0.00537296
-0.00501859
-0.00520692
-0.00582642
-0.00671243
-0.00765984
-0.0083899
-0.00901205
-0.00929876
-0.00963364
-0.00973501
-0.0103386
-0.0109806
-0.0126848
-0.0132573
-0.0111817
0.00772295
0.0624908
0.188531
2.22205e-05
-8.41518e-06
1.82242e-05
7.27174e-05
0.000161088
0.00028285
0.000437156
0.000622727
0.000837355
0.00107761
0.00133858
0.00161366
0.00189441
0.00217058
0.00243034
0.00266089
0.00284894
0.00298192
0.00305955
0.00303801
5.27925e-05
2.07971e-05
4.78912e-05
9.97718e-05
0.000184039
0.000300649
0.000449116
0.000628508
0.000836935
0.00107129
0.00132694
0.00159742
0.00187473
0.00214868
0.0024074
0.00263794
0.00282669
0.00296096
0.00304167
0.00301875
2.32028e-05
-1.33182e-05
1.26138e-05
6.2709e-05
0.000145379
0.000260743
0.000408643
0.000588542
0.000798964
0.00103718
0.00129891
0.00157831
0.00186691
0.00215431
0.00242804
0.00267403
0.00287703
0.00302229
0.00311033
0.0030835
-3.92667e-05
-7.97686e-05
-5.52339e-05
-7.16011e-06
7.38413e-05
0.000188231
0.000336371
0.000518333
0.000733283
0.000979131
0.00125214
0.00154675
0.00185496
0.00216581
0.00246566
0.00273855
0.00296662
0.00313167
0.00323308
0.00320419
-0.000141294
-0.000186428
-0.000163592
-0.000117708
-3.82191e-05
7.57989e-05
0.0002254
0.000411471
0.000634065
0.000891998
0.00118238
0.00150018
0.00183772
0.00218368
0.0025231
0.00283741
0.00310468
0.00330124
0.0034241
0.0033941
-0.000283709
-0.000334589
-0.000313928
-0.000270817
-0.000193269
-7.97663e-05
7.16361e-05
0.000262887
0.000495223
0.000768711
0.00108168
0.00143013
0.00180717
0.00220124
0.00259599
0.00296957
0.00329442
0.00353856
0.0036945
0.00366507
-0.000467842
-0.00052587
-0.000508144
-0.000468958
-0.000394564
-0.000282712
-0.000130347
6.58333e-05
0.000308612
0.000599767
0.000939405
0.00132513
0.00175167
0.00220792
0.0026765
0.0031319
0.00353921
0.00385416
0.00406072
0.00403602
-0.000695699
-0.000762579
-0.000748905
-0.000715456
-0.000646352
-0.000538484
-0.000387444
-0.000188272
6.37669e-05
0.000372712
0.000741179
0.00116926
0.00165443
0.0021875
0.00275128
0.00331703
0.003841
0.00426148
0.00454613
0.00453669
-0.000969692
-0.00104744
-0.00103929
-0.00101413
-0.000953523
-0.000853388
-0.000707736
-0.000509649
-0.000252044
7.197e-05
0.000468453
0.000941357
0.00149144
0.002115
0.00279749
0.00350884
0.00419623
0.00477545
0.0051825
0.00521474
-0.0012926
-0.00138353
-0.0013827
-0.00136915
-0.00132142
-0.00123437
-0.00110022
-0.000909873
-0.000653598
-0.000321195
9.76277e-05
0.000612734
0.00122887
0.0019529
0.00277696
0.00367499
0.00458812
0.00540802
0.00601072
0.0061504
-0.00166769
-0.00177441
-0.00178277
-0.00178484
-0.00175556
-0.00168866
-0.00157438
-0.00140129
-0.00115696
-0.000827772
-0.000398831
0.000145627
0.000822144
0.00164685
0.00262775
0.00375382
0.00497083
0.00615385
0.00707864
0.00748497
-0.00209906
-0.00222425
-0.00224331
-0.00226547
-0.00226133
-0.00222332
-0.00213951
-0.00199613
-0.00177828
-0.00146932
-0.00105001
-0.000497261
0.000216742
0.00112123
0.00225197
0.00363157
0.0052373
0.00695655
0.00842426
0.00946461
-0.00259252
-0.00273802
-0.00276809
-0.00281492
-0.00284347
-0.00284464
-0.0028039
-0.00270522
-0.00253184
-0.0022654
-0.00188439
-0.00136101
-0.00065795
0.000271387
0.00150132
0.0031084
0.00515645
0.0076161
0.009963
0.0125652
-0.00315928
-0.0033225
-0.00335866
-0.00343382
-0.00350423
-0.00355718
-0.00357408
-0.00353664
-0.00342748
-0.00322857
-0.00291996
-0.00247371
-0.00184677
-0.000966283
0.000217946
0.00187771
0.00426324
0.00757276
0.0111976
0.0168918
-0.00380878
-0.00400436
-0.00404062
-0.00415139
-0.00426525
-0.00437389
-0.00445772
-0.00449566
-0.00446909
-0.00436278
-0.00416558
-0.00386536
-0.00344345
-0.00286198
-0.00199965
-0.000736539
0.00138473
0.00533807
0.0100521
0.0207007
-0.00464542
-0.00464138
-0.00464876
-0.00476243
-0.00495897
-0.00518333
-0.00539292
-0.00555119
-0.00563652
-0.00564025
-0.00556964
-0.00543874
-0.0052727
-0.00508807
-0.00488702
-0.004564
-0.00394998
-0.00157397
0.00140673
0.0184757
-0.0052691
-0.0058345
-0.00576463
-0.00604725
-0.00627075
-0.00651164
-0.00673906
-0.00692678
-0.00706022
-0.00713347
-0.00717251
-0.00722366
-0.00739257
-0.00784269
-0.0088809
-0.010777
-0.0153118
-0.0158936
-0.0146195
0.0118631
-0.00846619
-0.00604375
-0.00587232
-0.00584325
-0.00625894
-0.00678805
-0.00733141
-0.00779247
-0.0081458
-0.00836769
-0.0085279
-0.00867486
-0.00904493
-0.00984517
-0.0119512
-0.0151159
-0.0233941
-0.0271996
-0.0257665
0.0196039
-0.00539897
-0.0084949
-0.00813004
-0.00892876
-0.0092449
-0.00960287
-0.00994284
-0.0101873
-0.0103535
-0.0103896
-0.0103626
-0.0103944
-0.0106754
-0.0115826
-0.0145074
-0.0182179
-0.0283157
-0.0291202
-0.0133575
0.0611475
-0.0294027
-0.00496653
-0.00462548
-0.00485514
-0.00554071
-0.0065048
-0.007532
-0.00833099
-0.00901256
-0.00934306
-0.00971271
-0.00984204
-0.0104795
-0.0111837
-0.0129705
-0.0136596
-0.0116022
0.00758959
0.0637312
0.191512
2.72269e-05
-3.70662e-06
2.26858e-05
7.69073e-05
0.000165089
0.000286766
0.000441106
0.000626848
0.000841793
0.00108252
0.00134411
0.00161996
0.00190159
0.00217868
0.00243937
0.00267074
0.00285941
0.00299275
0.00307051
0.00304872
5.82503e-05
2.59559e-05
5.2805e-05
0.000104399
0.000188453
0.000304943
0.000453405
0.000632924
0.000841626
0.00107641
0.00133266
0.0016039
0.0018821
0.00215699
0.00241667
0.00264809
0.00283752
0.00297218
0.00305307
0.00302989
2.9387e-05
-7.44925e-06
1.82239e-05
6.80044e-05
0.000150428
0.000265635
0.000413493
0.000593489
0.000804169
0.00104283
0.00130518
0.0015854
0.00187497
0.00216346
0.00243833
0.00268537
0.00288923
0.00303504
0.00312336
0.00309627
-3.19997e-05
-7.28382e-05
-4.85876e-05
-8.72441e-07
7.98309e-05
0.000194009
0.000342056
0.000524075
0.000739267
0.000985569
0.00125926
0.0015548
0.00186417
0.00217636
0.00247763
0.00275192
0.0029812
0.00314707
0.00324897
0.00321985
-0.000132636
-0.000178133
-0.00015562
-0.000110155
-3.10334e-05
8.27022e-05
0.000232147
0.000418231
0.000641055
0.000899481
0.00119065
0.00150958
0.00184855
0.00219623
0.00253757
0.00285383
0.00312288
0.00332076
0.00344447
0.00341435
-0.000273282
-0.000324559
-0.000304278
-0.000261674
-0.00018459
-7.14713e-05
7.96822e-05
0.00027088
0.000503424
0.000777449
0.00109135
0.00144117
0.00182004
0.0022164
0.00261379
0.00299019
0.00331774
0.00356404
0.00372147
0.00369212
-0.000455157
-0.000513625
-0.000496366
-0.000457815
-0.000384032
-0.000272722
-0.000120753
7.52558e-05
0.000318179
0.000609891
0.000950598
0.001338
0.00176688
0.00222618
0.00269844
0.00315796
0.00356941
0.0038879
0.00409705
0.00407288
-0.000680111
-0.00074749
-0.00073441
-0.000701789
-0.000633525
-0.000526445
-0.000376046
-0.000177258
7.47755e-05
0.000384228
0.000753861
0.00118392
0.00167204
0.00220912
0.00277799
0.0033497
0.00388003
0.00430631
0.00459544
0.0045875
-0.000950333
-0.00102866
-0.0010213
-0.000997262
-0.000937843
-0.000838884
-0.000694268
-0.000496934
-0.000239636
8.46976e-05
0.000482331
0.000957427
0.00151109
0.00213979
0.00282911
0.00354894
0.00424596
0.00483469
0.00524949
0.00528529
-0.0012683
-0.00135993
-0.00136018
-0.00134818
-0.00130217
-0.0012169
-0.00108441
-0.000895423
-0.000640001
-0.000307708
0.000112023
0.000629385
0.00124953
0.00197978
0.00281266
0.00372238
0.00464979
0.00548508
0.00610122
0.00624883
-0.00163687
-0.00174443
-0.00175431
-0.00175858
-0.00173182
-0.00166759
-0.00155593
-0.00138516
-0.00114259
-0.000814322
-0.00038512
0.00016123
0.000841726
0.00167338
0.00266486
0.0038062
0.00504369
0.00625112
0.00719952
0.00762282
-0.00205955
-0.00218579
-0.00220699
-0.0022323
-0.00223184
-0.00219784
-0.00211807
-0.00197847
-0.0017638
-0.00145713
-0.00103883
-0.000485293
0.00023182
0.00114304
0.00228475
0.0036824
0.00531587
0.0070729
0.00858178
0.00965805
-0.0025414
-0.00268825
-0.00272131
-0.00277264
-0.00280654
-0.00281364
-0.002779
-0.00268621
-0.00251814
-0.00225614
-0.00187829
-0.00135643
-0.000652351
0.000281091
0.00151857
0.00314296
0.00522484
0.00774103
0.0101597
0.0128351
-0.00309257
-0.00325757
-0.00329787
-0.0033794
-0.00345752
-0.00351911
-0.00354503
-0.00351643
-0.00341552
-0.00322421
-0.00292223
-0.00248142
-0.00185764
-0.000973781
0.000204633
0.00187118
0.00428557
0.00767019
0.0114189
0.0172468
-0.00372213
-0.00392014
-0.00396204
-0.00408184
-0.00420634
-0.00432698
-0.00442353
-0.00447423
-0.00445995
-0.00436539
-0.00417967
-0.00389151
-0.00348404
-0.00292424
-0.00207672
-0.000841868
0.00124703
0.00530836
0.0102258
0.0210895
-0.00453063
-0.00452887
-0.00454347
-0.00466872
-0.00488014
-0.00512182
-0.00535002
-0.0055268
-0.00562993
-0.00565056
-0.00559672
-0.00548433
-0.00534166
-0.00518981
-0.00503687
-0.00480466
-0.00448707
-0.0018852
0.00135189
0.0187058
-0.00512635
-0.00569728
-0.00563364
-0.00593276
-0.00617533
-0.00643867
-0.0066905
-0.00690174
-0.007058
-0.00715297
-0.00721367
-0.00728902
-0.00749006
-0.00798746
-0.00909743
-0.0110721
-0.0156028
-0.0166012
-0.015078
0.0118047
-0.00827741
-0.00585874
-0.00569779
-0.00568558
-0.00612451
-0.00668329
-0.00726029
-0.00775409
-0.00813877
-0.00838916
-0.0085764
-0.00875164
-0.00916026
-0.0100181
-0.0122337
-0.0155499
-0.0241608
-0.0283035
-0.0264473
0.0193548
-0.00521607
-0.00831044
-0.00792905
-0.00874359
-0.00908197
-0.00947331
-0.00985846
-0.0101415
-0.0103454
-0.0104151
-0.0104173
-0.0104779
-0.0107944
-0.0117576
-0.0147952
-0.0186652
-0.0290631
-0.0300432
-0.0137606
0.0617167
-0.0291542
-0.00470229
-0.00436336
-0.0046104
-0.0053302
-0.00634049
-0.00741919
-0.00826714
-0.00899426
-0.0093626
-0.00976634
-0.00992367
-0.0105992
-0.011354
-0.0132242
-0.0140003
-0.0120463
0.00725454
0.0639864
0.192915
3.15851e-05
5.3729e-07
2.67812e-05
8.08314e-05
0.000168883
0.000290494
0.000444856
0.000630726
0.000845917
0.00108702
0.00134911
0.00162558
0.00190792
0.00218578
0.00244724
0.00267932
0.00286856
0.00300227
0.00308024
0.0030584
6.28593e-05
3.04423e-05
5.71388e-05
0.000108554
0.000192468
0.00030888
0.000457351
0.000636983
0.000845921
0.00108108
0.00133783
0.0016097
0.00188863
0.00216434
0.00242484
0.00265702
0.00284707
0.00298217
0.0030633
0.00304009
3.4541e-05
-2.4223e-06
2.30857e-05
7.26667e-05
0.000154925
0.000270029
0.000417872
0.000597965
0.000808875
0.00104791
0.0013108
0.00159172
0.00188211
0.00217154
0.00244737
0.00269535
0.0029
0.00304638
0.00313505
0.00310796
-2.60027e-05
-6.69767e-05
-4.29134e-05
4.56795e-06
8.50665e-05
0.0001991
0.000347093
0.000529182
0.000744595
0.000991295
0.00126558
0.00156192
0.00187228
0.00218561
0.00248812
0.00276364
0.002994
0.00316071
0.00326314
0.00323409
-0.000125511
-0.000171157
-0.000148865
-0.000103684
-2.48254e-05
8.87045e-05
0.000238041
0.000424157
0.000647191
0.000906046
0.0011979
0.00151777
0.00185798
0.00220713
0.00255012
0.00286808
0.00313871
0.00333785
0.00346244
0.00343249
-0.000264697
-0.000316139
-0.00029613
-0.000253885
-0.000177151
-6.43293e-05
8.66315e-05
0.000277795
0.000510521
0.000785001
0.00109968
0.00145066
0.00183108
0.00222937
0.00262901
0.00300783
0.00333772
0.00358599
0.00374484
0.00371589
-0.000444697
-0.000503356
-0.000486444
-0.000448362
-0.000375061
-0.000264189
-0.000112551
8.33083e-05
0.000326341
0.000618504
0.000960086
0.00134886
0.0017797
0.00224153
0.00271686
0.00317984
0.00359481
0.00391639
0.00412786
0.00410449
-0.000667241
-0.000734847
-0.000722226
-0.00069024
-0.000622657
-0.000516238
-0.000366393
-0.000167956
8.40316e-05
0.000393858
0.000764404
0.00119604
0.00168656
0.00222692
0.00279994
0.00337654
0.00391212
0.00434328
0.00463622
0.00462984
-0.000934354
-0.00101295
-0.00100622
-0.000983064
-0.000924628
-0.00082667
-0.000682963
-0.000486319
-0.000229361
9.51346e-05
0.000493598
0.00097036
0.00152687
0.00215965
0.00285443
0.00358105
0.00428579
0.00488218
0.00530326
0.00534209
-0.00124829
-0.00134026
-0.00134137
-0.00133062
-0.00128604
-0.00120227
-0.00107124
-0.000883491
-0.000628919
-0.000296896
0.000123375
0.00064237
0.00126553
0.00200057
0.00284029
0.00375914
0.00469768
0.00554491
0.00617145
0.00632495
-0.00161159
-0.00171959
-0.00173068
-0.00173671
-0.00171202
-0.00165006
-0.00154066
-0.00137197
-0.00113107
-0.000803851
-0.000374785
0.000172687
0.000856029
0.00169287
0.00269227
0.00384519
0.00509818
0.00632384
0.00728968
0.00772429
-0.00202739
-0.00215419
-0.00217708
-0.00220488
-0.0022074
-0.00217674
-0.0021004
-0.0019641
-0.00175237
-0.00144801
-0.00103106
-0.000477598
0.000241593
0.00115781
0.00230719
0.00371813
0.00537204
0.00715625
0.00869399
0.0097921
-0.0025003
-0.00264785
-0.00268323
-0.00273802
-0.00277617
-0.00278807
-0.00275851
-0.00267075
-0.00250741
-0.00224961
-0.00187506
-0.00135513
-0.000650554
0.00028693
0.00152772
0.00316459
0.00527122
0.00782661
0.0102929
0.0130091
-0.0030399
-0.0032058
-0.00324918
-0.00333545
-0.00341946
-0.00348784
-0.00352102
-0.00349979
-0.00340605
-0.00322153
-0.00292573
-0.00249002
-0.00186794
-0.000972916
0.000191482
0.00186335
0.00430244
0.00773489
0.0115624
0.0174605
-0.00365528
-0.00385441
-0.00390027
-0.00402642
-0.00415874
-0.00428849
-0.00439498
-0.00445598
-0.00445201
-0.00436765
-0.00419222
-0.00391519
-0.0035221
-0.00298909
-0.00214081
-0.000911526
0.00119134
0.00529691
0.0103398
0.021317
-0.0044447
-0.00444385
-0.00446329
-0.00459635
-0.00481813
-0.00507226
-0.00531427
-0.00550533
-0.00562277
-0.00565759
-0.00561832
-0.00552214
-0.00539959
-0.00527459
-0.00515132
-0.00495781
-0.00465994
-0.00205559
0.00133929
0.0188517
-0.00502471
-0.00559717
-0.00553699
-0.00584575
-0.00610044
-0.00637884
-0.0066479
-0.00687691
-0.00705123
-0.00716421
-0.00724353
-0.00733982
-0.00756734
-0.00810078
-0.00926127
-0.0113061
-0.0159712
-0.0170402
-0.0153283
0.0117756
-0.00814615
-0.00572801
-0.00557355
-0.00557088
-0.00602392
-0.00660154
-0.00720092
-0.00771807
-0.00812634
-0.00839952
-0.00860956
-0.00880954
-0.00925027
-0.0101526
-0.0124442
-0.015865
-0.0246954
-0.0289992
-0.0268778
0.0191545
-0.00510359
-0.00818907
-0.00779402
-0.00861383
-0.00896232
-0.00937129
-0.00978615
-0.0100941
-0.0103259
-0.0104222
-0.0104493
-0.0105367
-0.0108858
-0.0118945
-0.0150127
-0.0189934
-0.0295891
-0.0306929
-0.0141496
0.0618391
-0.029001
-0.0045382
-0.00419616
-0.004448
-0.00518328
-0.00621896
-0.00732977
-0.00821071
-0.00897005
-0.00936677
-0.00979544
-0.00998259
-0.0106928
-0.0114891
-0.0134254
-0.0142731
-0.0124094
0.00691014
0.0639555
0.193449
3.5066e-05
3.97381e-06
3.01276e-05
8.40722e-05
0.000172039
0.000293609
0.000447992
0.000633959
0.000849338
0.00109072
0.0013532
0.00163015
0.00191303
0.0021915
0.00245356
0.0026862
0.0028759
0.00300996
0.00308813
0.00306631
6.64915e-05
3.40228e-05
6.06262e-05
0.000111932
0.000195757
0.000312123
0.00046061
0.000640337
0.000849462
0.0010849
0.00134205
0.00161442
0.00189393
0.00217027
0.00243142
0.0026642
0.00285478
0.00299025
0.00307163
0.00304847
3.85686e-05
1.55249e-06
2.6958e-05
7.64153e-05
0.000158568
0.000273608
0.000421451
0.000601628
0.000812723
0.00105206
0.00131537
0.00159683
0.00188788
0.00217804
0.00245464
0.00270337
0.00290867
0.00305555
0.00314454
0.00311753
-2.13507e-05
-6.23816e-05
-3.84378e-05
8.89467e-06
8.92581e-05
0.000203196
0.000351162
0.000533316
0.00074891
0.000995927
0.00127068
0.00156765
0.00187878
0.00219302
0.00249651
0.00277301
0.00300427
0.00317168
0.00327458
0.00324567
-0.000120004
-0.000165713
-0.000143568
-9.85749e-05
-1.98967e-05
9.34902e-05
0.000242755
0.000428904
0.000652109
0.000911303
0.00120369
0.00152431
0.00186547
0.00221578
0.00256007
0.00287938
0.00315128
0.00335147
0.00347679
0.00344708
-0.000258071
-0.000309587
-0.000289764
-0.000247764
-0.000171281
-5.86768e-05
9.2142e-05
0.000283283
0.000516151
0.000790983
0.00110627
0.00145814
0.00183975
0.00223955
0.00264094
0.00302164
0.0033534
0.00360325
0.00376325
0.00373471
-0.000436629
-0.000495376
-0.00047871
-0.000440962
-0.000368017
-0.000257479
-0.000106097
8.96406e-05
0.000332748
0.000625245
0.000967487
0.00135731
0.00178963
0.00225341
0.0027311
0.00319673
0.00361442
0.00393843
0.00415171
0.00412906
-0.000657323
-0.000725038
-0.000712752
-0.000681229
-0.000614162
-0.000508256
-0.00035885
-0.000160706
9.12174e-05
0.000401295
0.000772502
0.0012053
0.00169762
0.00224045
0.0028166
0.0033969
0.00393644
0.00437131
0.00466713
0.00466202
-0.00092206
-0.0010008
-0.000994532
-0.000972025
-0.000914342
-0.000817168
-0.000674187
-0.000478117
-0.000221476
0.000103074
0.000502088
0.000980019
0.0015386
0.00217439
0.00287323
0.00360488
0.00431533
0.00491737
0.00534305
0.00538411
-0.00123294
-0.00132509
-0.00132685
-0.00131702
-0.00127353
-0.00119095
-0.00106108
-0.000874345
-0.000620516
-0.000288817
0.000131719
0.000651776
0.00127701
0.00201549
0.0028602
0.00378569
0.00473227
0.00558803
0.0062219
0.00637936
-0.0015923
-0.00170053
-0.00171252
-0.00171986
-0.00169675
-0.00163654
-0.00152893
-0.00136192
-0.00112244
-0.000796198
-0.000367477
0.000180556
0.000865656
0.00170608
0.00271117
0.00387243
0.00513639
0.00637465
0.00735227
0.00779389
-0.00200303
-0.00213013
-0.00215426
-0.00218389
-0.00218866
-0.00216054
-0.00208688
-0.00195321
-0.00174388
-0.00144152
-0.00102596
-0.000472905
0.000247165
0.00116679
0.00232153
0.00374201
0.00541016
0.00721255
0.00876895
0.0098797
-0.00246948
-0.00261741
-0.00265446
-0.00271175
-0.00275302
-0.00276853
-0.00274283
-0.002659
-0.00249945
-0.00224512
-0.00187352
-0.00135564
-0.000651215
0.000290677
0.00153229
0.00317806
0.00530183
0.00788252
0.0103781
0.0131165
-0.00300098
-0.00316733
-0.00321288
-0.00330247
-0.0033907
-0.00346403
-0.00350263
-0.00348702
-0.00339889
-0.00321982
-0.00292912
-0.00249765
-0.00187523
-0.000948095
0.000182722
0.00185759
0.00431458
0.00777623
0.0116503
0.0175851
-0.00360673
-0.0038064
-0.00385491
-0.00398531
-0.00412307
-0.0042593
-0.00437303
-0.00444169
-0.0044456
-0.00436919
-0.00420188
-0.00393363
-0.0035534
-0.00306357
-0.00218893
-0.000956642
0.00116157
0.00529199
0.0104076
0.0214459
-0.00438374
-0.00438324
-0.0044058
-0.00454393
-0.00477262
-0.00503527
-0.00528691
-0.00548829
-0.00561633
-0.00566196
-0.00563393
-0.0055501
-0.00544258
-0.00533824
-0.00523156
-0.00505777
-0.00476769
-0.00215513
0.00133323
0.0189345
-0.00495476
-0.00552745
-0.00546922
-0.00578362
-0.00604587
-0.00633411
-0.00661466
-0.00685629
-0.00704377
-0.00717032
-0.00726396
-0.00737625
-0.00762334
-0.00818223
-0.00937628
-0.0114679
-0.0162086
-0.0173052
-0.015482
0.011752
-0.00805776
-0.00563928
-0.00548882
-0.00549158
-0.00595318
-0.00654255
-0.00715593
-0.00768913
-0.00811406
-0.00840403
-0.00863149
-0.00885047
-0.00931517
-0.0102492
-0.0125912
-0.0160798
-0.0250398
-0.0294315
-0.0271648
0.0189899
-0.00503131
-0.0081093
-0.00770525
-0.00852664
-0.00888036
-0.00930175
-0.00972809
-0.0100557
-0.0103066
-0.0104223
-0.010469
-0.0105771
-0.0109516
-0.0119938
-0.0151668
-0.0192204
-0.0299443
-0.0311256
-0.0144681
0.0618042
-0.0289043
-0.00443503
-0.00408968
-0.00434239
-0.005085
-0.00613461
-0.00726406
-0.0081663
-0.00894768
-0.00936569
-0.00981704
-0.0100239
-0.0107608
-0.0115876
-0.0135726
-0.0144716
-0.0126785
0.00663051
0.063815
0.193622
3.74961e-05
6.38821e-06
3.24912e-05
8.63754e-05
0.000174292
0.000295839
0.000450237
0.000636272
0.000851778
0.00109335
0.0013561
0.00163336
0.00191662
0.00219549
0.00245797
0.002691
0.00288104
0.00301535
0.00309368
0.00307191
6.90107e-05
3.65209e-05
6.30714e-05
0.000114315
0.000198089
0.000314429
0.00046293
0.000642725
0.000851978
0.00108762
0.00134503
0.00161774
0.00189764
0.00217442
0.00243602
0.00266923
0.00286018
0.00299594
0.00307749
0.00305439
4.13464e-05
4.30885e-06
2.9655e-05
7.90407e-05
0.000161131
0.000276134
0.000423982
0.00060422
0.000815444
0.00105499
0.00131859
0.00160042
0.00189192
0.00218258
0.00245972
0.00270897
0.00291474
0.00306197
0.0031512
0.00312427
-1.81593e-05
-5.92137e-05
-3.53409e-05
1.19031e-05
9.21844e-05
0.000206065
0.000354018
0.00053622
0.00075194
0.000999176
0.00127425
0.00157165
0.00188332
0.00219818
0.00250235
0.00277953
0.00301141
0.00317933
0.00328258
0.00325379
-0.000116239
-0.000161975
-0.000139918
-9.50409e-05
-1.64763e-05
9.68199e-05
0.000246041
0.000432216
0.000655539
0.000914965
0.00120772
0.00152885
0.00187067
0.00222177
0.00256695
0.00288719
0.00315997
0.0033609
0.00348674
0.00345722
-0.000253549
-0.000305097
-0.000285391
-0.000243547
-0.000167226
-5.47651e-05
9.59593e-05
0.000287086
0.000520049
0.000795119
0.00111081
0.00146328
0.00184572
0.00224653
0.00264911
0.00303111
0.00336414
0.00361508
0.00377588
0.00374765
-0.000431131
-0.000489919
-0.00047341
-0.000435878
-0.000363169
-0.000252856
-0.00010165
9.4e-05
0.000337151
0.000629867
0.000972546
0.00136307
0.00179639
0.00226147
0.00274075
0.00320817
0.0036277
0.00395335
0.00416787
0.00414574
-0.000650574
-0.000718343
-0.000706274
-0.000675056
-0.000608336
-0.00050278
-0.00035368
-0.000155746
9.61174e-05
0.000406345
0.000777973
0.00121153
0.00170504
0.0022495
0.00282774
0.0034105
0.00395269
0.00439001
0.00468775
0.00468348
-0.000913709
-0.000992521
-0.000986558
-0.000964485
-0.000907311
-0.000810675
-0.000668199
-0.00047254
-0.000216144
0.000108403
0.000507736
0.000986392
0.00154629
0.00218405
0.00288555
0.00362053
0.00433472
0.00494043
0.00536907
0.00541154
-0.00122254
-0.00131478
-0.00131697
-0.00130776
-0.00126502
-0.00118325
-0.00105418
-0.000868161
-0.000614883
-0.000283471
0.000137149
0.000657803
0.00128425
0.00202486
0.00287286
0.00380272
0.0047545
0.00561569
0.00625414
0.00641396
-0.00157928
-0.00168764
-0.00170022
-0.00170843
-0.00168639
-0.00162737
-0.001521
-0.00135516
-0.0011167
-0.000791235
-0.000362921
0.000185194
0.000871037
0.00171338
0.00272244
0.00388933
0.00516034
0.00640641
0.00739117
0.00783672
-0.0019867
-0.00211396
-0.0021389
-0.00216972
-0.00217599
-0.00214958
-0.00207775
-0.0019459
-0.00173828
-0.00143743
-0.0010231
-0.000470976
0.000248363
0.00116818
0.00232821
0.00375588
0.00543329
0.00724671
0.00881396
0.00993136
-0.00244898
-0.00259711
-0.00263523
-0.00269413
-0.00273745
-0.00275535
-0.00273226
-0.00265111
-0.00249421
-0.00224241
-0.00187326
-0.00135809
-0.000658107
0.000274593
0.00152854
0.00318421
0.00531956
0.00791525
0.0104271
0.0131763
-0.00297536
-0.00314195
-0.00318886
-0.00328054
-0.00337149
-0.00344805
-0.00349022
-0.00347839
-0.00339409
-0.00321885
-0.00293206
-0.00250545
-0.00189481
-0.0010289
0.00016239
0.00185114
0.00432077
0.00779925
0.0116983
0.0176502
-0.00357516
-0.00377508
-0.00382522
-0.00395823
-0.0040994
-0.00423976
-0.00435818
-0.0044319
-0.00444108
-0.00437003
-0.00420796
-0.00394385
-0.0035603
-0.00301616
-0.00220568
-0.000982392
0.00114376
0.00528809
0.0104424
0.02151
-0.00434476
-0.00434437
-0.00436878
-0.00450995
-0.00474286
-0.00501078
-0.0052685
-0.00547652
-0.00561153
-0.00566432
-0.0056436
-0.00556694
-0.00546506
-0.00536192
-0.00527656
-0.00511712
-0.00483167
-0.00221161
0.0013277
0.0189735
-0.00491082
-0.00548339
-0.00542623
-0.00574376
-0.00601042
-0.00630454
-0.00659213
-0.00684173
-0.00703779
-0.00717331
-0.00727642
-0.00739898
-0.00765773
-0.0082308
-0.00944668
-0.0115658
-0.016344
-0.0174532
-0.0155717
0.0117292
-0.00800331
-0.00558437
-0.00543617
-0.00544184
-0.00590826
-0.00650439
-0.00712621
-0.00766917
-0.00810467
-0.00840561
-0.00864464
-0.00887622
-0.00935635
-0.0103102
-0.0126825
-0.0162108
-0.0252403
-0.029679
-0.0273405
0.0188729
-0.00498732
-0.00806044
-0.00765117
-0.00847288
-0.00882908
-0.00925663
-0.00969052
-0.0100292
-0.010292
-0.0104202
-0.0104801
-0.0106022
-0.0109937
-0.0120576
-0.0152642
-0.0193618
-0.0301604
-0.0313894
-0.0146869
0.0617241
-0.0288473
-0.00437448
-0.00402676
-0.00427916
-0.00502499
-0.00608169
-0.00722151
-0.00813628
-0.0089313
-0.00936301
-0.00982875
-0.0100496
-0.0108045
-0.0116515
-0.0136672
-0.0145995
-0.0128514
0.00643861
0.0636846
0.193651
3.87564e-05
7.64356e-06
3.37231e-05
8.75791e-05
0.000175472
0.000297007
0.000451413
0.000637482
0.000853051
0.00109472
0.0013576
0.00163503
0.00191848
0.00219755
0.00246024
0.00269348
0.00288369
0.00301813
0.00309655
0.0030748
7.03126e-05
3.78152e-05
6.43411e-05
0.000115556
0.000199305
0.000315633
0.000464142
0.00064397
0.000853289
0.00108903
0.00134658
0.00161945
0.00189956
0.00217656
0.00243838
0.00267182
0.00286296
0.00299886
0.00308052
0.00305745
4.27759e-05
5.7305e-06
3.10489e-05
8.0401e-05
0.000162462
0.000277447
0.000425298
0.000605567
0.000816856
0.0010565
0.00132025
0.00160227
0.001894
0.00218492
0.00246233
0.00271184
0.00291785
0.00306528
0.00315464
0.00312776
-1.65243e-05
-5.75875e-05
-3.37483e-05
1.34536e-05
9.36952e-05
0.000207548
0.000355495
0.000537722
0.000753506
0.00100085
0.00127609
0.00157371
0.00188565
0.00220083
0.00250534
0.00278287
0.00301508
0.00318325
0.00328669
0.00325797
-0.000114316
-0.000160063
-0.000138049
-9.32274e-05
-1.47186e-05
9.85328e-05
0.000247732
0.00043392
0.000657304
0.000916847
0.00120978
0.00153117
0.00187333
0.00222483
0.00257046
0.00289117
0.00316441
0.00336572
0.00349182
0.00346242
-0.000251246
-0.000302808
-0.000283158
-0.000241391
-0.00016515
-5.2761e-05
9.79157e-05
0.000289034
0.000522045
0.000797233
0.00111313
0.00146591
0.00184875
0.00225008
0.00265326
0.00303592
0.00336958
0.00362109
0.00378229
0.00375423
-0.000428336
-0.000487142
-0.000470711
-0.000433286
-0.000360695
-0.000250496
-9.93803e-05
9.62238e-05
0.000339394
0.000632217
0.000975113
0.00136598
0.0017998
0.00226554
0.00274562
0.00321394
0.00363439
0.00396086
0.00417601
0.00415413
-0.00064715
-0.000714942
-0.000702982
-0.000671916
-0.00060537
-0.000499992
-0.000351049
-0.000153226
9.86013e-05
0.000408897
0.000780728
0.00121466
0.00170875
0.00225402
0.00283331
0.00341729
0.00396079
0.00439934
0.00469803
0.00469418
-0.000909482
-0.000988325
-0.000982514
-0.000960657
-0.000903741
-0.000807378
-0.000665162
-0.000469718
-0.000213455
0.000111076
0.000510551
0.000989544
0.00155009
0.0021888
0.00289163
0.00362825
0.00434429
0.0049518
0.00538188
0.00542504
-0.00121728
-0.00130957
-0.00131198
-0.00130307
-0.0012607
-0.00117934
-0.00105068
-0.000865043
-0.000612058
-0.000280815
0.000139812
0.000660704
0.00128772
0.00202936
0.00287899
0.00381101
0.00476534
0.00562914
0.00626979
0.00643071
-0.00157273
-0.00168115
-0.00169402
-0.00170266
-0.00168115
-0.00162274
-0.00151699
-0.00135176
-0.00111384
-0.000788799
-0.000360748
0.000187329
0.000873414
0.00171663
0.00272766
0.00389736
0.00517181
0.00642162
0.00740971
0.00785702
-0.0019785
-0.00210584
-0.00213118
-0.00216259
-0.00216961
-0.00214406
-0.00207315
-0.00194223
-0.0017355
-0.00143546
-0.00102184
-0.000470335
0.000248436
0.00116832
0.00233089
0.0037622
0.00544415
0.00726275
0.00883496
0.0099552
-0.00243875
-0.00258697
-0.00262562
-0.00268531
-0.00272964
-0.00274872
-0.00272693
-0.00264714
-0.00249161
-0.00224114
-0.00187333
-0.00135972
-0.000661977
0.000267947
0.00152614
0.00318655
0.00532761
0.00793024
0.0104493
0.013203
-0.00296266
-0.00312935
-0.00317692
-0.00326961
-0.00336188
-0.00344002
-0.00348397
-0.00347403
-0.00339168
-0.00321841
-0.00293366
-0.00250951
-0.00190316
-0.00104639
0.000153681
0.00184767
0.00432331
0.00780937
0.0117193
0.0176779
-0.00355962
-0.00375965
-0.00381055
-0.00394481
-0.00408761
-0.00422999
-0.0043507
-0.00442693
-0.00443875
-0.00437038
-0.00421092
-0.00394894
-0.00356542
-0.00301562
-0.00221545
-0.000994777
0.00113505
0.00528573
0.0104567
0.0215364
-0.00432576
-0.00432541
-0.00435068
-0.00449327
-0.00472818
-0.00499861
-0.00525926
-0.00547049
-0.00560897
-0.00566532
-0.00564819
-0.00557496
-0.00547588
-0.00537495
-0.00529786
-0.00514492
-0.00486153
-0.00223747
0.00132362
0.0189884
-0.00488959
-0.00546206
-0.00540537
-0.00572431
-0.005993
-0.00628987
-0.00658081
-0.00683427
-0.00703452
-0.00717449
-0.00728229
-0.00740985
-0.00767418
-0.00825403
-0.00948009
-0.0116117
-0.0164056
-0.0175196
-0.0156139
0.0117155
-0.00797733
-0.00555813
-0.00541096
-0.00541789
-0.00588649
-0.00648571
-0.00711147
-0.00765908
-0.00809968
-0.00840601
-0.00865077
-0.00888859
-0.00937624
-0.0103395
-0.0127261
-0.0162724
-0.0253323
-0.0297914
-0.0274243
0.0188131
-0.00496632
-0.00803714
-0.00762552
-0.00844723
-0.00880443
-0.00923463
-0.00967209
-0.0100159
-0.0102843
-0.0104187
-0.0104851
-0.0106142
-0.0110142
-0.0120886
-0.0153113
-0.0194294
-0.0302623
-0.0315139
-0.0147971
0.0616718
-0.0288206
-0.00434631
-0.00399741
-0.00424949
-0.00499654
-0.00605625
-0.0072007
-0.00812126
-0.00892275
-0.00936113
-0.00983393
-0.0100619
-0.0108257
-0.0116827
-0.0137133
-0.0146617
-0.0129355
0.00634229
0.0636099
0.193643
3.87875e-05
7.67386e-06
3.37519e-05
8.76058e-05
0.000175496
0.000297028
0.000451432
0.000637497
0.000853064
0.00109474
0.00135761
0.00163503
0.00191848
0.00219756
0.00246025
0.00269348
0.00288369
0.00301813
0.00309655
0.0030748
7.03428e-05
3.78446e-05
6.43691e-05
0.000115582
0.000199329
0.000315654
0.00046416
0.000643986
0.000853302
0.00108904
0.00134659
0.00161946
0.00189957
0.00217656
0.00243839
0.00267183
0.00286296
0.00299887
0.00308052
0.00305745
4.28044e-05
5.75831e-06
3.10753e-05
8.04253e-05
0.000162483
0.000277467
0.000425315
0.000605582
0.000816869
0.00105651
0.00132026
0.00160228
0.00189401
0.00218493
0.00246234
0.00271185
0.00291786
0.00306528
0.00315464
0.00312776
-1.64979e-05
-5.75619e-05
-3.37241e-05
1.34758e-05
9.37152e-05
0.000207566
0.00035551
0.000537735
0.000753518
0.00100086
0.0012761
0.00157372
0.00188566
0.00220084
0.00250535
0.00278288
0.00301508
0.00318326
0.0032867
0.00325797
-0.000114292
-0.00016004
-0.000138028
-9.32075e-05
-1.47008e-05
9.85486e-05
0.000247746
0.000433932
0.000657315
0.000916857
0.00120979
0.00153118
0.00187334
0.00222484
0.00257046
0.00289118
0.00316442
0.00336572
0.00349183
0.00346242
-0.000251225
-0.000302787
-0.000283139
-0.000241373
-0.000165135
-5.27472e-05
9.79278e-05
0.000289044
0.000522054
0.000797242
0.00111314
0.00146592
0.00184876
0.00225009
0.00265327
0.00303592
0.00336959
0.00362109
0.0037823
0.00375424
-0.000428318
-0.000487124
-0.000470694
-0.00043327
-0.000360681
-0.000250484
-9.937e-05
9.62329e-05
0.000339402
0.000632225
0.00097512
0.00136599
0.00179981
0.00226555
0.00274562
0.00321394
0.0036344
0.00396087
0.00417601
0.00415414
-0.000647134
-0.000714927
-0.000702967
-0.000671902
-0.000605358
-0.000499981
-0.00035104
-0.000153218
9.86087e-05
0.000408904
0.000780735
0.00121467
0.00170875
0.00225403
0.00283331
0.0034173
0.0039608
0.00439934
0.00469803
0.00469419
-0.000909468
-0.000988312
-0.000982502
-0.000960646
-0.00090373
-0.000807368
-0.000665154
-0.00046971
-0.000213448
0.000111083
0.000510557
0.00098955
0.00155009
0.00218881
0.00289163
0.00362825
0.00434429
0.00495181
0.00538189
0.00542504
-0.00121727
-0.00130956
-0.00131197
-0.00130306
-0.00126069
-0.00117933
-0.00105068
-0.000865036
-0.000612051
-0.000280809
0.000139818
0.000660709
0.00128773
0.00202936
0.00287899
0.00381101
0.00476534
0.00562914
0.00626979
0.00643072
-0.00157272
-0.00168114
-0.00169401
-0.00170265
-0.00168115
-0.00162273
-0.00151698
-0.00135176
-0.00111384
-0.000788793
-0.000360743
0.000187334
0.000873418
0.00171664
0.00272767
0.00389736
0.00517182
0.00642162
0.00740971
0.00785702
-0.00197849
-0.00210583
-0.00213117
-0.00216259
-0.0021696
-0.00214405
-0.00207314
-0.00194222
-0.0017355
-0.00143545
-0.00102183
-0.000470331
0.000248439
0.00116832
0.00233089
0.0037622
0.00544415
0.00726275
0.00883496
0.0099552
-0.00243874
-0.00258696
-0.00262561
-0.0026853
-0.00272963
-0.00274872
-0.00272693
-0.00264714
-0.0024916
-0.00224113
-0.00187333
-0.00135972
-0.000661974
0.000267951
0.00152614
0.00318655
0.00532762
0.00793024
0.0104493
0.013203
-0.00296265
-0.00312934
-0.00317691
-0.0032696
-0.00336187
-0.00344002
-0.00348397
-0.00347402
-0.00339168
-0.00321841
-0.00293366
-0.00250951
-0.00190315
-0.00104638
0.000153684
0.00184768
0.00432332
0.00780937
0.0117193
0.0176779
-0.00355962
-0.00375964
-0.00381055
-0.0039448
-0.0040876
-0.00422998
-0.0043507
-0.00442692
-0.00443874
-0.00437037
-0.00421092
-0.00394893
-0.00356541
-0.00301562
-0.00221544
-0.000994777
0.00113505
0.00528573
0.0104567
0.0215364
-0.00432575
-0.0043254
-0.00435067
-0.00449326
-0.00472817
-0.0049986
-0.00525926
-0.00547048
-0.00560897
-0.00566532
-0.00564819
-0.00557496
-0.00547588
-0.00537495
-0.00529786
-0.00514492
-0.00486153
-0.00223746
0.00132362
0.0189884
-0.00488959
-0.00546205
-0.00540537
-0.0057243
-0.00599299
-0.00628987
-0.0065808
-0.00683427
-0.00703452
-0.00717448
-0.00728228
-0.00740985
-0.00767418
-0.00825403
-0.00948009
-0.0116117
-0.0164056
-0.0175196
-0.0156139
0.0117155
-0.00797733
-0.00555813
-0.00541095
-0.00541789
-0.00588649
-0.00648571
-0.00711147
-0.00765908
-0.00809968
-0.008406
-0.00865077
-0.00888859
-0.00937624
-0.0103395
-0.0127261
-0.0162724
-0.0253323
-0.0297914
-0.0274243
0.0188131
-0.00496632
-0.00803714
-0.00762551
-0.00844723
-0.00880443
-0.00923463
-0.00967208
-0.0100159
-0.0102843
-0.0104187
-0.0104851
-0.0106142
-0.0110142
-0.0120886
-0.0153113
-0.0194294
-0.0302623
-0.0315139
-0.0147971
0.0616718
-0.0288206
-0.00434631
-0.00399741
-0.00424949
-0.00499654
-0.00605624
-0.00720069
-0.00812126
-0.00892275
-0.00936113
-0.00983393
-0.0100619
-0.0108257
-0.0116827
-0.0137133
-0.0146617
-0.0129355
0.00634229
0.0636099
0.193643
3.75913e-05
6.48084e-06
3.2579e-05
8.64565e-05
0.000174366
0.000295903
0.000450293
0.00063632
0.000851819
0.00109339
0.00135612
0.00163339
0.00191664
0.00219551
0.00245798
0.00269101
0.00288105
0.00301536
0.00309369
0.00307192
6.9103e-05
3.66108e-05
6.31565e-05
0.000114394
0.00019816
0.000314492
0.000462985
0.000642772
0.000852019
0.00108765
0.00134506
0.00161776
0.00189766
0.00217444
0.00243603
0.00266925
0.00286019
0.00299595
0.0030775
0.0030544
4.14333e-05
4.39344e-06
2.97349e-05
7.91143e-05
0.000161197
0.000276193
0.000424034
0.000604265
0.000815483
0.00105502
0.00131862
0.00160044
0.00189194
0.0021826
0.00245974
0.00270898
0.00291475
0.00306198
0.00315122
0.00312429
-1.80793e-05
-5.91359e-05
-3.52677e-05
1.19701e-05
9.22446e-05
0.000206119
0.000354065
0.000536262
0.000751977
0.000999208
0.00127428
0.00157168
0.00188334
0.0021982
0.00250237
0.00277955
0.00301143
0.00317934
0.0032826
0.0032538
-0.000116166
-0.000161904
-0.000139853
-9.4981e-05
-1.64228e-05
9.68674e-05
0.000246083
0.000432253
0.000655572
0.000914994
0.00120774
0.00152887
0.00187069
0.00222179
0.00256696
0.00288721
0.00315999
0.00336091
0.00348675
0.00345724
-0.000253484
-0.000305035
-0.000285333
-0.000243495
-0.000167179
-5.47238e-05
9.59956e-05
0.000287118
0.000520078
0.000795145
0.00111084
0.00146331
0.00184574
0.00224655
0.00264913
0.00303113
0.00336415
0.0036151
0.00377589
0.00374766
-0.000431074
-0.000489865
-0.000473359
-0.000435832
-0.000363128
-0.00025282
-0.000101619
9.40272e-05
0.000337175
0.00062989
0.000972569
0.00136309
0.00179641
0.00226149
0.00274077
0.00320818
0.00362771
0.00395336
0.00416788
0.00414575
-0.000650526
-0.000718296
-0.00070623
-0.000675016
-0.000608299
-0.000502748
-0.000353653
-0.000155722
9.61394e-05
0.000406366
0.000777993
0.00121155
0.00170505
0.00224951
0.00282775
0.00341051
0.0039527
0.00439002
0.00468776
0.00468349
-0.000913669
-0.000992481
-0.00098652
-0.000964449
-0.000907279
-0.000810646
-0.000668174
-0.000472518
-0.000216124
0.000108422
0.000507754
0.000986408
0.00154631
0.00218406
0.00288556
0.00362054
0.00433473
0.00494044
0.00536908
0.00541155
-0.0012225
-0.00131475
-0.00131694
-0.00130773
-0.00126499
-0.00118322
-0.00105415
-0.00086814
-0.000614864
-0.000283454
0.000137165
0.000657818
0.00128427
0.00202487
0.00287287
0.00380273
0.00475451
0.00561569
0.00625415
0.00641397
-0.00157925
-0.00168762
-0.0017002
-0.0017084
-0.00168636
-0.00162735
-0.00152097
-0.00135514
-0.00111668
-0.000791218
-0.000362906
0.000185208
0.000871048
0.00171339
0.00272245
0.00388934
0.00516034
0.00640642
0.00739117
0.00783672
-0.00198667
-0.00211394
-0.00213888
-0.0021697
-0.00217597
-0.00214956
-0.00207772
-0.00194588
-0.00173827
-0.00143741
-0.00102309
-0.000470963
0.000248376
0.00116819
0.00232822
0.00375589
0.0054333
0.00724672
0.00881396
0.00993136
-0.00244896
-0.00259709
-0.00263521
-0.00269411
-0.00273743
-0.00275533
-0.00273224
-0.00265109
-0.00249419
-0.00224239
-0.00187324
-0.00135808
-0.000658094
0.000274605
0.00152855
0.00318422
0.00531957
0.00791525
0.0104271
0.0131763
-0.00297535
-0.00314194
-0.00318885
-0.00328053
-0.00337147
-0.00344803
-0.0034902
-0.00347837
-0.00339408
-0.00321884
-0.00293205
-0.00250543
-0.0018948
-0.00102889
0.000162399
0.00185115
0.00432078
0.00779925
0.0116983
0.0176502
-0.00357515
-0.00377507
-0.00382521
-0.00395822
-0.00409938
-0.00423975
-0.00435816
-0.00443189
-0.00444107
-0.00437001
-0.00420795
-0.00394385
-0.00356029
-0.00301615
-0.00220568
-0.00098239
0.00114376
0.00528809
0.0104424
0.02151
-0.00434474
-0.00434436
-0.00436877
-0.00450994
-0.00474285
-0.00501077
-0.00526849
-0.0054765
-0.00561152
-0.00566431
-0.00564359
-0.00556693
-0.00546506
-0.00536192
-0.00527656
-0.00511712
-0.00483167
-0.0022116
0.0013277
0.0189735
-0.00491081
-0.00548338
-0.00542622
-0.00574375
-0.0060104
-0.00630453
-0.00659211
-0.00684172
-0.00703778
-0.0071733
-0.00727641
-0.00739897
-0.00765773
-0.0082308
-0.00944668
-0.0115658
-0.016344
-0.0174532
-0.0155717
0.0117292
-0.00800329
-0.00558436
-0.00543616
-0.00544183
-0.00590825
-0.00650438
-0.00712619
-0.00766916
-0.00810467
-0.0084056
-0.00864463
-0.00887622
-0.00935634
-0.0103102
-0.0126825
-0.0162108
-0.0252403
-0.029679
-0.0273405
0.0188729
-0.00498731
-0.00806043
-0.00765116
-0.00847287
-0.00882907
-0.00925662
-0.00969051
-0.0100292
-0.010292
-0.0104202
-0.0104801
-0.0106022
-0.0109937
-0.0120576
-0.0152642
-0.0193618
-0.0301604
-0.0313894
-0.0146869
0.0617241
-0.0288473
-0.00437447
-0.00402674
-0.00427915
-0.00502498
-0.00608168
-0.0072215
-0.00813627
-0.00893129
-0.00936301
-0.00982875
-0.0100496
-0.0108045
-0.0116515
-0.0136672
-0.0145995
-0.0128514
0.00643861
0.0636846
0.193651
3.52318e-05
4.13438e-06
3.02788e-05
8.42109e-05
0.000172163
0.000293718
0.000448086
0.00063404
0.000849406
0.00109078
0.00135325
0.00163019
0.00191307
0.00219152
0.00245358
0.00268622
0.00287592
0.00300997
0.00308815
0.00306633
6.66515e-05
3.41779e-05
6.07724e-05
0.000112066
0.000195878
0.000312229
0.000460701
0.000640416
0.000849529
0.00108496
0.0013421
0.00161446
0.00189396
0.00217029
0.00243144
0.00266422
0.0028548
0.00299027
0.00307165
0.00304849
3.87182e-05
1.69761e-06
2.70945e-05
7.65403e-05
0.00015868
0.000273707
0.000421538
0.000601704
0.000812789
0.00105211
0.00131542
0.00159687
0.00188791
0.00217806
0.00245467
0.00270339
0.0029087
0.00305557
0.00314456
0.00311755
-2.12142e-05
-6.22491e-05
-3.83136e-05
9.00794e-06
8.93595e-05
0.000203286
0.000351242
0.000533386
0.000748971
0.00099598
0.00127073
0.00156769
0.00187882
0.00219305
0.00249654
0.00277304
0.00300429
0.0031717
0.0032746
0.00324569
-0.000119882
-0.000165594
-0.000143457
-9.84744e-05
-1.9807e-05
9.35698e-05
0.000242826
0.000428967
0.000652165
0.000911351
0.00120373
0.00152435
0.00186551
0.00221582
0.0025601
0.00287941
0.0031513
0.00335149
0.00347681
0.0034471
-0.000257963
-0.000309482
-0.000289666
-0.000247676
-0.000171203
-5.86078e-05
9.22027e-05
0.000283337
0.000516199
0.000791027
0.00110631
0.00145817
0.00183979
0.00223958
0.00264096
0.00302167
0.00335342
0.00360327
0.00376327
0.00373472
-0.000436535
-0.000495285
-0.000478625
-0.000440884
-0.000367948
-0.000257419
-0.000106045
8.96861e-05
0.000332789
0.000625285
0.000967526
0.00135735
0.00178967
0.00225344
0.00273113
0.00319675
0.00361444
0.00393845
0.00415173
0.00412908
-0.000657243
-0.00072496
-0.000712678
-0.000681161
-0.000614101
-0.000508203
-0.000358805
-0.000160667
9.12541e-05
0.000401331
0.000772536
0.00120533
0.00169765
0.00224047
0.00281663
0.00339692
0.00393646
0.00437132
0.00466715
0.00466203
-0.000921992
-0.00100073
-0.000994468
-0.000971966
-0.000914288
-0.000817121
-0.000674146
-0.000478081
-0.000221443
0.000103105
0.000502116
0.000980044
0.00153862
0.00217442
0.00287325
0.0036049
0.00431535
0.00491739
0.00534306
0.00538412
-0.00123288
-0.00132503
-0.00132679
-0.00131697
-0.00127348
-0.00119091
-0.00106104
-0.00087431
-0.000620484
-0.000288789
0.000131745
0.0006518
0.00127704
0.00201551
0.00286022
0.00378571
0.00473229
0.00558805
0.00622191
0.00637937
-0.00159225
-0.00170048
-0.00171247
-0.00171981
-0.00169671
-0.0016365
-0.0015289
-0.00136189
-0.00112241
-0.000796172
-0.000367453
0.000180578
0.000865676
0.0017061
0.00271118
0.00387245
0.0051364
0.00637466
0.00735228
0.0077939
-0.00200299
-0.0021301
-0.00215422
-0.00218385
-0.00218862
-0.0021605
-0.00208684
-0.00195318
-0.00174385
-0.00144149
-0.00102594
-0.000472885
0.000247184
0.00116681
0.00232154
0.00374202
0.00541017
0.00721256
0.00876895
0.0098797
-0.00246945
-0.00261738
-0.00265443
-0.00271172
-0.00275299
-0.00276849
-0.0027428
-0.00265897
-0.00249943
-0.00224509
-0.0018735
-0.00135562
-0.000651194
0.000290694
0.0015323
0.00317807
0.00530184
0.00788253
0.0103781
0.0131165
-0.00300096
-0.00316731
-0.00321286
-0.00330244
-0.00339067
-0.003464
-0.0035026
-0.003487
-0.00339887
-0.0032198
-0.0029291
-0.00249763
-0.00187521
-0.000948082
0.000182734
0.0018576
0.00431459
0.00777623
0.0116503
0.0175851
-0.00360671
-0.00380638
-0.00385489
-0.00398529
-0.00412304
-0.00425927
-0.004373
-0.00444167
-0.00444558
-0.00436917
-0.00420186
-0.00393361
-0.00355338
-0.00306356
-0.00218891
-0.000956633
0.00116158
0.00529199
0.0104076
0.0214459
-0.00438372
-0.00438322
-0.00440578
-0.0045439
-0.0047726
-0.00503525
-0.00528689
-0.00548827
-0.00561632
-0.00566195
-0.00563392
-0.00555009
-0.00544256
-0.00533823
-0.00523154
-0.00505776
-0.00476768
-0.00215512
0.00133323
0.0189345
-0.00495474
-0.00552743
-0.0054692
-0.0057836
-0.00604585
-0.00633409
-0.00661464
-0.00685627
-0.00704376
-0.00717031
-0.00726394
-0.00737624
-0.00762334
-0.00818222
-0.00937628
-0.0114679
-0.0162086
-0.0173052
-0.015482
0.011752
-0.00805774
-0.00563926
-0.0054888
-0.00549156
-0.00595316
-0.00654253
-0.00715591
-0.00768912
-0.00811405
-0.00840402
-0.00863148
-0.00885046
-0.00931516
-0.0102492
-0.0125912
-0.0160798
-0.0250398
-0.0294315
-0.0271648
0.0189899
-0.00503129
-0.00810928
-0.00770523
-0.00852662
-0.00888035
-0.00930173
-0.00972807
-0.0100557
-0.0103066
-0.0104222
-0.010469
-0.0105771
-0.0109516
-0.0119938
-0.0151668
-0.0192204
-0.0299443
-0.0311256
-0.0144681
0.0618042
-0.0289043
-0.004435
-0.00408966
-0.00434237
-0.00508498
-0.00613459
-0.00726404
-0.00816628
-0.00894766
-0.00936568
-0.00981704
-0.0100239
-0.0107608
-0.0115876
-0.0135726
-0.0144716
-0.0126785
0.00663051
0.063815
0.193622
3.1834e-05
7.76629e-07
2.70041e-05
8.10336e-05
0.000169062
0.00029065
0.000444989
0.000630838
0.000846011
0.00108709
0.00134918
0.00162564
0.00190796
0.00218582
0.00244727
0.00267935
0.00286858
0.00300229
0.00308026
0.00305842
6.30977e-05
3.0672e-05
5.73532e-05
0.000108749
0.000192641
0.000309031
0.00045748
0.000637094
0.000846015
0.00108115
0.0013379
0.00160976
0.00188868
0.00216438
0.00242487
0.00265705
0.0028471
0.00298219
0.00306333
0.00304012
3.47613e-05
-2.20963e-06
2.32843e-05
7.2847e-05
0.000155085
0.00027017
0.000417995
0.000598071
0.000808966
0.00104799
0.00131087
0.00159177
0.00188216
0.00217157
0.00244741
0.00269538
0.00290003
0.0030464
0.00313507
0.00310799
-2.58043e-05
-6.6785e-05
-4.27347e-05
4.72992e-06
8.52106e-05
0.000199227
0.000347206
0.000529281
0.000744682
0.000991369
0.00126564
0.00156198
0.00187232
0.00218565
0.00248816
0.00276367
0.00299403
0.00316074
0.00326317
0.00323412
-0.000125336
-0.000170987
-0.000148707
-0.000103542
-2.46987e-05
8.88167e-05
0.000238141
0.000424245
0.000647269
0.000906114
0.00119796
0.00151783
0.00185802
0.00220717
0.00255015
0.00286811
0.00313874
0.00333788
0.00346246
0.00343252
-0.000264544
-0.000315991
-0.000295993
-0.000253761
-0.000177041
-6.42323e-05
8.6717e-05
0.000277871
0.000510589
0.000785063
0.00109974
0.00145071
0.00183112
0.00222941
0.00262904
0.00300786
0.00333775
0.00358602
0.00374486
0.00371591
-0.000444565
-0.000503229
-0.000486325
-0.000448254
-0.000374965
-0.000264106
-0.000112478
8.33722e-05
0.000326399
0.00061856
0.00096014
0.00134891
0.00177974
0.00224157
0.0027169
0.00317987
0.00359483
0.00391642
0.00412788
0.00410451
-0.000667129
-0.000734738
-0.000722124
-0.000690146
-0.000622573
-0.000516165
-0.000366329
-0.000167901
8.40827e-05
0.000393907
0.00076445
0.00119608
0.0016866
0.00222695
0.00279997
0.00337657
0.00391215
0.0043433
0.00463624
0.00462986
-0.00093426
-0.00101286
-0.00100614
-0.000982981
-0.000924553
-0.000826605
-0.000682906
-0.000486269
-0.000229316
9.51763e-05
0.000493636
0.000970395
0.0015269
0.00215968
0.00285446
0.00358108
0.00428582
0.0048822
0.00530328
0.00534211
-0.00124821
-0.00134018
-0.0013413
-0.00133055
-0.00128597
-0.00120221
-0.00107119
-0.000883443
-0.000628877
-0.000296859
0.000123408
0.000642401
0.00126556
0.0020006
0.00284032
0.00375916
0.0046977
0.00554493
0.00617146
0.00632496
-0.00161153
-0.00171953
-0.00173062
-0.00173665
-0.00171196
-0.00165
-0.00154061
-0.00137192
-0.00113103
-0.000803816
-0.000374753
0.000172717
0.000856056
0.00169289
0.00269229
0.00384521
0.00509819
0.00632385
0.00728969
0.0077243
-0.00202734
-0.00215414
-0.00217703
-0.00220483
-0.00220735
-0.00217669
-0.00210035
-0.00196406
-0.00175233
-0.00144798
-0.00103103
-0.000477571
0.000241618
0.00115783
0.00230721
0.00371814
0.00537205
0.00715626
0.008694
0.00979211
-0.00250026
-0.0026478
-0.00268319
-0.00273798
-0.00277612
-0.00278803
-0.00275846
-0.00267071
-0.00250738
-0.00224958
-0.00187503
-0.0013551
-0.000650529
0.000286952
0.00152774
0.00316461
0.00527123
0.00782662
0.0102929
0.0130091
-0.00303987
-0.00320576
-0.00324915
-0.00333541
-0.00341942
-0.0034878
-0.00352098
-0.00349976
-0.00340602
-0.0032215
-0.00292571
-0.00248999
-0.00186792
-0.000972897
0.000191499
0.00186336
0.00430245
0.0077349
0.0115624
0.0174605
-0.00365525
-0.00385438
-0.00390024
-0.00402638
-0.0041587
-0.00428846
-0.00439495
-0.00445594
-0.00445198
-0.00436762
-0.0041922
-0.00391517
-0.00352208
-0.00298907
-0.0021408
-0.000911517
0.00119135
0.00529691
0.0103398
0.021317
-0.00444468
-0.00444382
-0.00446326
-0.00459632
-0.0048181
-0.00507224
-0.00531424
-0.0055053
-0.00562274
-0.00565757
-0.0056183
-0.00552212
-0.00539958
-0.00527457
-0.0051513
-0.00495779
-0.00465993
-0.00205559
0.0013393
0.0188517
-0.00502469
-0.00559714
-0.00553695
-0.00584572
-0.00610042
-0.00637881
-0.00664787
-0.00687688
-0.00705121
-0.00716419
-0.00724351
-0.00733981
-0.00756733
-0.00810077
-0.00926126
-0.0113061
-0.0159712
-0.0170402
-0.0153283
0.0117756
-0.00814613
-0.00572798
-0.00557352
-0.00557085
-0.0060239
-0.00660152
-0.00720089
-0.00771805
-0.00812633
-0.0083995
-0.00860954
-0.00880953
-0.00925025
-0.0101526
-0.0124442
-0.015865
-0.0246953
-0.0289992
-0.0268778
0.0191545
-0.00510357
-0.00818905
-0.00779399
-0.0086138
-0.0089623
-0.00937127
-0.00978612
-0.010094
-0.0103259
-0.0104221
-0.0104493
-0.0105367
-0.0108858
-0.0118945
-0.0150127
-0.0189934
-0.0295891
-0.0306929
-0.0141496
0.0618391
-0.029001
-0.00453817
-0.00419614
-0.00444798
-0.00518326
-0.00621894
-0.00732975
-0.00821069
-0.00897003
-0.00936676
-0.00979543
-0.00998259
-0.0106928
-0.0114891
-0.0134254
-0.0142731
-0.0124094
0.00691015
0.0639555
0.193449
2.75811e-05
-3.36993e-06
2.2994e-05
7.71815e-05
0.000165328
0.00028697
0.000441278
0.000626991
0.000841911
0.00108262
0.0013442
0.00162003
0.00190164
0.00217873
0.00243941
0.00267078
0.00285944
0.00299278
0.00307054
0.00304874
5.85856e-05
2.62758e-05
5.3099e-05
0.000104662
0.000188683
0.00030514
0.000453572
0.000633065
0.000841744
0.00107651
0.00133275
0.00160397
0.00188215
0.00215704
0.00241671
0.00264812
0.00283755
0.00297221
0.0030531
0.00302991
2.96913e-05
-7.15781e-06
1.84928e-05
6.82454e-05
0.000150639
0.000265818
0.000413651
0.000593625
0.000804285
0.00104292
0.00130526
0.00158547
0.00187502
0.00216351
0.00243837
0.00268541
0.00288927
0.00303507
0.00312339
0.0030963
-3.17314e-05
-7.25804e-05
-4.83492e-05
-6.58557e-07
8.00194e-05
0.000194174
0.000342201
0.000524202
0.000739377
0.000985663
0.00125934
0.00155487
0.00186422
0.0021764
0.00247768
0.00275196
0.00298123
0.0031471
0.003249
0.00321988
-0.000132403
-0.000177909
-0.000155413
-0.000109969
-3.08691e-05
8.2847e-05
0.000232275
0.000418345
0.000641155
0.000899568
0.00119073
0.00150964
0.00184861
0.00219628
0.00253761
0.00285387
0.00312291
0.00332079
0.0034445
0.00341438
-0.000273083
-0.000324366
-0.0003041
-0.000261513
-0.000184449
-7.13465e-05
7.97924e-05
0.000270978
0.000503511
0.000777528
0.00109142
0.00144124
0.0018201
0.00221645
0.00261383
0.00299023
0.00331777
0.00356407
0.0037215
0.00369215
-0.000454988
-0.000513461
-0.000496213
-0.000457677
-0.00038391
-0.000272614
-0.000120659
7.53381e-05
0.000318254
0.000609962
0.000950666
0.00133806
0.00176694
0.00222623
0.00269848
0.00315799
0.00356944
0.00388793
0.00409708
0.00407291
-0.000679968
-0.000747352
-0.00073428
-0.00070167
-0.000633417
-0.000526351
-0.000375965
-0.000177187
7.48407e-05
0.00038429
0.000753919
0.00118397
0.00167209
0.00220916
0.00277802
0.00334973
0.00388006
0.00430634
0.00459547
0.00458753
-0.000950215
-0.00102854
-0.00102119
-0.000997157
-0.000937748
-0.000838801
-0.000694196
-0.00049687
-0.000239579
8.47499e-05
0.000482378
0.00095747
0.00151113
0.00213983
0.00282915
0.00354898
0.00424599
0.00483471
0.00524951
0.00528531
-0.00126821
-0.00135984
-0.00136009
-0.00134809
-0.00130209
-0.00121682
-0.00108434
-0.000895363
-0.000639949
-0.000307663
0.000112063
0.000629423
0.00124957
0.00197982
0.00281269
0.00372241
0.00464981
0.0054851
0.00610123
0.00624885
-0.00163679
-0.00174435
-0.00175423
-0.0017585
-0.00173174
-0.00166752
-0.00155586
-0.0013851
-0.00114254
-0.000814281
-0.000385082
0.000161266
0.00084176
0.00167341
0.00266488
0.00380622
0.0050437
0.00625113
0.00719954
0.00762283
-0.00205948
-0.00218573
-0.00220692
-0.00223224
-0.00223177
-0.00219778
-0.00211801
-0.00197841
-0.00176375
-0.00145709
-0.00103879
-0.000485258
0.00023185
0.00114306
0.00228478
0.00368242
0.00531589
0.00707292
0.00858179
0.00965806
-0.00254134
-0.00268819
-0.00272125
-0.00277258
-0.00280649
-0.00281358
-0.00277895
-0.00268616
-0.00251809
-0.0022561
-0.00187825
-0.0013564
-0.000652322
0.000281116
0.0015186
0.00314298
0.00522485
0.00774104
0.0101597
0.0128351
-0.00309252
-0.00325753
-0.00329782
-0.00337936
-0.00345747
-0.00351906
-0.00354498
-0.00351639
-0.00341548
-0.00322417
-0.0029222
-0.00248139
-0.00185761
-0.000973755
0.000204654
0.00187119
0.00428558
0.0076702
0.0114189
0.0172468
-0.00372209
-0.0039201
-0.003962
-0.0040818
-0.0042063
-0.00432694
-0.00442349
-0.00447419
-0.00445992
-0.00436536
-0.00417964
-0.00389148
-0.00348401
-0.00292422
-0.0020767
-0.000841851
0.00124704
0.00530837
0.0102258
0.0210896
-0.00453059
-0.00452883
-0.00454343
-0.00466869
-0.0048801
-0.00512179
-0.00534998
-0.00552677
-0.0056299
-0.00565053
-0.0055967
-0.0054843
-0.00534164
-0.00518979
-0.00503685
-0.00480464
-0.00448706
-0.00188519
0.0013519
0.0187058
-0.00512632
-0.00569724
-0.0056336
-0.00593272
-0.0061753
-0.00643865
-0.00669046
-0.0069017
-0.00705797
-0.00715295
-0.00721364
-0.007289
-0.00749005
-0.00798745
-0.00909742
-0.0110721
-0.0156028
-0.0166012
-0.015078
0.0118047
-0.00827738
-0.0058587
-0.00569775
-0.00568555
-0.00612448
-0.00668327
-0.00726026
-0.00775407
-0.00813875
-0.00838914
-0.00857638
-0.00875162
-0.00916025
-0.0100181
-0.0122337
-0.0155499
-0.0241608
-0.0283035
-0.0264473
0.0193548
-0.00521604
-0.00831041
-0.00792902
-0.00874356
-0.00908194
-0.00947328
-0.00985843
-0.0101415
-0.0103454
-0.010415
-0.0104172
-0.0104778
-0.0107944
-0.0117576
-0.0147952
-0.0186651
-0.0290631
-0.0300432
-0.0137606
0.0617167
-0.0291542
-0.00470225
-0.00436332
-0.00461037
-0.00533018
-0.00634046
-0.00741916
-0.00826712
-0.00899424
-0.00936258
-0.00976632
-0.00992366
-0.0105992
-0.011354
-0.0132242
-0.0140003
-0.0120463
0.00725455
0.0639864
0.192915
2.27192e-05
-7.95026e-06
1.86379e-05
7.30754e-05
0.000161392
0.000283105
0.000437366
0.0006229
0.000837495
0.00107772
0.00133868
0.00161374
0.00189448
0.00217063
0.00243039
0.00266093
0.00284897
0.00298195
0.00305958
0.00303804
5.32555e-05
2.1232e-05
4.82815e-05
0.000100112
0.00018433
0.000300894
0.000449321
0.000628678
0.000837075
0.0010714
0.00132703
0.0015975
0.0018748
0.00214873
0.00240744
0.00263798
0.00282673
0.00296099
0.0030417
0.00301878
2.36111e-05
-1.29316e-05
1.29642e-05
6.3017e-05
0.000145645
0.00026097
0.000408836
0.000588706
0.000799102
0.0010373
0.001299
0.00157839
0.00186697
0.00215436
0.00242809
0.00267407
0.00287707
0.00302233
0.00311037
0.00308354
-3.89171e-05
-7.94355e-05
-5.49297e-05
-6.89093e-06
7.40754e-05
0.000188434
0.000336548
0.000518486
0.000733416
0.000979243
0.00125223
0.00154682
0.00185502
0.00216586
0.0024657
0.00273859
0.00296666
0.00313171
0.00323312
0.00320422
-0.000140999
-0.000186145
-0.000163333
-0.000117477
-3.80172e-05
7.59759e-05
0.000225556
0.000411609
0.000634186
0.000892103
0.00118247
0.00150026
0.00183779
0.00218374
0.00252315
0.00283745
0.00310472
0.00330127
0.00342413
0.00339414
-0.000283462
-0.000334351
-0.000313709
-0.000270621
-0.000193097
-7.96143e-05
7.17704e-05
0.000263006
0.000495328
0.000768805
0.00108177
0.00143021
0.00180724
0.0022013
0.00259604
0.00296961
0.00329445
0.00353859
0.00369453
0.0036651
-0.000467635
-0.00052567
-0.000507959
-0.000468791
-0.000394416
-0.000282582
-0.000130233
6.59333e-05
0.000308702
0.000599851
0.000939484
0.00132521
0.00175174
0.00220798
0.00267654
0.00313195
0.00353925
0.0038542
0.00406076
0.00403605
-0.000695528
-0.000762413
-0.000748749
-0.000715312
-0.000646223
-0.000538371
-0.000387347
-0.000188187
6.38445e-05
0.000372786
0.000741248
0.00116932
0.00165449
0.00218755
0.00275133
0.00331707
0.00384104
0.00426152
0.00454616
0.00453672
-0.00096955
-0.0010473
-0.00103916
-0.00101401
-0.000953409
-0.000853288
-0.00070765
-0.000509574
-0.000251977
7.20317e-05
0.000468509
0.000941407
0.00149148
0.00211505
0.00279753
0.00350888
0.00419626
0.00477548
0.00518252
0.00521476
-0.00129249
-0.00138342
-0.00138259
-0.00136904
-0.00132132
-0.00123428
-0.00110014
-0.000909804
-0.000653537
-0.000321142
9.76752e-05
0.000612779
0.00122891
0.00195294
0.00277699
0.00367502
0.00458815
0.00540805
0.00601074
0.00615042
-0.0016676
-0.00177431
-0.00178268
-0.00178475
-0.00175547
-0.00168858
-0.0015743
-0.00140122
-0.0011569
-0.000827723
-0.000398788
0.000145669
0.000822183
0.00164689
0.00262778
0.00375384
0.00497085
0.00615387
0.00707866
0.00748498
-0.00209899
-0.00222417
-0.00224323
-0.0022654
-0.00226125
-0.00222325
-0.00213944
-0.00199607
-0.00177823
-0.00146927
-0.00104997
-0.000497222
0.000216775
0.00112126
0.00225199
0.0036316
0.00523732
0.00695657
0.00842427
0.00946462
-0.00259245
-0.00273795
-0.00276803
-0.00281485
-0.00284341
-0.00284457
-0.00280383
-0.00270516
-0.00253179
-0.00226535
-0.00188435
-0.00136097
-0.000657919
0.000271416
0.00150135
0.00310842
0.00515646
0.00761612
0.009963
0.0125652
-0.00315922
-0.00332244
-0.0033586
-0.00343377
-0.00350418
-0.00355712
-0.00357403
-0.00353659
-0.00342744
-0.00322852
-0.00291993
-0.00247368
-0.00184674
-0.000966254
0.000217969
0.00187773
0.00426326
0.00757277
0.0111976
0.0168918
-0.00380873
-0.00400431
-0.00404058
-0.00415134
-0.0042652
-0.00437384
-0.00445768
-0.00449562
-0.00446904
-0.00436274
-0.00416555
-0.00386533
-0.00344342
-0.00286196
-0.00199963
-0.000736517
0.00138474
0.00533808
0.0100521
0.0207007
-0.00464537
-0.00464134
-0.00464872
-0.00476238
-0.00495893
-0.0051833
-0.00539288
-0.00555115
-0.00563648
-0.00564022
-0.00556961
-0.00543871
-0.00527267
-0.00508805
-0.004887
-0.00456399
-0.00394996
-0.00157396
0.00140675
0.0184757
-0.00526906
-0.00583446
-0.00576459
-0.00604721
-0.00627071
-0.00651161
-0.00673902
-0.00692675
-0.00706019
-0.00713345
-0.00717249
-0.00722364
-0.00739255
-0.00784267
-0.00888089
-0.010777
-0.0153118
-0.0158936
-0.0146195
0.0118631
-0.00846616
-0.00604371
-0.00587228
-0.00584321
-0.00625891
-0.00678801
-0.00733138
-0.00779244
-0.00814578
-0.00836767
-0.00852787
-0.00867484
-0.00904491
-0.00984515
-0.0119512
-0.0151159
-0.0233941
-0.0271996
-0.0257664
0.0196039
-0.00539893
-0.00849486
-0.00813
-0.00892872
-0.00924487
-0.00960284
-0.00994281
-0.0101873
-0.0103535
-0.0103896
-0.0103626
-0.0103944
-0.0106754
-0.0115826
-0.0145074
-0.0182179
-0.0283156
-0.0291202
-0.0133575
0.0611476
-0.0294027
-0.00496649
-0.00462544
-0.00485511
-0.00554067
-0.00650477
-0.00753197
-0.00833096
-0.00901253
-0.00934305
-0.00971269
-0.00984203
-0.0104795
-0.0111837
-0.0129705
-0.0136595
-0.0116022
0.00758959
0.0637312
0.191512
1.75304e-05
-1.25061e-05
1.44129e-05
6.92131e-05
0.00015775
0.00027954
0.000433729
0.000619027
0.000833219
0.00107287
0.00133306
0.0016072
0.00188688
0.0021619
0.00242056
0.00265015
0.00283753
0.00297027
0.00304792
0.00302717
4.71385e-05
1.58123e-05
4.31965e-05
9.5435e-05
0.000179935
0.000296653
0.000445099
0.000624322
0.000832418
0.00106626
0.00132123
0.00159084
0.00186716
0.00214001
0.00239765
0.00262724
0.00281531
0.00294929
0.00302998
0.0030078
1.6501e-05
-1.9284e-05
6.97454e-06
5.74849e-05
0.000140447
0.000255984
0.000403926
0.000583712
0.000793842
0.00103157
0.00129259
0.00157108
0.00185858
0.00214476
0.00241725
0.0026621
0.00286424
0.00300908
0.003097
0.00307096
-4.7421e-05
-8.71202e-05
-6.22144e-05
-1.36526e-05
6.77192e-05
0.000182366
0.000330627
0.000512542
0.00072724
0.000972596
0.00124485
0.00153843
0.00184537
0.00215476
0.00245306
0.00272446
0.00295132
0.00311568
0.00321677
0.0031887
-0.00015118
-0.000195433
-0.000172174
-0.000125719
-4.57733e-05
6.8589e-05
0.000218389
0.000404467
0.000626824
0.000884226
0.00117374
0.00149032
0.00182629
0.00217037
0.0025077
0.00281991
0.00308536
0.00328072
0.0034029
0.00337372
-0.00029571
-0.000345618
-0.000324467
-0.000280681
-0.000202566
-8.86099e-05
6.30861e-05
0.000254408
0.000486521
0.000759419
0.00107136
0.00141829
0.00179331
0.00218487
0.00257671
0.00294722
0.00326923
0.00351129
0.0036659
0.00363719
-0.000482489
-0.000539434
-0.000521126
-0.00048112
-0.000406001
-0.000293536
-0.000140732
5.56269e-05
0.00029823
0.000588748
0.000927171
0.001311
0.00173492
0.00218776
0.00265222
0.00310307
0.00350589
0.00381723
0.00402128
0.00399695
-0.000713722
-0.000779381
-0.000764987
-0.000730502
-0.000660433
-0.000551699
-0.000399981
-0.000200429
5.15616e-05
0.000359879
0.00072697
0.00115276
0.00163453
0.00216299
0.00272097
0.00327995
0.00379682
0.00421107
0.00449106
0.00448103
-0.000992087
-0.00106844
-0.00105937
-0.00103284
-0.000970895
-0.000869487
-0.000722754
-0.000523928
-0.000266104
5.74023e-05
0.000452403
0.000922573
0.00146847
0.00208601
0.00276047
0.00346191
0.00413817
0.0047067
0.00510523
0.00513441
-0.00132075
-0.00141006
-0.00140799
-0.00139258
-0.00134292
-0.00125395
-0.00111806
-0.000926363
-0.000669352
-0.000337088
8.0402e-05
0.00059256
0.00120375
0.00192017
0.00273351
0.00361744
0.0045135
0.00531528
0.00590247
0.00603313
-0.00170352
-0.00180832
-0.00181496
-0.00181441
-0.00178229
-0.00171246
-0.0015954
-0.00141996
-0.00117397
-0.00084415
-0.000415984
0.000125815
0.000796937
0.00161274
0.00258021
0.00368717
0.00487883
0.00603187
0.00692813
0.00731193
-0.00214532
-0.00226817
-0.00228477
-0.00230315
-0.00229478
-0.00225229
-0.00216409
-0.00201677
-0.00179575
-0.00148475
-0.00106496
-0.000513932
0.00019531
0.00109062
0.00220645
0.00356244
0.00513261
0.00680393
0.00821946
0.00920731
-0.00265309
-0.00279569
-0.00282219
-0.00286348
-0.0028857
-0.00288003
-0.00283247
-0.00272744
-0.00254851
-0.00227774
-0.00189382
-0.00136981
-0.000669012
0.00025349
0.00147068
0.00305344
0.00505659
0.00744382
0.00969644
0.0121849
-0.00323991
-0.00339929
-0.00343032
-0.00349733
-0.00355823
-0.0036008
-0.00360724
-0.00355988
-0.00344158
-0.00323505
-0.00292021
-0.00246933
-0.00184016
-0.000962617
0.00021981
0.00186672
0.0042096
0.00742696
0.0108895
0.0163715
-0.00391643
-0.00410655
-0.0041353
-0.00423372
-0.00433384
-0.00442755
-0.0044961
-0.00451925
-0.00447898
-0.00436034
-0.00415176
-0.00384016
-0.00340534
-0.00280674
-0.00193002
-0.00063784
0.00149018
0.00535706
0.00982156
0.020136
-0.00479308
-0.00478377
-0.0047808
-0.00487785
-0.00505397
-0.00525551
-0.00544145
-0.00557684
-0.00564126
-0.00562647
-0.00553855
-0.00538918
-0.00519918
-0.0049783
-0.00471875
-0.00432286
-0.00364499
-0.00115665
0.00155029
0.0182193
-0.00546619
-0.00601713
-0.0059362
-0.00619099
-0.00638591
-0.00659557
-0.00679116
-0.00694758
-0.00705311
-0.00710205
-0.00711863
-0.00714534
-0.00727957
-0.0076711
-0.0086011
-0.0103211
-0.0144314
-0.0146994
-0.013844
0.0121338
-0.00872768
-0.00629515
-0.0061095
-0.00605209
-0.00643008
-0.00691493
-0.00741178
-0.00782743
-0.00814035
-0.00832873
-0.00845983
-0.00857855
-0.0089079
-0.00963947
-0.0115924
-0.0145153
-0.0222498
-0.0254856
-0.0248271
0.0199674
-0.00570787
-0.00878367
-0.00843094
-0.00918939
-0.00946013
-0.00976108
-0.0100348
-0.0102195
-0.0103341
-0.01033
-0.0102735
-0.0102783
-0.0105277
-0.0113724
-0.0141481
-0.0176284
-0.0273123
-0.027848
-0.0132156
0.0597537
-0.0297877
-0.00537291
-0.00501855
-0.00520688
-0.00582639
-0.00671239
-0.00765981
-0.00838988
-0.00901202
-0.00929874
-0.00963363
-0.00973499
-0.0103386
-0.0109806
-0.0126848
-0.0132573
-0.0111817
0.00772296
0.0624908
0.188531
1.24482e-05
-1.57789e-05
1.17312e-05
6.70294e-05
0.00015577
0.000277538
0.000431505
0.000616355
0.000829897
0.00106869
0.00132783
0.00160077
0.00187911
0.00215273
0.00241003
0.00263847
0.00282511
0.00295779
0.0030358
0.00301723
3.99506e-05
1.03778e-05
3.82935e-05
9.11551e-05
0.000176038
0.00029296
0.000441445
0.000620532
0.000828304
0.00106162
0.00131585
0.00158452
0.00185975
0.00213141
0.00238788
0.00261645
0.0028039
0.00293789
0.00301892
0.00299914
7.90871e-06
-2.59804e-05
8.39541e-07
5.2048e-05
0.000135476
0.000251309
0.000399384
0.000579126
0.000789009
0.00102626
0.00128657
0.00156412
0.00185048
0.00213537
0.00240655
0.00265022
0.00285159
0.00299635
0.00308459
0.00306124
-5.77827e-05
-9.54548e-05
-6.99509e-05
-2.06102e-05
6.13204e-05
0.000176363
0.000324861
0.000506823
0.000721345
0.000966265
0.00123779
0.00153035
0.001836
0.00214389
0.00244059
0.0027105
0.00293629
0.00310037
0.00320168
0.00317658
-0.000163481
-0.000205561
-0.000181659
-0.00013434
-5.37508e-05
6.10928e-05
0.000211204
0.000397382
0.000619576
0.000876497
0.00116516
0.00148051
0.0018149
0.00215707
0.00249229
0.00280241
0.0030662
0.00326087
0.00338302
0.00335713
-0.000310315
-0.000357875
-0.000336025
-0.000291274
-0.000212418
-9.78859e-05
5.41987e-05
0.000245665
0.000477607
0.000749936
0.00106083
0.00140618
0.00177916
0.00216817
0.00255704
0.00292447
0.00324381
0.00348437
0.00363841
0.00361331
-0.000499969
-0.000554352
-0.000535268
-0.000494157
-0.000418157
-0.000304979
-0.000151669
4.49116e-05
0.000287352
0.000577205
0.000914331
0.00129612
0.00171734
0.00216665
0.00262682
0.00307299
0.00347141
0.00377975
0.00398217
0.00396158
-0.000734882
-0.000797713
-0.000782428
-0.000746632
-0.000675462
-0.000565789
-0.000413358
-0.000213429
3.84723e-05
0.000346083
0.000711684
0.001135
0.00161307
0.00213654
0.00268828
0.00324008
0.00374968
0.00415815
0.00443442
0.00442757
-0.00101805
-0.00109123
-0.00108109
-0.00105294
-0.000989529
-0.000886803
-0.000738996
-0.000539495
-0.000281572
4.12357e-05
0.000434456
0.000901352
0.00144268
0.00205349
0.00271902
0.00340955
0.00407387
0.00463164
0.00502235
0.00505223
-0.00135307
-0.00143881
-0.00143536
-0.0014178
-0.0013661
-0.00127518
-0.00113761
-0.000944692
-0.000687169
-0.000355386
6.03074e-05
0.000568939
0.00117415
0.00188163
0.00268251
0.00355022
0.00442704
0.00520923
0.00578076
0.00590442
-0.00174446
-0.00184512
-0.00184991
-0.00184639
-0.00181128
-0.00173846
-0.00161869
-0.0014411
-0.00119383
-0.00086394
-0.00043735
0.000100719
0.000764817
0.00156955
0.00252055
0.00360442
0.0047661
0.00588457
0.00674972
0.00710631
-0.00219817
-0.00231612
-0.00233007
-0.00234417
-0.00233126
-0.00228411
-0.00219153
-0.00204053
-0.00181687
-0.00150469
-0.00108565
-0.000537998
0.000163969
0.00104697
0.00214282
0.00346839
0.00499429
0.00660726
0.00796157
0.00887447
-0.00272278
-0.00285938
-0.00288195
-0.0029168
-0.00293199
-0.00291899
-0.00286441
-0.00275324
-0.00256949
-0.00229558
-0.00191071
-0.00138847
-0.000693419
0.000217905
0.00141457
0.00296353
0.00490792
0.00720407
0.009339
0.0116393
-0.00333437
-0.00348594
-0.00351102
-0.00356806
-0.00361782
-0.00364869
-0.0036439
-0.00358658
-0.00346013
-0.00324733
-0.00292833
-0.0024759
-0.00184853
-0.000978794
0.000188321
0.00181576
0.00410013
0.00719959
0.0104615
0.0155589
-0.00404637
-0.00422495
-0.00424407
-0.00432615
-0.00440927
-0.00448538
-0.00453684
-0.0045445
-0.00449104
-0.00436141
-0.00414385
-0.00382436
-0.00338147
-0.00277547
-0.00191582
-0.000565129
0.00157219
0.00534868
0.0095521
0.0192443
-0.00497943
-0.00495795
-0.00494009
-0.00501387
-0.00516227
-0.00533437
-0.00549142
-0.00560076
-0.00564312
-0.00561041
-0.00550753
-0.0053433
-0.00513246
-0.00487247
-0.00451393
-0.00404362
-0.00322491
-0.000497
0.00208884
0.0180021
-0.00574205
-0.00625316
-0.00615104
-0.00635871
-0.0065102
-0.00667592
-0.00683031
-0.00695188
-0.00702796
-0.00705339
-0.00705042
-0.00705678
-0.00715811
-0.0074816
-0.00825764
-0.00969998
-0.0131132
-0.012741
-0.0120863
0.0129411
-0.00910353
-0.00664023
-0.00642978
-0.00632064
-0.00663479
-0.00704972
-0.0074807
-0.00783909
-0.00810463
-0.0082584
-0.00836339
-0.00846045
-0.00875198
-0.00940858
-0.0111519
-0.0137105
-0.0206016
-0.02283
-0.0227765
0.0204082
-0.00635085
-0.00927094
-0.00888889
-0.00953282
-0.00969808
-0.00989859
-0.0100797
-0.0101857
-0.0102375
-0.0101928
-0.0101157
-0.0101085
-0.0103421
-0.0111327
-0.0137062
-0.0168878
-0.0259581
-0.0261384
-0.0130116
0.0564766
-0.0305132
-0.00609084
-0.00567614
-0.00574611
-0.00622355
-0.00697469
-0.00780083
-0.00843363
-0.00897402
-0.00921391
-0.0095147
-0.00960015
-0.0101731
-0.0107552
-0.0123802
-0.0128358
-0.0108366
0.00745312
0.0599749
0.181366
7.87623e-06
-1.74246e-05
1.06061e-05
6.65142e-05
0.000155412
0.000277035
0.000430624
0.000614945
0.000827727
0.00106558
0.0013235
0.00159495
0.00187166
0.00214358
0.00239924
0.00262629
0.00281207
0.00294478
0.00302345
0.0030091
3.15594e-05
5.36163e-06
3.37975e-05
8.73952e-05
0.000172711
0.000289887
0.000438471
0.000617503
0.000825037
0.00105792
0.00131149
0.0015793
0.00185349
0.00212401
0.00237931
0.00260687
0.00279372
0.00292791
0.00300951
0.00299369
-2.23947e-06
-3.23491e-05
-4.95511e-06
4.7089e-05
0.000131048
0.00024724
0.000395529
0.000575321
0.000785065
0.00102196
0.00128167
0.00155836
0.00184367
0.00212735
0.00239725
0.00263976
0.0028404
0.00298531
0.0030741
0.00305524
-6.99689e-05
-0.000103537
-7.74153e-05
-2.71347e-05
5.54304e-05
0.000170945
0.000319772
0.000501891
0.000716361
0.000960975
0.00123192
0.00152356
0.00182808
0.0021346
0.00242982
0.00269832
0.00292314
0.00308724
0.00318906
0.00316897
-0.000177747
-0.000215361
-0.000190813
-0.00014247
-6.11696e-05
5.4221e-05
0.000204727
0.000391107
0.000613257
0.000869828
0.00115778
0.00147202
0.00180505
0.00214552
0.0024788
0.002787
0.00304935
0.00324374
0.0033663
0.00334609
-0.000326994
-0.000369656
-0.00034714
-0.000301281
-0.000221637
-0.000106489
4.60441e-05
0.000237735
0.000469606
0.000741477
0.00105142
0.00139525
0.00176654
0.00215329
0.00253947
0.00290409
0.00322112
0.00346083
0.00361501
0.00359643
-0.000519642
-0.000568607
-0.000548833
-0.000506501
-0.00042961
-0.000315716
-0.00016188
3.49614e-05
0.000277305
0.000566578
0.000902444
0.00128198
0.00170114
0.00214732
0.00260357
0.00304545
0.00344004
0.00374638
0.00394832
0.00393556
-0.000758377
-0.000815158
-0.000799139
-0.000761952
-0.000689721
-0.000579164
-0.000426067
-0.000225787
2.60386e-05
0.000333031
0.000697393
0.00111881
0.00159298
0.00211164
0.00265747
0.00320256
0.00370566
0.00410989
0.00438429
0.00438628
-0.00104651
-0.00111287
-0.00110191
-0.00107209
-0.00100733
-0.000903426
-0.000754694
-0.000554653
-0.000296729
2.5344e-05
0.000416801
0.000880194
0.0014174
0.0020217
0.00267856
0.00335859
0.00401186
0.00456098
0.00494692
0.00498517
-0.0013881
-0.00146606
-0.00146163
-0.00144195
-0.0013884
-0.00129578
-0.00115681
-0.000962958
-0.000705173
-0.000374069
3.97429e-05
0.000545333
0.00114399
0.00184231
0.00263059
0.0034821
0.00434037
0.00510546
0.00566615
0.00579243
-0.00178835
-0.00188005
-0.00188352
-0.00187713
-0.00183931
-0.0017639
-0.00164188
-0.00146261
-0.0012145
-0.000884962
-0.000460357
7.35692e-05
0.000730298
0.00152311
0.00245661
0.00351637
0.00464784
0.00573402
0.00657572
0.0069156
-0.00225436
-0.0023618
-0.00237384
-0.00238377
-0.00236668
-0.00231542
-0.00221914
-0.00206512
-0.0018395
-0.00152684
-0.00110937
-0.000566155
0.000126938
0.000996638
0.00206983
0.00336162
0.00484068
0.00639611
0.00770067
0.00854218
-0.00279669
-0.00292063
-0.00294017
-0.00296861
-0.00297712
-0.00295742
-0.00289668
-0.00278024
-0.00259256
-0.00231654
-0.00193197
-0.00141316
-0.000725529
0.000171518
0.00134129
0.00284855
0.00472742
0.00693101
0.00896489
0.0110612
-0.00343505
-0.00357099
-0.00359123
-0.00363799
-0.00367649
-0.00369599
-0.00368077
-0.00361443
-0.00348081
-0.00326319
-0.00294217
-0.00249116
-0.00186881
-0.00100168
0.000141116
0.00172973
0.00394233
0.006912
0.0100104
0.0147028
-0.00418773
-0.00434343
-0.00435396
-0.00441815
-0.00448349
-0.00454178
-0.00457665
-0.00456962
-0.00450389
-0.00436549
-0.00414207
-0.00381906
-0.00337429
-0.00277002
-0.0018656
-0.000535572
0.00159379
0.00527039
0.00934728
0.0184323
-0.00518806
-0.00514439
-0.00510969
-0.00515685
-0.00527369
-0.00541345
-0.00554
-0.0056225
-0.00564357
-0.0055953
-0.00548175
-0.00530975
-0.00508997
-0.00481577
-0.00444342
-0.00383971
-0.00279629
0.000182379
0.0029219
0.018278
-0.00608086
-0.00653175
-0.00640049
-0.00654786
-0.00664545
-0.00675734
-0.00686268
-0.00694232
-0.00698707
-0.00699181
-0.00697576
-0.00697236
-0.00705696
-0.00733397
-0.00797254
-0.0091003
-0.011711
-0.0105003
-0.00994634
0.0147376
-0.00952963
-0.00702663
-0.00680296
-0.00662817
-0.00685667
-0.00718574
-0.00753242
-0.00782244
-0.00803592
-0.00815686
-0.00824276
-0.00833411
-0.00860952
-0.00921986
-0.0107576
-0.0129223
-0.0188829
-0.0197379
-0.019987
0.0202845
-0.0074254
-0.0101063
-0.00957174
-0.0100459
-0.0100509
-0.0100736
-0.0100938
-0.0100815
-0.0100517
-0.00996396
-0.00987804
-0.00988015
-0.010127
-0.0109048
-0.013229
-0.0160828
-0.0245409
-0.0248227
-0.0156006
0.0516462
-0.0313429
-0.00694088
-0.0064721
-0.00636667
-0.00664845
-0.00723134
-0.00791198
-0.00843885
-0.00889882
-0.00909931
-0.00937078
-0.00947039
-0.0100175
-0.0105423
-0.0120928
-0.0124651
-0.0113105
0.00550988
0.0522924
0.16965
4.99443e-06
-1.14172e-05
1.76359e-05
7.40486e-05
0.000162577
0.000283361
0.0004358
0.000618651
0.000829686
0.0010654
0.00132103
0.00159002
0.00186405
0.0021332
0.00238614
0.00261077
0.0027949
0.00292761
0.00300755
0.00300458
1.89342e-05
1.64049e-06
3.07036e-05
8.52558e-05
0.000171013
0.00028841
0.000437111
0.000616134
0.000823509
0.00105605
0.00130906
0.00157602
0.00184925
0.00211863
0.00237269
0.00259912
0.00278535
0.00292017
0.00300287
0.00299929
-1.75425e-05
-3.7722e-05
-9.67325e-06
4.34686e-05
0.000128018
0.000244602
0.000393185
0.000573145
0.000782889
0.00101957
0.00127885
0.00155483
0.0018392
0.0021217
0.00239027
0.00263153
0.00283146
0.00297705
0.00306707
0.00306217
-8.78626e-05
-0.000110763
-8.39884e-05
-3.25055e-05
5.07708e-05
0.000166818
0.000316093
0.000498539
0.000713159
0.000957694
0.00122828
0.00151919
0.00182279
0.00212811
0.00242191
0.002689
0.00291298
0.00307784
0.00318107
0.00317676
-0.000197891
-0.000224044
-0.000198867
-0.00014927
-6.72159e-05
4.87465e-05
0.000199735
0.000386463
0.000608764
0.000865212
0.00115269
0.00146599
0.00179799
0.00213703
0.00246856
0.00277498
0.00303618
0.00323135
0.00335557
0.00335358
-0.000349617
-0.000379853
-0.000356759
-0.000309617
-0.000229217
-0.0001135
3.94952e-05
0.000231491
0.000463433
0.000735032
0.00104418
0.00138637
0.00175667
0.00214163
0.00252547
0.00288761
0.00320288
0.00344323
0.00359934
0.00360229
-0.000545316
-0.000580673
-0.000560402
-0.000516763
-0.000439114
-0.000324662
-0.000170394
2.66908e-05
0.000268996
0.000557795
0.000892265
0.00126689
0.0016873
0.00213118
0.00258405
0.00302217
0.00341382
0.00372022
0.00392426
0.00393673
-0.000787896
-0.000829632
-0.000813225
-0.00077469
-0.000701681
-0.000590555
-0.000437039
-0.000236571
1.5125e-05
0.000321627
0.000685486
0.00110913
0.00157586
0.00208964
0.00263007
0.00316911
0.00366692
0.00406974
0.00434621
0.00437842
-0.00108092
-0.0011305
-0.00111928
-0.00108803
-0.00102242
-0.000917873
-0.000768689
-0.000568494
-0.000310847
1.03708e-05
0.000400351
0.000862125
0.00139352
0.0019914
0.00263997
0.00330999
0.00395347
0.00449769
0.00488487
0.00495848
-0.00142881
-0.00148787
-0.00148333
-0.00146206
-0.00140746
-0.00131401
-0.00117443
-0.000980389
-0.000723004
-0.000393167
1.80447e-05
0.000518399
0.00111218
0.00180127
0.00257654
0.00341126
0.00425122
0.00500317
0.00556237
0.00572502
-0.00183738
-0.00190753
-0.00191103
-0.00190269
-0.00186341
-0.00178673
-0.00166375
-0.00148407
-0.00123633
-0.00090829
-0.000486769
4.19513e-05
0.000691405
0.00146878
0.00238204
0.00341386
0.00451142
0.00556591
0.00639783
0.00675144
-0.00231478
-0.00239717
-0.00240932
-0.00241659
-0.0023972
-0.00234379
-0.00224579
-0.0020908
-0.00186526
-0.00155413
-0.00114036
-0.000603997
7.76857e-05
0.000928784
0.00197112
0.00321761
0.00463548
0.00612167
0.00738815
0.00815159
-0.00287364
-0.00296754
-0.00298697
-0.00301126
-0.00301582
-0.00299233
-0.0029284
-0.00280981
-0.0026214
-0.00234657
-0.00196606
-0.0014558
-0.000784509
8.98338e-05
0.00121163
0.00265489
0.00443316
0.00650728
0.0084328
0.0101311
-0.00353795
-0.00363614
-0.00365614
-0.00369571
-0.0037265
-0.00373854
-0.0037171
-0.00364632
-0.00351032
-0.0032928
-0.00297547
-0.00253418
-0.00193281
-0.00111427
2.56899e-06
0.00152947
0.00360139
0.00635786
0.0092505
0.0128575
-0.00433625
-0.00443214
-0.00443952
-0.00448804
-0.00454092
-0.00458787
-0.00461293
-0.00459822
-0.00452747
-0.004387
-0.0041652
-0.00384832
-0.00341331
-0.0028117
-0.00194173
-0.000634146
0.0014046
0.00490638
0.00903545
0.0161023
-0.00542522
-0.00532913
-0.00527335
-0.00529196
-0.00537457
-0.00548281
-0.00558238
-0.00564397
-0.00564995
-0.00559412
-0.00548016
-0.00531426
-0.00510333
-0.0048319
-0.00443831
-0.00370911
-0.00229375
0.00131098
0.00582754
0.0183936
-0.00653891
-0.00674796
-0.00659708
-0.00665338
-0.00669804
-0.00676366
-0.00683523
-0.00689136
-0.00692053
-0.00691902
-0.00690489
-0.00690932
-0.00699626
-0.00723374
-0.00768785
-0.00821651
-0.00911087
-0.00612934
-0.001798
0.0194974
-0.0102465
-0.00757057
-0.00725867
-0.00695514
-0.00703298
-0.00724221
-0.00749891
-0.00772583
-0.00789775
-0.00800408
-0.00809249
-0.00820769
-0.00849582
-0.00907248
-0.0102844
-0.0116944
-0.0151969
-0.0128129
-0.00856337
0.0246072
-0.0103374
-0.0112898
-0.0102591
-0.0102042
-0.00990384
-0.00974095
-0.00964352
-0.0095748
-0.00952528
-0.00946448
-0.00944682
-0.00952748
-0.00987586
-0.0107169
-0.012663
-0.0150494
-0.0211275
-0.0182892
-0.0118006
0.0479144
-0.0339923
-0.00900358
-0.00807945
-0.00732044
-0.00715646
-0.00748737
-0.00797815
-0.008386
-0.00872943
-0.00892997
-0.00916945
-0.00934897
-0.00985448
-0.0104114
-0.0117137
-0.0117356
-0.0109461
0.00511745
0.0400933
0.141703
)
;

boundaryField
{
    movingWall
    {
        type            zeroGradient;
    }
    fixedWalls
    {
        type            zeroGradient;
    }
}


// ************************************************************************* //
