/*--------------------------------*- C++ -*----------------------------------*\
  =========                 |
  \\      /  F ield         | OpenFOAM: The Open Source CFD Toolbox
   \\    /   O peration     | Website:  https://openfoam.org
    \\  /    A nd           | Version:  10
     \\/     M anipulation  |
\*---------------------------------------------------------------------------*/
FoamFile
{
    format      ascii;
    class       volScalarField;
    location    "4.475";
    object      p;
}
// * * * * * * * * * * * * * * * * * * * * * * * * * * * * * * * * * * * * * //

dimensions      [0 2 -2 0 0 0 0];

internalField   nonuniform List<scalar> 
8000
(
-2.70487e-06
-1.75103e-05
1.12899e-05
6.82087e-05
0.000158541
0.000282854
0.000441644
0.000634952
0.000861854
0.00112022
0.00140617
0.00171361
0.00203371
0.00235479
0.00266267
0.00294113
0.00317305
0.00334229
0.00344565
0.00344974
4.5268e-06
-8.89192e-06
2.13115e-05
7.70838e-05
0.000165044
0.000286136
0.000441134
0.000630374
0.000853285
0.00110801
0.00139094
0.00169602
0.0020149
0.00233651
0.00264631
0.00292779
0.00316332
0.00333619
0.00344392
0.00344724
-3.61518e-05
-5.21966e-05
-2.30191e-05
3.07205e-05
0.000116335
0.000235007
0.000387892
0.000575819
0.000798813
0.00105564
0.00134327
0.00165662
0.00198768
0.00232472
0.0026528
0.00295408
0.00320872
0.00339696
0.00351533
0.00351688
-0.00011226
-0.000130778
-0.000103325
-5.24798e-05
2.98526e-05
0.000145206
0.000295335
0.000481839
0.000705651
0.000966578
0.0012627
0.00158966
0.00194012
0.00230314
0.00266255
0.0029982
0.0032864
0.00350217
0.00363983
0.00364228
-0.000230115
-0.000251541
-0.000226573
-0.000179519
-0.000101396
9.76441e-06
0.000156483
0.000341384
0.000566654
0.000833575
0.00114184
0.00148864
0.00186736
0.00226796
0.00267331
0.00306038
0.0034003
0.00365974
0.00382841
0.00383448
-0.000391067
-0.000416058
-0.000394409
-0.000352345
-0.000279891
-0.000174591
-3.3017e-05
0.000148705
0.00037437
0.000647211
0.000969143
0.00133964
0.00175414
0.00220417
0.00267196
0.00313128
0.00354632
0.00387171
0.00408836
0.00410281
-0.000596408
-0.000625773
-0.000608427
-0.000572964
-0.00050833
-0.000411584
-0.000278316
-0.000103221
0.000119433
0.000395387
0.00072963
0.0011252
0.00158167
0.00208997
0.00263739
0.00319365
0.0037145
0.00413799
0.00442852
0.00446157
-0.000847695
-0.000882367
-0.000870451
-0.000843598
-0.000789643
-0.000705277
-0.000585131
-0.000422395
-0.000209172
6.32684e-05
0.000403848
0.000820397
0.00131728
0.00189202
0.00253588
0.0032173
0.00388363
0.00445207
0.00485761
0.00493241
-0.0011468
-0.00118775
-0.00118239
-0.0011664
-0.00112657
-0.0010595
-0.000959037
-0.000816986
-0.000623259
-0.000365874
-3.12805e-05
0.000394624
0.000923811
0.00156004
0.00231431
0.00314966
0.00401049
0.0047918
0.00537856
0.00554906
-0.00149618
-0.00154431
-0.0015463
-0.0015433
-0.00152129
-0.00147722
-0.00140457
-0.00129415
-0.00113402
-0.000909081
-0.000600904
-0.000187822
0.000354159
0.00105068
0.00189736
0.00290245
0.00401027
0.00509876
0.00597325
0.00635892
-0.00189949
-0.00195532
-0.00196454
-0.00197588
-0.00197498
-0.00195976
-0.00192404
-0.00185836
-0.00174978
-0.0015811
-0.00132991
-0.000967642
-0.000459268
0.000235132
0.00115949
0.00232267
0.00371766
0.00523373
0.00656981
0.00742459
-0.00236281
-0.00242591
-0.00244026
-0.00246546
-0.00248741
-0.00250593
-0.00251606
-0.00250911
-0.00247265
-0.00238942
-0.00223555
-0.00197804
-0.00157141
-0.00095546
-6.36789e-05
0.00118922
0.00284025
0.00488588
0.00691217
0.00878331
-0.00289719
-0.0029647
-0.00297834
-0.00301317
-0.00305648
-0.00311104
-0.00317406
-0.00323868
-0.00329492
-0.00332862
-0.00331953
-0.00323804
-0.00303992
-0.00265801
-0.00199578
-0.000901232
0.000842379
0.00337975
0.00637393
0.0101829
-0.00352302
-0.00358427
-0.00358299
-0.00361689
-0.00367602
-0.00376585
-0.00388518
-0.00403012
-0.00419529
-0.00437332
-0.00455384
-0.00472086
-0.00484906
-0.00489148
-0.00476451
-0.00428759
-0.00307727
-0.000397182
0.00347198
0.0107186
-0.00428153
-0.00433008
-0.00429899
-0.00431945
-0.00437569
-0.00448201
-0.00464396
-0.00486317
-0.00514083
-0.00547948
-0.0058852
-0.00636789
-0.00694601
-0.00763054
-0.00842469
-0.00917342
-0.00945667
-0.00718619
-0.00204073
0.00995872
-0.00532105
-0.00514501
-0.0050029
-0.00493621
-0.00497163
-0.00510763
-0.00533538
-0.0056475
-0.00604699
-0.00654453
-0.00716788
-0.00796174
-0.00901082
-0.0103952
-0.0122828
-0.0144311
-0.0167465
-0.0150806
-0.010063
0.00770804
-0.00630334
-0.00642815
-0.00616514
-0.006096
-0.00604741
-0.00610332
-0.00627574
-0.00657092
-0.00700194
-0.00758339
-0.00835894
-0.0093886
-0.0108475
-0.0128292
-0.0158039
-0.019256
-0.0246826
-0.0251828
-0.0208004
0.00581978
-0.0101241
-0.00731916
-0.00676399
-0.00618263
-0.0060454
-0.00614695
-0.0064381
-0.00686853
-0.00743729
-0.00814574
-0.00906962
-0.0102118
-0.0119403
-0.0141384
-0.0178519
-0.0220527
-0.0297686
-0.031201
-0.0258607
0.0154172
-0.00993622
-0.0107864
-0.00944322
-0.00906548
-0.00847626
-0.00813939
-0.00803923
-0.00816471
-0.00851391
-0.00906395
-0.00987173
-0.0109501
-0.0126229
-0.0148262
-0.0187662
-0.023222
-0.0308996
-0.0283099
-0.0143756
0.0547523
-0.0342367
-0.00887525
-0.00743533
-0.00613895
-0.00554491
-0.0055928
-0.00599723
-0.00653498
-0.00724279
-0.00803972
-0.00913697
-0.0103575
-0.0122224
-0.0141872
-0.0170936
-0.0180861
-0.017129
0.00217266
0.04581
0.157363
-2.28035e-06
-2.47565e-05
3.26552e-06
5.96624e-05
0.000150327
0.000275593
0.000435643
0.000630557
0.000859582
0.00112054
0.00140946
0.0017201
0.00204395
0.00236912
0.00268115
0.00296344
0.00319812
0.00336769
0.00346924
0.00345999
1.70854e-05
-5.34263e-06
2.46442e-05
7.97548e-05
0.000167443
0.000288417
0.000443378
0.000632708
0.000855902
0.00111116
0.00139493
0.00170108
0.00202179
0.00234533
0.00265727
0.0029409
0.00317788
0.00335042
0.00345696
0.00344599
-1.98034e-05
-4.66529e-05
-1.7819e-05
3.50643e-05
0.000120271
0.000238671
0.000391353
0.000579212
0.000802328
0.00105955
0.00134795
0.00166254
0.00199521
0.00233433
0.00266488
0.00296872
0.00322519
0.0034132
0.00353029
0.00351481
-9.29322e-05
-0.000123257
-9.61463e-05
-4.62534e-05
3.55793e-05
0.00015054
0.000300322
0.000486606
0.000710418
0.000971674
0.00126852
0.00159652
0.0019492
0.00231469
0.00267708
0.00301586
0.00330641
0.0035221
0.00365836
0.00364112
-0.000208568
-0.0002427
-0.000218034
-0.000171945
-9.43098e-05
1.64741e-05
0.000162874
0.000347603
0.000572959
0.000840368
0.00114971
0.00149859
0.00187947
0.00228323
0.00269257
0.00308398
0.00342729
0.003687
0.00385406
0.00383715
-0.000367326
-0.000406031
-0.000384598
-0.00034346
-0.000271419
-0.0001664
-2.50215e-05
0.000156693
0.000382667
0.000656303
0.000979729
0.00135263
0.00177069
0.0022252
0.00269872
0.00316442
0.00358481
0.00391136
0.00412618
0.00411341
-0.000570102
-0.000614381
-0.000597125
-0.000562521
-0.0004982
-0.000401611
-0.000268372
-9.30554e-05
0.000130222
0.000407403
0.00074371
0.00114235
0.0016029
0.00211915
0.00267528
0.00324152
0.00377142
0.00419831
0.00448708
0.00448788
-0.000818281
-0.000869308
-0.000857322
-0.000831256
-0.000777514
-0.00069318
-0.000572884
-0.000409664
-0.000195433
7.88033e-05
0.000422335
0.000843443
0.00134726
0.00193292
0.00258993
0.00328754
0.00397
0.00454755
0.00495238
0.00499115
-0.00111358
-0.00117262
-0.001167
-0.00115173
-0.00111205
-0.00104492
-0.000944152
-0.00080136
-0.000606209
-0.000346345
-7.62826e-06
0.000424845
0.000964904
0.00161921
0.00239138
0.00325339
0.00414376
0.00494738
0.00553863
0.00567781
-0.00145823
-0.00152653
-0.00152805
-0.00152578
-0.00150392
-0.00145978
-0.00138676
-0.00127542
-0.00111348
-0.000885359
-0.000571804
-0.00014993
0.000404919
0.00111464
0.00200128
0.00305349
0.00421657
0.00535673
0.00625657
0.00665567
-0.00185551
-0.00193409
-0.00194261
-0.0019548
-0.00195419
-0.00193906
-0.00190308
-0.00183646
-0.00172587
-0.00155346
-0.00129576
-0.00092255
-0.000397892
0.000311124
0.00129426
0.00253728
0.0040326
0.00565924
0.0070813
0.00812585
-0.00231072
-0.00239993
-0.00241334
-0.00243971
-0.00246239
-0.00248147
-0.00249175
-0.00248419
-0.00244587
-0.0023587
-0.00219736
-0.00192607
-0.00149314
-0.000820829
0.000117845
0.00146633
0.00328293
0.00553838
0.00781912
0.0103811
-0.0028334
-0.00293216
-0.00294483
-0.0029816
-0.00302635
-0.00308223
-0.00314617
-0.00321103
-0.00326619
-0.00329658
-0.00328033
-0.00318473
-0.00295976
-0.00252939
-0.00179452
-0.000616342
0.00131758
0.00419598
0.00760868
0.0129533
-0.0034391
-0.00353729
-0.00353398
-0.0035714
-0.00363482
-0.00372917
-0.00385229
-0.00399967
-0.00416553
-0.00434171
-0.00451636
-0.00467078
-0.00477595
-0.00478209
-0.0046136
-0.00411815
-0.0029356
-0.000415216
0.00312709
0.0127173
-0.00416609
-0.00427561
-0.00424376
-0.00427296
-0.00433482
-0.00444618
-0.00461233
-0.00483494
-0.00511484
-0.00545361
-0.00585698
-0.00633372
-0.00690339
-0.00759747
-0.00850085
-0.00968095
-0.0108984
-0.00968518
-0.00706103
0.00759362
-0.00512716
-0.00501506
-0.00488205
-0.0048302
-0.00488574
-0.00504014
-0.00528358
-0.00560934
-0.00601953
-0.00652257
-0.0071477
-0.00793977
-0.0089936
-0.0104427
-0.0126262
-0.0157799
-0.0202587
-0.0213475
-0.020682
-0.000748255
-0.00591108
-0.00626281
-0.00600877
-0.00600078
-0.00598346
-0.00606706
-0.00625938
-0.00657233
-0.00701246
-0.0075977
-0.00837085
-0.00939478
-0.0108503
-0.0129075
-0.0162825
-0.0209546
-0.0292882
-0.0337864
-0.034811
-0.00481214
-0.00953561
-0.006898
-0.00638198
-0.00587112
-0.00584098
-0.00603052
-0.00638962
-0.00686495
-0.00746136
-0.00817787
-0.00909095
-0.0102167
-0.0118888
-0.0140487
-0.0181069
-0.0233682
-0.0330445
-0.0382326
-0.0374698
0.011585
-0.00713467
-0.00967129
-0.00874766
-0.0087772
-0.00841165
-0.00822798
-0.00821169
-0.00837742
-0.00874495
-0.00927874
-0.0100577
-0.0110299
-0.0126161
-0.0146648
-0.0187873
-0.0239753
-0.0324581
-0.0320577
-0.0164382
0.0627279
-0.0318474
-0.00691631
-0.0058137
-0.00509025
-0.00487411
-0.0051256
-0.00569351
-0.0063238
-0.00713223
-0.00793704
-0.00907437
-0.0102339
-0.0120755
-0.0140944
-0.0170018
-0.0184053
-0.0167059
0.00471022
0.0598443
0.188712
3.05244e-06
-2.27313e-05
4.7558e-06
6.07291e-05
0.000151558
0.000277177
0.000437971
0.000633998
0.000864473
0.0011273
0.00141862
0.00173228
0.00205945
0.00238826
0.002704
0.00298967
0.00322679
0.00339698
0.00349766
0.00348203
2.80616e-05
1.44112e-06
3.1091e-05
8.55443e-05
0.000172947
0.000293851
0.000448961
0.000638706
0.000862634
0.00111902
0.00140437
0.00171264
0.00203592
0.00236238
0.00267739
0.00296389
0.00320296
0.00337603
0.00348203
0.00346491
-5.95028e-06
-3.77953e-05
-9.37779e-06
4.271e-05
0.00012749
0.000245667
0.000398339
0.000586464
0.000810211
0.00106852
0.00135853
0.00167537
0.00201089
0.00235336
0.00268754
0.00299491
0.00325405
0.00344293
0.00355958
0.00353692
-7.62629e-05
-0.000112089
-8.54214e-05
-3.64307e-05
4.48714e-05
0.000159504
0.000309181
0.000495664
0.00072008
0.000982461
0.00128108
0.00161173
0.00196776
0.00233737
0.00270436
0.00304773
0.00334196
0.00355919
0.00369531
0.00366985
-0.000189336
-0.000229403
-0.000205168
-0.000160033
-8.29597e-05
2.74814e-05
0.000173791
0.00035879
0.000584906
0.000853717
0.00116523
0.00151693
0.00190261
0.00231185
0.00272746
0.00312536
0.00347422
0.00373674
0.00390426
0.0038778
-0.000345355
-0.00039044
-0.000369393
-0.000329225
-0.00025774
-0.000153033
-1.16664e-05
0.000170473
0.000397481
0.000672976
0.000999318
0.00137662
0.00180037
0.00226236
0.00274477
0.00322008
0.00364921
0.00398096
0.00419752
0.00417358
-0.000544889
-0.000596055
-0.000579115
-0.000545497
-0.000481727
-0.000385423
-0.00025211
-7.61842e-05
0.000148467
0.000428092
0.0007683
0.00117268
0.00164092
0.00216769
0.0027367
0.00331753
0.00386163
0.0042983
0.00459144
0.0045797
-0.000789046
-0.000847579
-0.000835834
-0.0008108
-0.000757651
-0.000673627
-0.000553222
-0.000389246
-0.000173313
0.000103976
0.000452417
0.000880813
0.00139522
0.00199585
0.00267155
0.00339153
0.00409738
0.00469347
0.00510798
0.00513507
-0.00107923
-0.00114654
-0.0011411
-0.00112699
-0.00108805
-0.00102137
-0.00092059
-0.000777023
-0.000579951
-0.00031648
2.82806e-05
0.000470279
0.00102389
0.0016996
0.00249809
0.00339409
0.00432286
0.00516129
0.00577325
0.0059102
-0.00141726
-0.00149478
-0.00149647
-0.0014956
-0.00147481
-0.00143149
-0.00135879
-0.0012469
-0.00108309
-0.000851088
-0.000530588
-9.72207e-05
0.000476218
0.00121199
0.00213536
0.00323834
0.00446355
0.0056677
0.00661282
0.00703921
-0.00180574
-0.00189474
-0.0019035
-0.00191757
-0.00191865
-0.00190506
-0.00187012
-0.00180362
-0.00169169
-0.00151565
-0.00125075
-0.000864678
-0.00031744
0.000436092
0.00145552
0.00276823
0.00435935
0.00609958
0.00762224
0.00877617
-0.0022489
-0.00235005
-0.00236391
-0.00239304
-0.00241851
-0.0024404
-0.00245305
-0.00244695
-0.00240859
-0.00231899
-0.00215155
-0.00186839
-0.00141544
-0.000719324
0.00028969
0.00172323
0.00366917
0.00610956
0.00859796
0.0113614
-0.00275454
-0.00286744
-0.00288112
-0.00292219
-0.00297149
-0.00303216
-0.00310059
-0.00316919
-0.0032267
-0.00325723
-0.00323769
-0.00313362
-0.00289198
-0.00243377
-0.00165453
-0.000408189
0.0016361
0.00474017
0.00844823
0.0140247
-0.00333421
-0.00344839
-0.00344677
-0.00349098
-0.00356243
-0.0036655
-0.00379714
-0.00395219
-0.00412433
-0.00430476
-0.00448078
-0.00463368
-0.00473415
-0.00473467
-0.00457479
-0.00414743
-0.00310448
-0.000554677
0.00319317
0.0128582
-0.00402358
-0.00415677
-0.00412813
-0.00416975
-0.00424409
-0.00436851
-0.00454748
-0.00478243
-0.00507373
-0.00542287
-0.00583489
-0.00632223
-0.00690798
-0.00764227
-0.00867004
-0.0101805
-0.0119779
-0.0112623
-0.00853723
0.00573103
-0.004922
-0.00483578
-0.00470978
-0.00467422
-0.00475064
-0.00492756
-0.00519378
-0.00554143
-0.00597146
-0.00649502
-0.00713771
-0.007949
-0.00903549
-0.0105653
-0.0129875
-0.0167451
-0.0224622
-0.0247365
-0.023738
-0.00437279
-0.00557247
-0.00597876
-0.00574279
-0.00577835
-0.00579654
-0.00591708
-0.00614591
-0.00649369
-0.00696958
-0.0075844
-0.00837937
-0.00942238
-0.0109052
-0.0130391
-0.0166813
-0.021933
-0.0314313
-0.0368466
-0.0367176
-0.00668176
-0.00914489
-0.00653857
-0.00600646
-0.00552255
-0.00554561
-0.00579818
-0.00622018
-0.00675462
-0.0074051
-0.00816165
-0.00909835
-0.0102351
-0.0118992
-0.0141063
-0.0182474
-0.0239621
-0.0334956
-0.0382431
-0.0335592
0.0136468
-0.00604837
-0.00883376
-0.00803036
-0.00818353
-0.00791864
-0.00783319
-0.00791361
-0.00818916
-0.0086518
-0.00925493
-0.0100762
-0.0110508
-0.0126222
-0.0146937
-0.0188407
-0.0242721
-0.031984
-0.0294138
-0.00917008
0.0690305
-0.0311122
-0.00610093
-0.00499669
-0.00439061
-0.00430803
-0.00466773
-0.0053362
-0.00605308
-0.00694618
-0.00780984
-0.00898427
-0.0101939
-0.0120013
-0.0141522
-0.0169112
-0.0182492
-0.0154686
0.00894175
0.069895
0.201177
9.77694e-06
-1.80511e-05
8.95824e-06
6.45072e-05
0.000155329
0.000281348
0.000442854
0.000639953
0.000871906
0.00113666
0.00143038
0.00174691
0.00207735
0.00240972
0.00272905
0.00301799
0.00325755
0.00342882
0.00352945
0.0035107
3.76572e-05
8.90135e-06
3.81887e-05
9.21562e-05
0.000179399
0.0003004
0.000455874
0.0006463
0.000871287
0.00112917
0.0014165
0.00172728
0.00205352
0.00238329
0.00270175
0.00299146
0.00323299
0.0034072
0.00351336
0.00349302
5.68373e-06
-2.86139e-05
-6.12361e-07
5.08963e-05
0.00013543
0.000253615
0.000406568
0.000595311
0.00082009
0.00107992
0.00137203
0.0016916
0.00203044
0.00237673
0.002715
0.0030263
0.0032886
0.00347911
0.0035962
0.00356983
-6.23022e-05
-0.000100811
-7.45868e-05
-2.62489e-05
5.4738e-05
0.00016931
0.000319215
0.000506298
0.000731788
0.000995826
0.00129679
0.00163063
0.00199069
0.00236508
0.00273733
0.00308592
0.00338457
0.00360439
0.00374154
0.00371195
-0.000173021
-0.000215993
-0.000192215
-0.000147779
-7.10453e-05
3.93291e-05
0.000185898
0.000371588
0.000598967
0.000869758
0.00118409
0.00153953
0.00193064
0.00234625
0.00276905
0.0031744
0.00352989
0.00379677
0.00396645
0.00393548
-0.00032641
-0.000374645
-0.000354056
-0.000314618
-0.000243477
-0.000138812
2.88989e-06
0.000185884
0.000414449
0.000692425
0.00102237
0.00140408
0.0018354
0.00230605
0.00279859
0.00328487
0.00372438
0.00406364
0.00428448
0.0042559
-0.000522801
-0.000577407
-0.000560925
-0.000528078
-0.000464668
-0.000368392
-0.000234672
-5.77158e-05
0.000168837
0.000451575
0.000796564
0.00120836
0.00168485
0.00222335
0.00280683
0.00340409
0.00396474
0.0044146
0.00471606
0.00470044
-0.000763075
-0.000825395
-0.000814123
-0.000789941
-0.00073722
-0.000653273
-0.000532452
-0.000367327
-0.000149189
0.000131804
0.000486032
0.00092298
0.0014491
0.00206593
0.00276221
0.00350684
0.00423922
0.00485878
0.00528934
0.00531607
-0.00104836
-0.00111987
-0.00111496
-0.00110186
-0.00106351
-0.000997087
-0.000896027
-0.000751351
-0.000551931
-0.000284304
6.72046e-05
0.000519593
0.00108867
0.00178571
0.0026127
0.00354508
0.00451603
0.00539619
0.00603946
0.00618709
-0.00138005
-0.00146229
-0.00146462
-0.00146506
-0.00144521
-0.00140253
-0.00132994
-0.00121727
-0.0010513
-0.000815062
-0.0004872
-4.18953e-05
0.000549878
0.00131263
0.00227404
0.00342892
0.00471956
0.00599654
0.00700487
0.00747045
-0.00176016
-0.00185451
-0.00186414
-0.00188003
-0.00188266
-0.00187043
-0.00183637
-0.00176989
-0.00165654
-0.00147688
-0.00120493
-0.00080655
-0.000239102
0.000547128
0.00161161
0.00299238
0.00467924
0.00654204
0.00819296
0.00945389
-0.00219198
-0.00229928
-0.0023144
-0.00234617
-0.00237422
-0.00239868
-0.00241354
-0.00240891
-0.00237073
-0.00227926
-0.00210674
-0.00181353
-0.00134302
-0.00061845
0.000440875
0.00195023
0.00401707
0.00664543
0.00938381
0.0123567
-0.0026818
-0.00280201
-0.00281765
-0.00286272
-0.00291617
-0.00298123
-0.00305395
-0.00312635
-0.00318673
-0.00321858
-0.00319805
-0.00308959
-0.00283832
-0.00236289
-0.00155547
-0.000265214
0.00187359
0.00519435
0.00932216
0.0152244
-0.0032383
-0.00336104
-0.00336227
-0.00341246
-0.00349072
-0.00360133
-0.00374068
-0.00390318
-0.00408216
-0.00426862
-0.00444968
-0.00460794
-0.00471469
-0.00472717
-0.00459838
-0.00424632
-0.0033306
-0.000804993
0.00342554
0.0133963
-0.00389503
-0.00404092
-0.00401712
-0.00406904
-0.00415388
-0.00428955
-0.00448004
-0.00472657
-0.00502956
-0.00539062
-0.00581693
-0.00632296
-0.00693996
-0.00773706
-0.0089108
-0.0107468
-0.0132116
-0.0130376
-0.00993546
0.00462429
-0.00474202
-0.00467032
-0.00455164
-0.00452922
-0.00462152
-0.00481657
-0.00510211
-0.00546917
-0.00591903
-0.00646239
-0.0071278
-0.00796919
-0.00910928
-0.010748
-0.0134288
-0.0177709
-0.0247628
-0.0281308
-0.0269503
-0.00685427
-0.00530588
-0.00574889
-0.00552164
-0.00558664
-0.00563025
-0.00577817
-0.00603476
-0.00640967
-0.00691136
-0.00755216
-0.00837451
-0.00945003
-0.010989
-0.0132315
-0.0171723
-0.0229739
-0.0336623
-0.0399221
-0.0398672
-0.00789379
-0.00879647
-0.00622301
-0.00569391
-0.00523574
-0.00529117
-0.00558432
-0.0060502
-0.00662599
-0.00731611
-0.00810837
-0.00907656
-0.0102401
-0.0119406
-0.0142309
-0.0185405
-0.0246486
-0.0347053
-0.0394204
-0.0343207
0.0155511
-0.00543857
-0.00837573
-0.00758098
-0.00779999
-0.00758465
-0.00755575
-0.00769459
-0.00802135
-0.00853269
-0.00917902
-0.0100366
-0.011031
-0.0126329
-0.0147393
-0.0189942
-0.0245835
-0.0323176
-0.0289942
-0.00767367
0.0741714
-0.0304925
-0.00547197
-0.00437834
-0.00383198
-0.00382822
-0.00426438
-0.00501002
-0.00579657
-0.00675553
-0.00767562
-0.00889351
-0.0101489
-0.0119734
-0.014182
-0.0169803
-0.018283
-0.0152704
0.0106776
0.0739814
0.209447
1.70353e-05
-1.14894e-05
1.53258e-05
7.06845e-05
0.000161561
0.000287891
0.000449989
0.000648007
0.000881258
0.00114774
0.00144364
0.00176281
0.0020963
0.00243199
0.00275469
0.00304677
0.00328885
0.00346164
0.00356292
0.00354308
4.6132e-05
1.65633e-05
4.5662e-05
9.93977e-05
0.00018664
0.000307866
0.000463831
0.000655067
0.000881241
0.00114074
0.00143018
0.00174355
0.00207282
0.00240595
0.00272789
0.0030209
0.00326513
0.00344105
0.00354806
0.00352673
1.54975e-05
-1.97294e-05
8.05233e-06
5.92787e-05
0.00014377
0.000262147
0.000415572
0.000605132
0.000831146
0.00109271
0.0013871
0.00170957
0.00205187
0.0024021
0.00274454
0.0030599
0.00332566
0.00351847
0.00363681
0.00360938
-5.07292e-05
-9.02612e-05
-6.42798e-05
-1.6269e-05
6.46409e-05
0.00017938
0.000329757
0.000517699
0.000744536
0.00101051
0.00131411
0.00165138
0.00201568
0.00239501
0.00277266
0.00312668
0.00343014
0.00365338
0.00379254
0.0037619
-0.000159456
-0.000203548
-0.00018003
-0.000135954
-5.93137e-05
5.12337e-05
0.000198319
0.000384983
0.000613923
0.000887012
0.00120453
0.00156417
0.00196074
0.00238288
0.00281303
0.00322605
0.00358867
0.00386093
0.004034
0.0040021
-0.000310507
-0.000359966
-0.000339651
-0.000300608
-0.000229572
-0.000124719
1.75664e-05
0.000201684
0.000432097
0.000712861
0.00104678
0.00143398
0.00187226
0.00235164
0.00285442
0.00335184
0.00380221
0.00415018
0.00437682
0.00434777
-0.000504068
-0.000560014
-0.000543831
-0.000511431
-0.000448161
-0.000351707
-0.000217359
-3.91395e-05
0.000189557
0.000475633
0.000825512
0.00124405
0.00172976
0.00228004
0.00287785
0.00349143
0.00406886
0.0045331
0.00484467
0.00482991
-0.000740839
-0.000804634
-0.000793708
-0.00077007
-0.000717582
-0.000633538
-0.000512125
-0.000345679
-0.000125171
0.000159657
0.000519721
0.000965108
0.00150291
0.00213533
0.00285146
0.00361984
0.00437816
0.00502181
0.00547022
0.00550123
-0.0010217
-0.00109485
-0.00109037
-0.00107799
-0.00104008
-0.000973765
-0.000872306
-0.000726432
-0.000524627
-0.000252891
0.000105169
0.000567497
0.00115114
0.00186805
0.00272173
0.00368805
0.00469868
0.00561919
0.00629465
0.00645487
-0.00134771
-0.00143177
-0.0014347
-0.00143615
-0.00141709
-0.00137495
-0.0013024
-0.00118897
-0.00102098
-0.000780813
-0.000446213
9.88692e-06
0.000618172
0.00140504
0.00240073
0.0036022
0.00495202
0.00629587
0.00736432
0.00786072
-0.00172036
-0.00181677
-0.00182727
-0.00184464
-0.00184866
-0.00183767
-0.00180448
-0.00173813
-0.00162371
-0.00144108
-0.00116325
-0.000754581
-0.000170438
0.000642185
0.00174642
0.0031862
0.00495676
0.00692798
0.00869318
0.0100232
-0.00214222
-0.00225188
-0.00226827
-0.00230224
-0.00233258
-0.0023594
-0.00237644
-0.00237348
-0.00233601
-0.00224367
-0.0020678
-0.00176734
-0.00128346
-0.000535708
0.000561758
0.00213437
0.00430436
0.0070958
0.0100463
0.0131376
-0.00261852
-0.0027415
-0.00275905
-0.00280739
-0.00286443
-0.00293344
-0.00301025
-0.00308662
-0.00315051
-0.00318505
-0.00316599
-0.00305678
-0.00280157
-0.00231669
-0.00149092
-0.000169117
0.00204924
0.00556274
0.0100647
0.0161263
-0.00315618
-0.00328216
-0.00328603
-0.00334089
-0.0034246
-0.00354152
-0.00368778
-0.00385752
-0.00404394
-0.00423816
-0.00442829
-0.00459541
-0.00471466
-0.00474597
-0.0046505
-0.00435585
-0.00351938
-0.000959504
0.00380805
0.0139211
-0.00378794
-0.00393864
-0.00391868
-0.00397784
-0.00407062
-0.00421532
-0.00441578
-0.0046732
-0.00498822
-0.00536312
-0.0058062
-0.00633532
-0.0069885
-0.00784817
-0.00914523
-0.0112321
-0.0142239
-0.0143169
-0.0105236
0.00427077
-0.00459852
-0.00453223
-0.00441868
-0.00440502
-0.00450789
-0.00471583
-0.00501619
-0.00539963
-0.00586752
-0.00643133
-0.00712168
-0.00799797
-0.00919634
-0.0109395
-0.0138425
-0.0186322
-0.0265793
-0.0306511
-0.028704
-0.00799081
-0.00511678
-0.00557212
-0.00534683
-0.00542703
-0.00548504
-0.00565011
-0.00592583
-0.00632184
-0.00684622
-0.00751268
-0.0083649
-0.00947949
-0.0110845
-0.0134377
-0.0176461
-0.0238959
-0.0355395
-0.0424216
-0.0413812
-0.00846875
-0.00854398
-0.00598704
-0.00546376
-0.00501882
-0.00508874
-0.00540288
-0.00589432
-0.00649915
-0.00721905
-0.00804303
-0.00904444
-0.0102442
-0.0120024
-0.0143824
-0.0188813
-0.025326
-0.0358967
-0.0406811
-0.0339946
0.01668
-0.00516102
-0.00812311
-0.00730312
-0.00753535
-0.0073318
-0.00732475
-0.00749149
-0.00785082
-0.00839573
-0.00908132
-0.00997647
-0.011002
-0.0126559
-0.0148138
-0.0191997
-0.0249252
-0.0327204
-0.0289132
-0.00555917
0.0771987
-0.0301662
-0.0051301
-0.00402548
-0.00348583
-0.00350576
-0.00397535
-0.00476088
-0.00558957
-0.00659168
-0.00755561
-0.00881313
-0.0101136
-0.0119838
-0.0142614
-0.0171366
-0.0184682
-0.0152518
0.0115551
0.0768636
0.213434
2.3993e-05
-4.77673e-06
2.19476e-05
7.72469e-05
0.000168247
0.000294915
0.000457602
0.000656509
0.000890996
0.0011591
0.00145704
0.00177866
0.00211496
0.00245371
0.00277954
0.00307457
0.00331912
0.00349361
0.00359583
0.00357571
5.36406e-05
2.3797e-05
5.28095e-05
0.000106477
0.000193828
0.000315365
0.00047189
0.000663987
0.000891377
0.0011525
0.00144399
0.00175988
0.00209204
0.00242838
0.00275364
0.00304982
0.00329675
0.00347458
0.00358269
0.00356119
2.39511e-05
-1.15849e-05
1.60983e-05
6.72364e-05
0.000151822
0.000270503
0.000424496
0.000614952
0.000842258
0.00110557
0.00140224
0.00172753
0.00207317
0.00242715
0.00277358
0.00309285
0.00336204
0.00355735
0.00367721
0.00364963
-4.09333e-05
-8.08041e-05
-5.4933e-05
-7.03146e-06
7.396e-05
0.000189004
0.000339975
0.000528885
0.00075715
0.00102511
0.00133134
0.00167197
0.00204034
0.0024244
0.00280719
0.00316641
0.00347459
0.00370143
0.00384289
0.00381223
-0.000148023
-0.000192481
-0.000169086
-0.000125139
-4.8424e-05
6.24425e-05
0.000210176
0.000397921
0.000628502
0.000903927
0.00122462
0.0015884
0.00199014
0.00241844
0.00285553
0.00327582
0.0036453
0.00392302
0.00409972
0.0040681
-0.000297082
-0.000346935
-0.000326761
-0.000287874
-0.000216775
-0.000111591
3.13994e-05
0.000216734
0.000449044
0.000732587
0.0010704
0.00146288
0.00190771
0.00239524
0.00290756
0.00341535
0.00387596
0.00423245
0.00446501
0.00443685
-0.000488201
-0.000544571
-0.00052856
-0.000496365
-0.000433071
-0.000336306
-0.000201226
-2.16813e-05
0.000209157
0.000498465
0.000852974
0.00127782
0.00177214
0.00233327
0.00294422
0.0035727
0.00416555
0.00464337
0.00496475
0.00495217
-0.000721937
-0.000786191
-0.000775498
-0.000752155
-0.00069974
-0.000615474
-0.000493386
-0.000325596
-0.000102791
0.000185657
0.000551123
0.00100422
0.00155266
0.00219915
0.00293308
0.0037227
0.00450422
0.00516971
0.00563468
0.00567067
-0.000998969
-0.00107262
-0.00106848
-0.00105656
-0.00101891
-0.000952586
-0.00085066
-0.000703609
-0.000499568
-0.000224075
0.000139879
0.000611019
0.0012074
0.0019419
0.002819
0.00381492
0.00486006
0.00581577
0.00651973
0.00669086
-0.00132009
-0.00140471
-0.00140814
-0.00141031
-0.00139185
-0.00135008
-0.00127751
-0.00116337
-0.000993577
-0.000749983
-0.000409561
5.57988e-05
0.000678132
0.00148563
0.00251055
0.0037516
0.00515147
0.0065516
0.00767068
0.00818984
-0.00168641
-0.00178346
-0.0017947
-0.00181319
-0.00181831
-0.00180835
-0.00177589
-0.00170972
-0.0015945
-0.00140952
-0.00112697
-0.000709977
-0.000112193
0.000721655
0.00185895
0.00334766
0.00518732
0.00724712
0.00910413
0.0104795
-0.00209997
-0.00221036
-0.00222786
-0.0022635
-0.00229569
-0.00232448
-0.00234343
-0.00234207
-0.00230554
-0.00221299
-0.00203502
-0.00172941
-0.00123546
-0.000469551
0.000657844
0.00228193
0.00453609
0.00745852
0.0105716
0.013738
-0.00256533
-0.00268917
-0.00270832
-0.00275912
-0.00281902
-0.00289127
-0.00297161
-0.00305162
-0.00311904
-0.00315675
-0.00314008
-0.00303206
-0.0027757
-0.00228519
-0.00144569
-9.84329e-05
0.00218781
0.00585906
0.0106509
0.016816
-0.00308849
-0.00321541
-0.00322142
-0.00327967
-0.00336753
-0.00348942
-0.00364138
-0.00381745
-0.00401084
-0.00421272
-0.00441124
-0.00458919
-0.00472188
-0.00477105
-0.00470144
-0.0044433
-0.00364253
-0.00103109
0.00417163
0.0143969
-0.00370217
-0.00385434
-0.00383718
-0.00390119
-0.00399965
-0.00415116
-0.00435957
-0.0046262
-0.00495199
-0.0053399
-0.00579953
-0.00635153
-0.00703896
-0.00795343
-0.00934821
-0.0116185
-0.0149836
-0.0152098
-0.0108316
0.00419059
-0.00448737
-0.00442263
-0.00431257
-0.00430457
-0.00441449
-0.00463149
-0.00494288
-0.00533931
-0.0058225
-0.00640464
-0.00711874
-0.00802884
-0.00928175
-0.0111156
-0.0141983
-0.0193231
-0.0279347
-0.0325158
-0.0299212
-0.00864491
-0.00498279
-0.00544179
-0.0052163
-0.00530383
-0.00536967
-0.00554537
-0.00583406
-0.0062455
-0.00678809
-0.00747631
-0.00835651
-0.00950985
-0.0111798
-0.0136343
-0.0180676
-0.0246768
-0.0370711
-0.0444808
-0.0427187
-0.00896011
-0.00836297
-0.00581454
-0.0052973
-0.00485977
-0.00493644
-0.00526161
-0.0057686
-0.00639247
-0.00713478
-0.007984
-0.00901631
-0.0102534
-0.0120757
-0.0145416
-0.0192296
-0.0259665
-0.0370412
-0.0420316
-0.0344602
0.0171559
-0.00501061
-0.00797279
-0.00712735
-0.00736064
-0.00715593
-0.00715593
-0.00733574
-0.0077138
-0.00828299
-0.0089938
-0.00992114
-0.0109789
-0.0126908
-0.014907
-0.0194296
-0.0252814
-0.0332361
-0.0292477
-0.00478926
0.0789338
-0.0299608
-0.00491853
-0.00380351
-0.00326008
-0.00328586
-0.00376899
-0.00457492
-0.00542781
-0.00645929
-0.00745365
-0.00874887
-0.010088
-0.0120167
-0.014357
-0.0173356
-0.018714
-0.0154682
0.0117799
0.078186
0.215626
3.01534e-05
1.34275e-06
2.8059e-05
8.3393e-05
0.00017456
0.000301564
0.0004648
0.000664511
0.000900101
0.00116965
0.00146938
0.00179315
0.00213191
0.00247333
0.00280191
0.00309956
0.00334636
0.0035225
0.00362573
0.00360565
6.00692e-05
3.01586e-05
5.916e-05
0.000112862
0.000200382
0.000322257
0.000479334
0.000672245
0.000900757
0.00116335
0.0014567
0.00177482
0.00210956
0.00244874
0.00277694
0.00307595
0.00332535
0.00350502
0.00361429
0.00359293
3.10497e-05
-4.55819e-06
2.31083e-05
7.42734e-05
0.000159026
0.000278052
0.00043262
0.000623936
0.000852448
0.00111737
0.00141609
0.00174391
0.00209251
0.00244982
0.00279977
0.00312252
0.00339481
0.0035925
0.00371389
0.00368654
-3.28255e-05
-7.27734e-05
-4.69259e-05
9.9414e-07
8.21518e-05
0.000197553
0.000349136
0.000538983
0.00076859
0.00103838
0.001347
0.00169063
0.00206261
0.00245082
0.00283814
0.00320194
0.00351435
0.00374452
0.0038882
0.00385794
-0.000138613
-0.000183152
-0.00015979
-0.000115837
-3.89563e-05
7.22849e-05
0.000220681
0.000409469
0.000641579
0.000919138
0.00124269
0.00161016
0.00201644
0.00245011
0.00289324
0.00331986
0.00369538
0.00397802
0.00415809
0.00412717
-0.000286047
-0.000335984
-0.00031586
-0.000276986
-0.000205733
-0.000100165
4.35345e-05
0.000230023
0.000464074
0.000750119
0.00109138
0.00148848
0.00193901
0.00243358
0.00295409
0.00347078
0.00394019
0.00430415
0.00454197
0.00451508
-0.000475151
-0.00053161
-0.00051568
-0.000483539
-0.000420128
-0.000323002
-0.000187201
-6.42437e-06
0.000226343
0.000518508
0.000877054
0.00130737
0.00180903
0.00237939
0.00300145
0.00364246
0.00424827
0.00473758
0.00506735
0.00505708
-0.000706379
-0.00077073
-0.000760172
-0.000736962
-0.000684517
-0.000599978
-0.000477234
-0.000308223
-8.33938e-05
0.000208185
0.000578261
0.00103787
0.00159525
0.00225351
0.00300223
0.00380933
0.00460985
0.0052932
0.00577172
0.00581201
-0.000980264
-0.00105403
-0.00105011
-0.00103846
-0.00100094
-0.00093454
-0.000832158
-0.000684061
-0.000478104
-0.000199445
0.000169417
0.000647829
0.00125463
0.00200358
0.00289975
0.00391952
0.00499217
0.0059756
0.00670187
0.00688116
-0.0012974
-0.00138214
-0.00138594
-0.00138859
-0.00137054
-0.00132904
-0.00125641
-0.00114166
-0.000970391
-0.000724016
-0.000378895
9.39169e-05
0.000727527
0.00155152
0.00259971
0.00387194
0.0053107
0.00675364
0.00791043
0.0084449
-0.00165862
-0.0017558
-0.00176762
-0.0017869
-0.00179286
-0.0017837
-0.00175184
-0.00168585
-0.00157008
-0.00138336
-0.00109722
-0.000673826
-6.54624e-05
0.000784815
0.00194794
0.00347453
0.00536676
0.00749181
0.00941401
0.0108165
-0.00206565
-0.00217619
-0.00219453
-0.0022314
-0.002265
-0.00229535
-0.00231587
-0.00231592
-0.00228036
-0.00218799
-0.00200881
-0.0016997
-0.00119839
-0.000418803
0.000731422
0.00239511
0.00471289
0.00772973
0.0109535
0.0141627
-0.00252265
-0.00264663
-0.00266698
-0.00271956
-0.0027816
-0.00285639
-0.0029396
-0.0030227
-0.0030933
-0.0031341
-0.00312016
-0.00301401
-0.00275773
-0.00226366
-0.00141341
-4.56383e-05
0.00229615
0.00608407
0.0110727
0.0172998
-0.00303511
-0.00316212
-0.0031697
-0.00323033
-0.00332121
-0.00344686
-0.00360329
-0.00378455
-0.00398391
-0.00419269
-0.00439928
-0.00458698
-0.00473151
-0.00479503
-0.00474283
-0.00450066
-0.00369717
-0.0010323
0.00448031
0.0147869
-0.00363621
-0.0037886
-0.00377333
-0.00384048
-0.00394284
-0.00409926
-0.00431369
-0.00458766
-0.00492243
-0.00532155
-0.00579575
-0.00636749
-0.00708312
-0.0080397
-0.00950391
-0.0118952
-0.0154934
-0.0157512
-0.010924
0.00427249
-0.00440423
-0.00433961
-0.00423184
-0.00422737
-0.00434186
-0.004565
-0.00488426
-0.0052905
-0.00578587
-0.00638336
-0.00711784
-0.00805678
-0.00935434
-0.0112581
-0.0144718
-0.0198286
-0.0288618
-0.0337532
-0.0306308
-0.00896743
-0.00488846
-0.00534789
-0.00512167
-0.00521273
-0.00528258
-0.00546447
-0.0057615
-0.00618371
-0.00674019
-0.00744626
-0.00835043
-0.00953749
-0.0112623
-0.0137986
-0.0184027
-0.0252808
-0.0382006
-0.0460147
-0.0436553
-0.0093622
-0.00823748
-0.00569277
-0.00517995
-0.00474621
-0.00482616
-0.00515697
-0.00567281
-0.00630887
-0.00706711
-0.00793631
-0.0089949
-0.0102658
-0.0121453
-0.0146848
-0.019533
-0.0265106
-0.0379898
-0.0432168
-0.0349556
0.0172739
-0.00492289
-0.00787746
-0.00701343
-0.00724368
-0.00703513
-0.0070361
-0.00722108
-0.00760903
-0.00819317
-0.00892313
-0.0098764
-0.0109648
-0.0127288
-0.0150035
-0.0196424
-0.0256174
-0.0337242
-0.0297201
-0.00441126
0.0798749
-0.0298345
-0.00479034
-0.00366714
-0.00311724
-0.00314141
-0.0036278
-0.00444253
-0.00530842
-0.00635887
-0.00737503
-0.00870036
-0.0100735
-0.0120543
-0.0144574
-0.0175254
-0.0189828
-0.0157395
0.0117188
0.0789197
0.2168
3.5111e-05
6.32367e-06
3.30669e-05
8.84731e-05
0.00017981
0.000307116
0.000470819
0.0006712
0.000907697
0.00117841
0.0014796
0.00180511
0.00214585
0.00248942
0.00282022
0.00311999
0.00336865
0.0035462
0.00365031
0.00363037
6.51705e-05
3.52633e-05
6.42897e-05
0.000118067
0.000205764
0.000327948
0.000485505
0.000679105
0.000908551
0.00117236
0.00146722
0.00178716
0.00212399
0.00246545
0.00279603
0.00309734
0.00334878
0.00353
0.00364028
0.00361915
3.66213e-05
1.01854e-06
2.87083e-05
7.99477e-05
0.000164881
0.000284227
0.000439299
0.000631348
0.000860868
0.00112712
0.00142751
0.00175739
0.00210839
0.00246838
0.00282117
0.00314673
0.00342156
0.00362122
0.00374392
0.00371687
-2.65231e-05
-6.64642e-05
-4.05967e-05
7.39559e-06
8.87377e-05
0.000204475
0.000356597
0.000547244
0.000777974
0.00104927
0.00135984
0.00170591
0.0020808
0.00247234
0.00286328
0.00323076
0.00354658
0.00377949
0.00392501
0.0038952
-0.000131335
-0.000175865
-0.000152489
-0.000108469
-3.14028e-05
8.01906e-05
0.000229168
0.000418841
0.000652224
0.000931534
0.0012574
0.00162784
0.00203775
0.0024757
0.00292363
0.00335526
0.00373557
0.00402216
0.00420496
0.00417475
-0.000277531
-0.000327455
-0.00030733
-0.000268404
-0.000196973
-9.10474e-05
5.32692e-05
0.000240727
0.000476212
0.000764286
0.00110832
0.00150909
0.00196414
0.00246426
0.00299119
0.00351483
0.00399112
0.00436093
0.0046029
0.00457714
-0.000465092
-0.000521534
-0.000505627
-0.000473466
-0.000409909
-0.000312447
-0.000176026
5.77192e-06
0.000240106
0.00053456
0.000896312
0.00133093
0.00183833
0.00241588
0.00304652
0.00369717
0.00431289
0.00481099
0.00514716
0.00513879
-0.0006944
-0.000758729
-0.000748238
-0.00072507
-0.000672551
-0.00058775
-0.000464448
-0.00029444
-6.79929e-05
0.000226055
0.000599734
0.0010644
0.00162867
0.00229595
0.00305592
0.00387623
0.00469098
0.00538759
0.00587611
0.00591962
-0.000965884
-0.00103962
-0.00103585
-0.00102434
-0.000986882
-0.000920377
-0.000817604
-0.000668671
-0.000461213
-0.000180105
0.000192524
0.000676474
0.00129115
0.00205103
0.0029615
0.00399894
0.00509172
0.00609509
0.00683722
0.00702209
-0.00128
-0.00136471
-0.00136876
-0.00137172
-0.00135395
-0.00131262
-0.00123992
-0.00112469
-0.000952309
-0.000703843
-0.000355205
0.000123177
0.000765202
0.00160142
0.00266674
0.00396167
0.00542821
0.0069009
0.00808324
0.00862729
-0.00163742
-0.00173456
-0.00174678
-0.0017666
-0.00177315
-0.00176457
-0.00173317
-0.00166734
-0.00155121
-0.00136327
-0.00107457
-0.000646555
-3.04962e-05
0.00083173
0.00201362
0.00356733
0.00549635
0.00766521
0.00962941
0.0110473
-0.00203964
-0.00215013
-0.00216907
-0.00220678
-0.00224139
-0.00227289
-0.00229461
-0.00229578
-0.00226109
-0.00216904
-0.00198922
-0.00167782
-0.00117137
-0.000381907
0.000784743
0.00247679
0.00483891
0.00791703
0.0112094
0.0144424
-0.00249064
-0.00261453
-0.00263572
-0.0026895
-0.00275307
-0.00282972
-0.00291508
-0.00300058
-0.00307374
-0.00311715
-0.00310567
-0.00300149
-0.00274576
-0.00224894
-0.00139047
-7.2067e-06
0.0023767
0.0062405
0.0113489
0.0176143
-0.00299568
-0.00312251
-0.00313115
-0.00319336
-0.00328634
-0.00341466
-0.00357437
-0.00375957
-0.00396359
-0.00417787
-0.00439099
-0.00458645
-0.00474003
-0.00481359
-0.00477154
-0.00453232
-0.00370245
-0.00100739
0.00469765
0.0150632
-0.0035884
-0.00374063
-0.00372657
-0.00379567
-0.0039006
-0.00406038
-0.00427912
-0.00455852
-0.00490016
-0.00530803
-0.00579363
-0.00638057
-0.00711721
-0.00810366
-0.00961428
-0.0120821
-0.0158286
-0.0160714
-0.0109508
0.00437393
-0.00434529
-0.00428033
-0.004174
-0.00417169
-0.00428907
-0.00451624
-0.00484089
-0.00525413
-0.00575854
-0.00636774
-0.00711797
-0.00807903
-0.00940978
-0.0113634
-0.0146655
-0.0201727
-0.0294621
-0.034535
-0.031065
-0.00914573
-0.00482407
-0.00528301
-0.00505611
-0.00514881
-0.00522076
-0.00540623
-0.00570852
-0.00613807
-0.00670454
-0.00742398
-0.00834666
-0.00955997
-0.0113265
-0.013923
-0.0186461
-0.0257094
-0.0389679
-0.04707
-0.0443142
-0.00968411
-0.00815363
-0.0056104
-0.00510051
-0.00466864
-0.00475024
-0.00508403
-0.00560495
-0.00624867
-0.00701786
-0.0079015
-0.00898039
-0.0102782
-0.0122026
-0.0147984
-0.0197683
-0.0269231
-0.0386903
-0.0441193
-0.035432
0.0171883
-0.00486811
-0.00781576
-0.00694001
-0.0071671
-0.00695494
-0.00695521
-0.007142
-0.0075351
-0.00812857
-0.00887181
-0.00984462
-0.010958
-0.0127632
-0.0150869
-0.0198155
-0.0258909
-0.0341232
-0.0301608
-0.00433808
0.0803241
-0.0297552
-0.00471109
-0.00358258
-0.0030275
-0.00304877
-0.00353492
-0.00435322
-0.00522581
-0.00628808
-0.00731885
-0.00866667
-0.0100664
-0.012089
-0.0145431
-0.0176841
-0.0192113
-0.015995
0.0115563
0.0792252
0.217406
3.85673e-05
9.814e-06
3.65913e-05
9.20685e-05
0.000183543
0.000311075
0.00047512
0.000675984
0.000913128
0.00118468
0.00148689
0.00181361
0.00215574
0.00250083
0.00283318
0.00313445
0.00338443
0.00356298
0.00366775
0.00364795
6.87048e-05
3.88183e-05
6.78775e-05
0.000121728
0.000209569
0.000331989
0.000489899
0.000683997
0.000914112
0.00117878
0.00147471
0.00179594
0.00213423
0.00247729
0.00280954
0.00311248
0.00336536
0.0035477
0.00365871
0.00363778
4.0458e-05
4.87828e-06
3.26007e-05
8.39151e-05
0.000168996
0.000288587
0.000444031
0.000636612
0.000866853
0.00113405
0.00143563
0.00176695
0.00211963
0.0024815
0.00283628
0.0031638
0.00344041
0.00364149
0.00376513
0.00373833
-2.22077e-05
-6.21233e-05
-3.62244e-05
1.18431e-05
9.33373e-05
0.000209332
0.000361853
0.000553081
0.000784614
0.00105698
0.00136892
0.0017167
0.00209362
0.00248749
0.00288094
0.00325099
0.00356918
0.00380401
0.00395085
0.00392139
-0.000126369
-0.00017087
-0.000147466
-0.000103374
-2.61531e-05
8.57098e-05
0.000235116
0.000425428
0.000659718
0.000940265
0.00126776
0.00164027
0.0020527
0.00249361
0.00294484
0.00337994
0.00376354
0.00405287
0.00423758
0.0042079
-0.000271731
-0.000321621
-0.000301477
-0.000262488
-0.000190908
-8.47093e-05
6.00589e-05
0.000248211
0.000484711
0.00077421
0.00112018
0.00152348
0.00198166
0.00248559
0.0030169
0.00354528
0.00402624
0.00440003
0.00464484
0.0046199
-0.000458247
-0.00051465
-0.000498741
-0.000466539
-0.000402856
-0.000305138
-0.000168266
1.42568e-05
0.00024969
0.000545736
0.000909704
0.0013473
0.00185861
0.00244103
0.00307747
0.00373461
0.00435697
0.00486094
0.00520137
0.00519429
-0.000686256
-0.00075054
-0.000740079
-0.000716912
-0.000664318
-0.000579316
-0.00045561
-0.0002849
-5.73309e-05
0.000238414
0.000614552
0.00108264
0.00165157
0.00232493
0.00309243
0.00392151
0.00474561
0.00545088
0.00594587
0.00599147
-0.000956124
-0.00102981
-0.00102611
-0.00101468
-0.000977241
-0.000910645
-0.00080759
-0.000658074
-0.00044959
-0.000166822
0.000208344
0.000696004
0.00131593
0.00208311
0.00300302
0.00405203
0.0051578
0.00617383
0.0069259
0.00711416
-0.00126822
-0.00135288
-0.00135708
-0.00136022
-0.00134261
-0.00130138
-0.00122862
-0.00111307
-0.000939946
-0.000690091
-0.000339121
0.000142942
0.000790487
0.00163478
0.00271129
0.00402084
0.00550498
0.00699599
0.0081937
0.00874323
-0.00162312
-0.00172019
-0.00173266
-0.00175282
-0.00175974
-0.00175154
-0.00172044
-0.00165473
-0.0015384
-0.00134969
-0.00105934
-0.000628323
-7.21576e-06
0.000862724
0.00205675
0.00362779
0.00557977
0.00777475
0.00976312
0.0111892
-0.0020222
-0.0021326
-0.00215192
-0.00219015
-0.00222542
-0.00225767
-0.0022802
-0.00228214
-0.00224807
-0.00215632
-0.00197619
-0.00166339
-0.00115365
-0.000357803
0.000819465
0.00252978
0.00491978
0.00803311
0.0113633
0.0146089
-0.00246934
-0.00259311
-0.00261482
-0.00266935
-0.0027339
-0.00281176
-0.00289855
-0.00298567
-0.00306062
-0.00310588
-0.00309617
-0.00299336
-0.00273802
-0.00223956
-0.00137534
1.88391e-05
0.0024325
0.00633858
0.0115121
0.0177995
-0.00296972
-0.00309635
-0.00310565
-0.00316883
-0.00326312
-0.00339315
-0.003555
-0.00374283
-0.00395003
-0.00416812
-0.00438574
-0.00458648
-0.00474603
-0.00482573
-0.00478849
-0.00454465
-0.00367401
-0.000976794
0.00483295
0.0152357
-0.00355735
-0.00370936
-0.00369601
-0.00376625
-0.00387274
-0.00403463
-0.00425613
-0.00453911
-0.00488535
-0.00529916
-0.0057925
-0.00638964
-0.00714002
-0.00814537
-0.00968419
-0.0121982
-0.0160439
-0.0162469
-0.0109523
0.00445511
-0.00430762
-0.0042423
-0.00413679
-0.00413572
-0.00425482
-0.00448444
-0.00481245
-0.00523018
-0.00574054
-0.00635758
-0.00711842
-0.00809427
-0.0094467
-0.0114318
-0.0147877
-0.0203839
-0.0298169
-0.0349854
-0.0313102
-0.00923848
-0.00478379
-0.00524219
-0.00501484
-0.00510827
-0.00518129
-0.00536879
-0.00567419
-0.00610826
-0.00668115
-0.00740946
-0.00834464
-0.00957566
-0.0113697
-0.0140052
-0.0188024
-0.0259801
-0.0394355
-0.0477191
-0.04473
-0.0099047
-0.00810225
-0.00555955
-0.00505141
-0.00462041
-0.00470282
-0.00503817
-0.00556186
-0.00621011
-0.00698609
-0.00787914
-0.00897169
-0.0102879
-0.0122426
-0.0148756
-0.0199263
-0.0271949
-0.0391418
-0.0447117
-0.0357862
0.0170895
-0.00483496
-0.00777802
-0.00689568
-0.00712057
-0.00690598
-0.00690556
-0.00709274
-0.00748853
-0.00808738
-0.00883899
-0.0098247
-0.0109556
-0.0127886
-0.0151473
-0.0199355
-0.026081
-0.0343993
-0.0304895
-0.00437259
0.0805226
-0.0297082
-0.00466481
-0.00353329
-0.00297489
-0.00299386
-0.00347906
-0.00429861
-0.00517441
-0.00624339
-0.00728322
-0.00864571
-0.0100639
-0.0121146
-0.0146049
-0.0177947
-0.0193745
-0.0161837
0.0113992
0.0793374
0.217708
4.03196e-05
1.15882e-05
3.83882e-05
9.3909e-05
0.000185461
0.000313117
0.000477344
0.000678462
0.000915943
0.00118792
0.00149067
0.00181802
0.00216086
0.00250673
0.00283988
0.00314193
0.00339259
0.00357167
0.00367678
0.00365706
7.04929e-05
4.06214e-05
6.97028e-05
0.000123599
0.00021152
0.000334068
0.000492168
0.000686528
0.000916994
0.00118211
0.0014786
0.00180048
0.00213953
0.00248342
0.00281653
0.0031203
0.00337393
0.00355685
0.00366825
0.00364742
4.23957e-05
6.83243e-06
3.45771e-05
8.59377e-05
0.000171102
0.000290827
0.00044647
0.00063933
0.00086995
0.00113763
0.00143983
0.00177189
0.00212544
0.00248828
0.00284407
0.00317261
0.00345015
0.00365195
0.00377608
0.00374942
-2.00315e-05
-5.99289e-05
-3.40082e-05
1.41058e-05
9.56862e-05
0.000211822
0.000364556
0.000556088
0.000788042
0.00106096
0.00137362
0.00172228
0.00210024
0.00249529
0.00289004
0.00326139
0.00358081
0.00381663
0.00396413
0.00393488
-0.000123866
-0.000168346
-0.000144922
-0.000100784
-2.34765e-05
8.85328e-05
0.000238167
0.000428815
0.000663577
0.000944765
0.0012731
0.00164667
0.00206039
0.00250281
0.00295573
0.00339258
0.00377787
0.00406859
0.00425427
0.00422487
-0.000268806
-0.000318672
-0.000298513
-0.000259483
-0.00018782
-8.14731e-05
6.35342e-05
0.000252049
0.000489075
0.000779309
0.00112627
0.00153087
0.00199063
0.00249649
0.00303004
0.0035608
0.00404412
0.00441992
0.00466615
0.00464164
-0.000454794
-0.00051117
-0.000495255
-0.000463024
-0.000399269
-0.000301412
-0.000164303
1.85967e-05
0.000254597
0.000551459
0.000916559
0.00135568
0.00186895
0.00245383
0.0030932
0.00375359
0.00437926
0.00488615
0.00522869
0.00522227
-0.000682147
-0.000746402
-0.000735949
-0.000712775
-0.000660136
-0.000575024
-0.000451106
-0.000280034
-5.18896e-05
0.000244719
0.000622101
0.00109191
0.0016632
0.0023396
0.00311087
0.0039443
0.00477302
0.00548254
0.00598068
0.0060273
-0.000951201
-0.00102485
-0.00102119
-0.00100979
-0.00097235
-0.000905702
-0.000802498
-0.000652684
-0.000443679
-0.000160072
0.000216367
0.000705883
0.00132842
0.00209925
0.00302385
0.00407855
0.00519065
0.00621278
0.00696958
0.00715944
-0.00126228
-0.0013469
-0.00135117
-0.0013544
-0.00133687
-0.00129568
-0.00122289
-0.00110718
-0.00093368
-0.000683133
-0.000331003
0.000152887
0.000803143
0.00165146
0.00273348
0.00405017
0.00554278
0.00704244
0.00824727
0.00879927
-0.00161593
-0.00171295
-0.00172555
-0.00174586
-0.00175297
-0.00174495
-0.001714
-0.00164836
-0.00153193
-0.00134285
-0.00105169
-0.000619197
4.42416e-06
0.000878122
0.00207811
0.00365758
0.00562055
0.00782755
0.00982675
0.0112563
-0.00201346
-0.0021238
-0.0021433
-0.00218179
-0.00221738
-0.00225
-0.00227293
-0.00227526
-0.00224153
-0.00214996
-0.0019697
-0.00165622
-0.00114487
-0.000345904
0.000836653
0.00255603
0.00495963
0.00808848
0.0114351
0.0146859
-0.00245871
-0.00258241
-0.00260436
-0.00265926
-0.00272428
-0.00280274
-0.00289024
-0.00297819
-0.00305404
-0.00310026
-0.00309148
-0.00298938
-0.00273424
-0.00223485
-0.00136757
3.269e-05
0.00246323
0.00638618
0.0115871
0.0178844
-0.00295685
-0.00308337
-0.00309297
-0.00315662
-0.00325154
-0.0033824
-0.00354532
-0.00373446
-0.00394326
-0.00416327
-0.00438319
-0.00458658
-0.00474905
-0.00483157
-0.00479585
-0.00454591
-0.00363628
-0.000955876
0.0048966
0.0153168
-0.00354207
-0.00369395
-0.00368093
-0.00375171
-0.00385893
-0.00402183
-0.00424469
-0.00452944
-0.00487798
-0.00529478
-0.00579202
-0.00639424
-0.00715139
-0.00816589
-0.00971827
-0.0122558
-0.0161639
-0.0163272
-0.0109506
0.00449717
-0.00428927
-0.00422373
-0.0041186
-0.0041181
-0.00423801
-0.00446879
-0.0047984
-0.00521833
-0.00573164
-0.00635259
-0.00711875
-0.00810197
-0.00946505
-0.0114654
-0.0148466
-0.0204846
-0.0299833
-0.0351913
-0.031422
-0.00927948
-0.00476438
-0.00522247
-0.00499491
-0.00508862
-0.00516209
-0.0053505
-0.00565736
-0.0060936
-0.00666963
-0.00740235
-0.0083438
-0.00958369
-0.0113913
-0.0140459
-0.0188786
-0.0261105
-0.0396561
-0.0480266
-0.0449318
-0.0100178
-0.00807784
-0.00553528
-0.00502796
-0.00459731
-0.00468007
-0.00501608
-0.005541
-0.00619137
-0.0069706
-0.00786828
-0.00896767
-0.0102932
-0.0122629
-0.0149142
-0.0200052
-0.0273289
-0.0393615
-0.0450028
-0.0359734
0.0170188
-0.00481912
-0.00775997
-0.00687472
-0.00709852
-0.00688277
-0.00688198
-0.00706918
-0.00746613
-0.00806747
-0.00882313
-0.00981524
-0.0109551
-0.0128021
-0.0151786
-0.0199966
-0.0261777
-0.0345394
-0.0306621
-0.00441519
0.0805892
-0.0296863
-0.00464332
-0.00351046
-0.0029505
-0.00296828
-0.00345285
-0.00427277
-0.00514984
-0.00622188
-0.00726606
-0.00863578
-0.0100633
-0.0121282
-0.0146368
-0.0178513
-0.0194584
-0.0162829
0.0113083
0.0793657
0.217824
4.02647e-05
1.15347e-05
3.83373e-05
9.38617e-05
0.000185418
0.000313079
0.000477311
0.000678433
0.000915917
0.0011879
0.00149065
0.001818
0.00216085
0.00250671
0.00283987
0.00314192
0.00339258
0.00357166
0.00367677
0.00365705
7.04395e-05
4.05693e-05
6.96531e-05
0.000123553
0.000211478
0.000334031
0.000492135
0.000686499
0.000916968
0.00118209
0.00147858
0.00180047
0.00213951
0.00248341
0.00281652
0.00312029
0.00337392
0.00355684
0.00366823
0.00364741
4.2345e-05
6.78296e-06
3.45301e-05
8.58941e-05
0.000171062
0.000290791
0.000446439
0.000639303
0.000869926
0.00113761
0.00143981
0.00177188
0.00212543
0.00248826
0.00284406
0.0031726
0.00345014
0.00365194
0.00377607
0.00374941
-2.00785e-05
-5.99747e-05
-3.40517e-05
1.40654e-05
9.56492e-05
0.000211788
0.000364526
0.000556062
0.000788019
0.00106094
0.0013736
0.00172226
0.00210022
0.00249528
0.00289003
0.00326138
0.0035808
0.00381662
0.00396413
0.00393487
-0.000123908
-0.000168388
-0.000144962
-0.000100821
-2.35104e-05
8.85022e-05
0.00023814
0.000428791
0.000663555
0.000944746
0.00127309
0.00164666
0.00206037
0.0025028
0.00295572
0.00339257
0.00377786
0.00406858
0.00425426
0.00422486
-0.000268845
-0.00031871
-0.000298549
-0.000259517
-0.000187851
-8.15008e-05
6.35092e-05
0.000252027
0.000489056
0.000779292
0.00112625
0.00153085
0.00199062
0.00249648
0.00303003
0.0035608
0.00404412
0.00441992
0.00466614
0.00464163
-0.000454829
-0.000511204
-0.000495287
-0.000463054
-0.000399297
-0.000301438
-0.000164326
1.85765e-05
0.00025458
0.000551444
0.000916545
0.00135566
0.00186894
0.00245382
0.00309319
0.00375358
0.00437925
0.00488614
0.00522868
0.00522226
-0.000682178
-0.000746432
-0.000735978
-0.000712802
-0.000660161
-0.000575047
-0.000451127
-0.000280052
-5.19052e-05
0.000244706
0.000622089
0.0010919
0.00166319
0.00233959
0.00311086
0.0039443
0.00477301
0.00548253
0.00598067
0.0060273
-0.000951228
-0.00102488
-0.00102122
-0.00100981
-0.000972373
-0.000905723
-0.000802518
-0.000652701
-0.000443694
-0.000160085
0.000216356
0.000705873
0.00132841
0.00209924
0.00302384
0.00407855
0.00519065
0.00621277
0.00696958
0.00715944
-0.00126231
-0.00134693
-0.0013512
-0.00135443
-0.00133689
-0.0012957
-0.00122291
-0.0011072
-0.000933694
-0.000683145
-0.000331014
0.000152877
0.000803135
0.00165145
0.00273347
0.00405016
0.00554278
0.00704244
0.00824726
0.00879927
-0.00161595
-0.00171297
-0.00172557
-0.00174588
-0.00175299
-0.00174497
-0.00171402
-0.00164837
-0.00153194
-0.00134286
-0.0010517
-0.000619205
4.41645e-06
0.000878115
0.0020781
0.00365757
0.00562055
0.00782755
0.00982675
0.0112563
-0.00201348
-0.00212382
-0.00214332
-0.00218181
-0.00221739
-0.00225002
-0.00227294
-0.00227528
-0.00224154
-0.00214997
-0.0019697
-0.00165623
-0.00114488
-0.000345909
0.00083665
0.00255602
0.00495963
0.00808848
0.0114351
0.0146859
-0.00245873
-0.00258243
-0.00260438
-0.00265927
-0.0027243
-0.00280275
-0.00289025
-0.0029782
-0.00305406
-0.00310027
-0.00309148
-0.00298939
-0.00273425
-0.00223486
-0.00136757
3.26898e-05
0.00246323
0.00638618
0.0115871
0.0178844
-0.00295687
-0.00308338
-0.00309299
-0.00315663
-0.00325155
-0.00338242
-0.00354533
-0.00373447
-0.00394327
-0.00416328
-0.0043832
-0.00458659
-0.00474906
-0.00483158
-0.00479585
-0.00454591
-0.00363628
-0.000955875
0.0048966
0.0153168
-0.00354209
-0.00369396
-0.00368094
-0.00375172
-0.00385895
-0.00402184
-0.0042447
-0.00452944
-0.00487799
-0.00529478
-0.00579203
-0.00639425
-0.00715139
-0.00816589
-0.00971827
-0.0122558
-0.0161639
-0.0163272
-0.0109506
0.00449717
-0.00428928
-0.00422375
-0.00411862
-0.00411811
-0.00423802
-0.0044688
-0.00479841
-0.00521834
-0.00573164
-0.00635259
-0.00711875
-0.00810197
-0.00946505
-0.0114654
-0.0148466
-0.0204846
-0.0299833
-0.0351913
-0.031422
-0.00927947
-0.00476439
-0.00522248
-0.00499492
-0.00508863
-0.0051621
-0.00535051
-0.00565737
-0.0060936
-0.00666963
-0.00740236
-0.0083438
-0.00958369
-0.0113913
-0.0140459
-0.0188786
-0.0261105
-0.0396561
-0.0480266
-0.0449318
-0.0100178
-0.00807785
-0.00553529
-0.00502797
-0.00459732
-0.00468008
-0.00501609
-0.00554101
-0.00619137
-0.00697061
-0.00786828
-0.00896767
-0.0102932
-0.0122629
-0.0149142
-0.0200052
-0.0273289
-0.0393615
-0.0450028
-0.0359734
0.0170188
-0.00481913
-0.00775998
-0.00687473
-0.00709853
-0.00688277
-0.00688199
-0.00706918
-0.00746614
-0.00806747
-0.00882313
-0.00981524
-0.0109551
-0.0128021
-0.0151786
-0.0199966
-0.0261777
-0.0345394
-0.0306621
-0.00441519
0.0805892
-0.0296863
-0.00464333
-0.00351046
-0.00295051
-0.00296829
-0.00345286
-0.00427277
-0.00514985
-0.00622188
-0.00726607
-0.00863578
-0.0100633
-0.0121282
-0.0146368
-0.0178513
-0.0194584
-0.0162829
0.0113083
0.0793657
0.217824
3.83996e-05
9.65069e-06
3.64362e-05
9.19249e-05
0.000183413
0.00031096
0.000475019
0.000675896
0.00091305
0.00118461
0.00148683
0.00181356
0.00215569
0.00250079
0.00283315
0.00313442
0.0033844
0.00356295
0.00366772
0.00364791
6.85419e-05
3.86594e-05
6.77266e-05
0.000121589
0.000209442
0.000331877
0.000489801
0.00068391
0.000914036
0.00117871
0.00147465
0.00179588
0.00213418
0.00247725
0.0028095
0.00311245
0.00336533
0.00354767
0.00365867
0.00363774
4.03039e-05
4.72803e-06
3.24582e-05
8.37833e-05
0.000168876
0.00028848
0.000443937
0.000636529
0.00086678
0.00113398
0.00143557
0.0017669
0.00211959
0.00248146
0.00283624
0.00316377
0.00344038
0.00364146
0.0037651
0.0037383
-2.23502e-05
-6.2262e-05
-3.63558e-05
1.17213e-05
9.32263e-05
0.000209233
0.000361765
0.000553003
0.000784546
0.00105692
0.00136887
0.00171666
0.00209358
0.00248745
0.0028809
0.00325095
0.00356915
0.00380399
0.00395082
0.00392137
-0.000126499
-0.000170996
-0.000147585
-0.000103485
-2.62545e-05
8.56183e-05
0.000235035
0.000425356
0.000659654
0.000940208
0.00126771
0.00164023
0.00205266
0.00249358
0.00294481
0.00337991
0.00376352
0.00405285
0.00423756
0.00420788
-0.000271847
-0.000321734
-0.000301584
-0.000262588
-0.000191
-8.47923e-05
5.99845e-05
0.000248145
0.000484652
0.000774159
0.00112013
0.00152344
0.00198162
0.00248555
0.00301688
0.00354526
0.00402622
0.00440001
0.00464482
0.00461988
-0.000458351
-0.000514751
-0.000498838
-0.000466629
-0.000402939
-0.000305213
-0.000168334
1.41963e-05
0.000249638
0.00054569
0.000909663
0.00134727
0.00185857
0.002441
0.00307745
0.00373459
0.00435695
0.00486092
0.00520135
0.00519427
-0.000686349
-0.000750631
-0.000740165
-0.000716994
-0.000664394
-0.000579385
-0.000455672
-0.000284955
-5.73783e-05
0.000238373
0.000614515
0.0010826
0.00165154
0.0023249
0.00309241
0.00392149
0.00474559
0.00545086
0.00594585
0.00599146
-0.000956205
-0.00102989
-0.00102619
-0.00101475
-0.000977309
-0.000910708
-0.000807647
-0.000658124
-0.000449634
-0.00016686
0.000208311
0.000695975
0.0013159
0.00208309
0.003003
0.00405201
0.00515778
0.00617382
0.00692589
0.00711415
-0.00126829
-0.00135295
-0.00135714
-0.00136029
-0.00134267
-0.00130143
-0.00122868
-0.00111312
-0.000939987
-0.000690127
-0.000339151
0.000142917
0.000790464
0.00163476
0.00271127
0.00402082
0.00550497
0.00699598
0.00819369
0.00874322
-0.00162318
-0.00172025
-0.00173272
-0.00175287
-0.0017598
-0.00175159
-0.00172049
-0.00165478
-0.00153844
-0.00134972
-0.00105937
-0.000628347
-7.23643e-06
0.000862708
0.00205674
0.00362778
0.00557976
0.00777475
0.00976311
0.0111892
-0.00202226
-0.00213265
-0.00215197
-0.0021902
-0.00222547
-0.00225772
-0.00228024
-0.00228218
-0.00224811
-0.00215636
-0.00197622
-0.00166341
-0.00115367
-0.000357816
0.000819456
0.00252978
0.00491977
0.0080331
0.0113633
0.0146089
-0.00246938
-0.00259316
-0.00261486
-0.00266939
-0.00273394
-0.0028118
-0.00289859
-0.00298571
-0.00306065
-0.00310591
-0.0030962
-0.00299339
-0.00273804
-0.00223957
-0.00137534
1.8836e-05
0.0024325
0.00633858
0.0115121
0.0177995
-0.00296976
-0.00309639
-0.00310569
-0.00316887
-0.00326316
-0.00339318
-0.00355503
-0.00374286
-0.00395006
-0.00416814
-0.00438576
-0.0045865
-0.00474604
-0.00482574
-0.00478849
-0.00454465
-0.00367401
-0.000976793
0.00483296
0.0152357
-0.00355739
-0.0037094
-0.00369604
-0.00376629
-0.00387277
-0.00403466
-0.00425616
-0.00453914
-0.00488537
-0.00529918
-0.00579252
-0.00638965
-0.00714003
-0.00814538
-0.00968419
-0.0121982
-0.0160439
-0.0162469
-0.0109523
0.00445512
-0.00430766
-0.00424233
-0.00413682
-0.00413575
-0.00425485
-0.00448447
-0.00481247
-0.0052302
-0.00574056
-0.00635759
-0.00711843
-0.00809428
-0.00944671
-0.0114318
-0.0147877
-0.0203839
-0.0298169
-0.0349854
-0.0313102
-0.00923847
-0.00478382
-0.00524222
-0.00501487
-0.0051083
-0.00518132
-0.00536881
-0.00567421
-0.00610827
-0.00668116
-0.00740947
-0.00834464
-0.00957566
-0.0113697
-0.0140052
-0.0188024
-0.0259801
-0.0394355
-0.0477191
-0.04473
-0.00990469
-0.00810228
-0.00555958
-0.00505144
-0.00462044
-0.00470285
-0.00503819
-0.00556188
-0.00621012
-0.0069861
-0.00787914
-0.00897169
-0.0102879
-0.0122426
-0.0148756
-0.0199262
-0.0271949
-0.0391418
-0.0447117
-0.0357862
0.0170895
-0.00483499
-0.00777804
-0.00689571
-0.0071206
-0.00690601
-0.00690558
-0.00709276
-0.00748854
-0.00808739
-0.00883899
-0.0098247
-0.0109556
-0.0127886
-0.0151473
-0.0199355
-0.026081
-0.0343993
-0.0304895
-0.00437257
0.0805226
-0.0297083
-0.00466484
-0.00353331
-0.00297492
-0.00299388
-0.00347908
-0.00429863
-0.00517442
-0.0062434
-0.00728323
-0.00864571
-0.0100639
-0.0121146
-0.0146049
-0.0177947
-0.0193745
-0.0161836
0.0113992
0.0793374
0.217708
3.48213e-05
6.04239e-06
3.28012e-05
8.82288e-05
0.000179591
0.000306922
0.00047065
0.000671052
0.000907567
0.0011783
0.0014795
0.00180502
0.00214577
0.00248936
0.00282017
0.00311994
0.0033686
0.00354615
0.00365026
0.00363032
6.48899e-05
3.49905e-05
6.40319e-05
0.00011783
0.000205551
0.00032776
0.00048534
0.00067896
0.000908424
0.00117225
0.00146712
0.00178708
0.00212391
0.00246539
0.00279597
0.00309729
0.00334873
0.00352995
0.00364023
0.0036191
3.63575e-05
7.61992e-07
2.84661e-05
7.97249e-05
0.00016468
0.000284049
0.000439141
0.00063121
0.000860746
0.00112701
0.00142742
0.0017573
0.00210831
0.00246831
0.00282111
0.00314667
0.0034215
0.00362118
0.00374388
0.00371683
-2.67651e-05
-6.66994e-05
-4.08185e-05
7.191e-06
8.85521e-05
0.000204309
0.00035645
0.000547114
0.000777859
0.00104917
0.00135975
0.00170583
0.00208072
0.00247227
0.00286321
0.00323071
0.00354653
0.00377944
0.00392497
0.00389516
-0.000131554
-0.000176077
-0.00015269
-0.000108655
-3.15715e-05
8.0039e-05
0.000229033
0.000418721
0.000652116
0.000931438
0.00125732
0.00162776
0.00203768
0.00247564
0.00292357
0.00335521
0.00373552
0.00402212
0.00420493
0.00417471
-0.000277726
-0.000327645
-0.00030751
-0.000268571
-0.000197125
-9.11842e-05
5.31463e-05
0.000240616
0.000476113
0.000764198
0.00110824
0.00150902
0.00196408
0.00246421
0.00299115
0.00351479
0.00399108
0.00436089
0.00460287
0.00457711
-0.000465265
-0.000521703
-0.000505788
-0.000473616
-0.000410045
-0.00031257
-0.000176137
5.6712e-06
0.000240017
0.000534481
0.000896241
0.00133087
0.00183828
0.00241583
0.00304647
0.00369713
0.00431285
0.00481096
0.00514713
0.00513876
-0.000694553
-0.00075888
-0.000748383
-0.000725205
-0.000672675
-0.000587863
-0.00046455
-0.000294531
-6.80731e-05
0.000225984
0.000599672
0.00106434
0.00162862
0.00229591
0.00305588
0.0038762
0.00469094
0.00538756
0.00587608
0.0059196
-0.00096602
-0.00103975
-0.00103597
-0.00102446
-0.000986995
-0.00092048
-0.000817698
-0.000668754
-0.000461286
-0.000180169
0.000192467
0.000676425
0.0012911
0.00205099
0.00296146
0.00399891
0.00509169
0.00609507
0.0068372
0.00702207
-0.00128012
-0.00136483
-0.00136887
-0.00137183
-0.00135405
-0.00131271
-0.00124001
-0.00112477
-0.000952377
-0.000703903
-0.000355256
0.000123133
0.000765161
0.00160138
0.00266672
0.00396164
0.0054282
0.00690088
0.00808323
0.00862728
-0.00163752
-0.00173466
-0.00174688
-0.0017667
-0.00177324
-0.00176466
-0.00173325
-0.00166741
-0.00155128
-0.00136333
-0.00107462
-0.000646597
-3.05326e-05
0.000831701
0.0020136
0.00356732
0.00549634
0.0076652
0.0096294
0.0110473
-0.00203973
-0.00215022
-0.00216916
-0.00220686
-0.00224148
-0.00227297
-0.00229469
-0.00229584
-0.00226114
-0.00216909
-0.00198926
-0.00167786
-0.0011714
-0.000381928
0.000784729
0.00247678
0.0048389
0.00791703
0.0112094
0.0144424
-0.00249072
-0.00261461
-0.00263579
-0.00268958
-0.00275315
-0.00282979
-0.00291514
-0.00300063
-0.00307379
-0.00311719
-0.00310571
-0.00300152
-0.00274579
-0.00224896
-0.00139048
-7.21209e-06
0.0023767
0.0062405
0.0113489
0.0176143
-0.00299575
-0.00312258
-0.00313122
-0.00319343
-0.0032864
-0.00341471
-0.00357442
-0.00375961
-0.00396363
-0.00417791
-0.00439102
-0.00458647
-0.00474005
-0.0048136
-0.00477155
-0.00453232
-0.00370246
-0.00100739
0.00469765
0.0150632
-0.00358847
-0.00374069
-0.00372663
-0.00379572
-0.00390065
-0.00406043
-0.00427917
-0.00455856
-0.00490019
-0.00530806
-0.00579365
-0.00638059
-0.00711722
-0.00810367
-0.00961428
-0.0120821
-0.0158286
-0.0160714
-0.0109508
0.00437394
-0.00434535
-0.00428039
-0.00417406
-0.00417175
-0.00428912
-0.00451628
-0.00484093
-0.00525416
-0.00575857
-0.00636776
-0.00711799
-0.00807904
-0.00940979
-0.0113634
-0.0146655
-0.0201727
-0.0294621
-0.034535
-0.031065
-0.00914571
-0.00482412
-0.00528306
-0.00505617
-0.00514886
-0.00522081
-0.00540627
-0.00570856
-0.00613809
-0.00670456
-0.00742399
-0.00834667
-0.00955997
-0.0113265
-0.013923
-0.0186461
-0.0257094
-0.0389679
-0.04707
-0.0443142
-0.00968409
-0.00815368
-0.00561045
-0.00510056
-0.00466869
-0.00475028
-0.00508407
-0.00560497
-0.00624869
-0.00701787
-0.00790151
-0.0089804
-0.0102782
-0.0122026
-0.0147984
-0.0197683
-0.0269231
-0.0386903
-0.0441193
-0.035432
0.0171883
-0.00486816
-0.0078158
-0.00694006
-0.00716715
-0.00695498
-0.00695524
-0.00714202
-0.00753511
-0.00812858
-0.00887181
-0.00984461
-0.010958
-0.0127632
-0.0150869
-0.0198155
-0.0258909
-0.0341232
-0.0301608
-0.00433805
0.0803242
-0.0297552
-0.00471114
-0.00358263
-0.00302754
-0.00304881
-0.00353495
-0.00435325
-0.00522582
-0.00628809
-0.00731885
-0.00866667
-0.0100664
-0.012089
-0.0145431
-0.0176841
-0.0192113
-0.015995
0.0115563
0.0792252
0.217406
2.97239e-05
9.28236e-07
2.76714e-05
8.30404e-05
0.000174247
0.00030129
0.000464561
0.000664304
0.00089992
0.00116949
0.00146924
0.00179303
0.00213181
0.00247324
0.00280183
0.00309949
0.00334629
0.00352243
0.00362566
0.00360558
5.96558e-05
2.97588e-05
5.87856e-05
0.000112521
0.000200079
0.00032199
0.000479101
0.000672041
0.000900579
0.0011632
0.00145656
0.00177471
0.00210946
0.00244865
0.00277685
0.00307587
0.00332528
0.00350495
0.00361422
0.00359287
3.0665e-05
-4.9306e-06
2.27594e-05
7.39551e-05
0.000158741
0.0002778
0.000432398
0.000623742
0.000852278
0.00111722
0.00141596
0.00174379
0.00209241
0.00244973
0.00279968
0.00312244
0.00339474
0.00359243
0.00371383
0.00368648
-3.31743e-05
-7.31111e-05
-4.72425e-05
7.04295e-07
8.18904e-05
0.00019732
0.00034893
0.000538801
0.00076843
0.00103824
0.00134687
0.00169052
0.00206251
0.00245073
0.00283805
0.00320187
0.00351429
0.00374447
0.00388815
0.00385788
-0.000138924
-0.000183454
-0.000160073
-0.000116097
-3.91919e-05
7.20738e-05
0.000220493
0.000409301
0.000641429
0.000919004
0.00124257
0.00161005
0.00201634
0.00245003
0.00289317
0.0033198
0.00369532
0.00397796
0.00415804
0.00412712
-0.000286322
-0.000336251
-0.000316112
-0.000277218
-0.000205943
-0.000100355
4.33644e-05
0.000229869
0.000463935
0.000749994
0.00109127
0.00148838
0.00193892
0.00243351
0.00295403
0.00347072
0.00394014
0.0043041
0.00454193
0.00451503
-0.000475394
-0.000531847
-0.000515904
-0.000483746
-0.000420316
-0.000323172
-0.000187355
-6.56455e-06
0.000226217
0.000518396
0.000876955
0.00130728
0.00180895
0.00237933
0.00300139
0.00364241
0.00424822
0.00473754
0.0050673
0.00505704
-0.000706594
-0.00077094
-0.000760372
-0.000737149
-0.000684688
-0.000600133
-0.000477374
-0.000308349
-8.35064e-05
0.000208085
0.000578174
0.00103779
0.00159519
0.00225345
0.00300217
0.00380928
0.00460981
0.00529316
0.00577168
0.00581198
-0.000980453
-0.00105421
-0.00105029
-0.00103863
-0.0010011
-0.000934682
-0.000832285
-0.000684175
-0.000478206
-0.000199535
0.00016934
0.000647762
0.00125457
0.00200352
0.0028997
0.00391948
0.00499214
0.00597557
0.00670184
0.00688113
-0.00129756
-0.0013823
-0.0013861
-0.00138874
-0.00137068
-0.00132917
-0.00125653
-0.00114176
-0.000970483
-0.000724096
-0.000378965
9.38563e-05
0.000727472
0.00155147
0.00259967
0.00387191
0.00531068
0.00675361
0.00791041
0.00844488
-0.00165877
-0.00175595
-0.00176776
-0.00178704
-0.00179299
-0.00178382
-0.00175195
-0.00168594
-0.00157017
-0.00138343
-0.00109728
-0.000673882
-6.55114e-05
0.000784777
0.00194791
0.0034745
0.00536674
0.0074918
0.009414
0.0108165
-0.00206577
-0.00217631
-0.00219465
-0.00223152
-0.00226511
-0.00229545
-0.00231597
-0.002316
-0.00228044
-0.00218806
-0.00200887
-0.00169975
-0.00119843
-0.000418833
0.0007314
0.0023951
0.00471288
0.00772972
0.0109535
0.0141627
-0.00252275
-0.00264674
-0.00266708
-0.00271966
-0.0027817
-0.00285649
-0.00293968
-0.00302277
-0.00309337
-0.00313416
-0.00312022
-0.00301406
-0.00275776
-0.00226368
-0.00141343
-4.5649e-05
0.00229615
0.00608407
0.0110727
0.0172998
-0.00303521
-0.00316222
-0.00316979
-0.00323041
-0.00332129
-0.00344694
-0.00360336
-0.00378462
-0.00398397
-0.00419275
-0.00439933
-0.00458702
-0.00473154
-0.00479505
-0.00474284
-0.00450067
-0.00369717
-0.00103229
0.00448031
0.014787
-0.0036363
-0.00378869
-0.00377341
-0.00384055
-0.00394291
-0.00409932
-0.00431375
-0.00458771
-0.00492248
-0.0053216
-0.00579578
-0.00636751
-0.00708314
-0.00803971
-0.00950392
-0.0118952
-0.0154934
-0.0157512
-0.010924
0.00427251
-0.00440431
-0.00433968
-0.00423192
-0.00422744
-0.00434192
-0.00456506
-0.00488432
-0.00529054
-0.0057859
-0.00638339
-0.00711786
-0.00805679
-0.00935434
-0.0112581
-0.0144718
-0.0198285
-0.0288618
-0.0337532
-0.0306308
-0.00896741
-0.00488854
-0.00534796
-0.00512174
-0.00521279
-0.00528265
-0.00546452
-0.00576154
-0.00618375
-0.00674021
-0.00744628
-0.00835044
-0.0095375
-0.0112623
-0.0137986
-0.0184027
-0.0252807
-0.0382006
-0.0460147
-0.0436553
-0.00936217
-0.00823755
-0.00569284
-0.00518001
-0.00474627
-0.00482622
-0.00515702
-0.00567285
-0.0063089
-0.00706713
-0.00793632
-0.00899491
-0.0102658
-0.0121453
-0.0146848
-0.019533
-0.0265106
-0.0379898
-0.0432168
-0.0349556
0.017274
-0.00492295
-0.00787752
-0.00701349
-0.00724373
-0.00703519
-0.00703614
-0.00722112
-0.00760905
-0.00819319
-0.00892313
-0.0098764
-0.0109648
-0.0127288
-0.0150035
-0.0196423
-0.0256174
-0.0337242
-0.0297201
-0.00441122
0.0798749
-0.0298346
-0.0047904
-0.0036672
-0.00311729
-0.00314146
-0.00362784
-0.00444256
-0.00530845
-0.00635889
-0.00737504
-0.00870036
-0.0100734
-0.0120543
-0.0144574
-0.0175254
-0.0189828
-0.0157395
0.0117188
0.0789197
0.2168
2.33924e-05
-5.35023e-06
2.14198e-05
7.67748e-05
0.000167833
0.000294557
0.000457294
0.000656244
0.000890768
0.00115891
0.00145687
0.00177852
0.00211484
0.0024536
0.00277945
0.00307448
0.00331904
0.00349353
0.00359575
0.00357562
5.30686e-05
2.3249e-05
5.23033e-05
0.000106023
0.000193429
0.000315018
0.00047159
0.000663727
0.000891153
0.00115231
0.00144383
0.00175974
0.00209192
0.00242827
0.00275354
0.00304972
0.00329666
0.00347449
0.00358261
0.0035611
2.34276e-05
-1.20881e-05
1.5632e-05
6.68159e-05
0.00015145
0.000270176
0.000424211
0.000614705
0.000842044
0.00110539
0.00140208
0.00172739
0.00207304
0.00242704
0.00277347
0.00309275
0.00336195
0.00355727
0.00367713
0.00364955
-4.13994e-05
-8.12532e-05
-5.53507e-05
-7.41037e-06
7.36213e-05
0.000188704
0.000339712
0.000528654
0.000756948
0.00102494
0.00133119
0.00167183
0.00204022
0.00242429
0.00280708
0.00316631
0.00347451
0.00370135
0.00384282
0.00381216
-0.000148431
-0.000192876
-0.000169454
-0.000125475
-4.87264e-05
6.2173e-05
0.000209937
0.000397709
0.000628312
0.000903757
0.00122447
0.00158827
0.00199003
0.00241834
0.00285544
0.00327574
0.00364523
0.00392295
0.00409966
0.00406804
-0.000297439
-0.00034728
-0.000327085
-0.000288171
-0.000217043
-0.000111831
3.11834e-05
0.000216539
0.000448866
0.000732428
0.00107026
0.00146276
0.0019076
0.00239515
0.00290748
0.00341528
0.00387589
0.00423239
0.00446495
0.00443679
-0.000488513
-0.000544874
-0.000528847
-0.000496628
-0.00043331
-0.000336521
-0.000201422
-2.18598e-05
0.000208996
0.000498322
0.000852848
0.00127771
0.00177204
0.00233319
0.00294415
0.00357263
0.00416548
0.00464331
0.00496469
0.00495212
-0.000722211
-0.000786459
-0.000775752
-0.000752391
-0.000699954
-0.000615669
-0.000493564
-0.000325757
-0.000102935
0.00018553
0.000551011
0.00100412
0.00155257
0.00219908
0.00293301
0.00372263
0.00450417
0.00516966
0.00563464
0.00567063
-0.000999207
-0.00107286
-0.00106871
-0.00105677
-0.0010191
-0.000952765
-0.000850822
-0.000703752
-0.000499695
-0.000224188
0.00013978
0.000610934
0.00120733
0.00194183
0.00281894
0.00381487
0.00486002
0.00581573
0.0065197
0.00669083
-0.00132029
-0.00140492
-0.00140834
-0.00141051
-0.00139203
-0.00135025
-0.00127766
-0.0011635
-0.000993692
-0.000750083
-0.000409648
5.57241e-05
0.000678065
0.00148557
0.00251051
0.00375156
0.00515144
0.00655158
0.00767065
0.00818981
-0.00168659
-0.00178363
-0.00179487
-0.00181336
-0.00181847
-0.0018085
-0.00177603
-0.00170983
-0.0015946
-0.00140961
-0.00112704
-0.000710044
-0.000112252
0.000721608
0.00185891
0.00334763
0.0051873
0.0072471
0.00910411
0.0104794
-0.00210012
-0.00221051
-0.00222801
-0.00226365
-0.00229583
-0.00232461
-0.00234356
-0.00234218
-0.00230563
-0.00221307
-0.00203509
-0.00172947
-0.00123551
-0.000469587
0.000657818
0.00228192
0.00453608
0.0074585
0.0105716
0.013738
-0.00256547
-0.00268931
-0.00270845
-0.00275925
-0.00281914
-0.00289139
-0.00297172
-0.00305171
-0.00311913
-0.00315682
-0.00314015
-0.00303211
-0.00277573
-0.00228522
-0.00144571
-9.8444e-05
0.0021878
0.00585906
0.0106509
0.016816
-0.00308861
-0.00321552
-0.00322153
-0.00327978
-0.00336763
-0.00348952
-0.00364147
-0.00381754
-0.00401091
-0.00421278
-0.00441129
-0.00458923
-0.00472191
-0.00477106
-0.00470145
-0.00444331
-0.00364254
-0.00103109
0.00417164
0.0143969
-0.00370228
-0.00385445
-0.00383728
-0.00390129
-0.00399974
-0.00415125
-0.00435965
-0.00462627
-0.00495205
-0.00533995
-0.00579958
-0.00635157
-0.00703899
-0.00795345
-0.00934822
-0.0116185
-0.0149836
-0.0152098
-0.0108316
0.00419061
-0.00448747
-0.00442272
-0.00431266
-0.00430465
-0.00441457
-0.00463156
-0.00494295
-0.00533936
-0.00582255
-0.00640467
-0.00711877
-0.00802887
-0.00928176
-0.0111156
-0.0141983
-0.0193231
-0.0279347
-0.0325157
-0.0299211
-0.00864489
-0.00498288
-0.00544188
-0.00521639
-0.00530391
-0.00536975
-0.00554544
-0.00583412
-0.00624554
-0.00678813
-0.00747634
-0.00835652
-0.00950986
-0.0111798
-0.0136343
-0.0180676
-0.0246768
-0.0370711
-0.0444807
-0.0427186
-0.00896008
-0.00836305
-0.00581462
-0.00529738
-0.00485984
-0.0049365
-0.00526167
-0.00576865
-0.00639251
-0.0071348
-0.00798402
-0.00901632
-0.0102534
-0.0120757
-0.0145416
-0.0192296
-0.0259664
-0.0370412
-0.0420316
-0.0344602
0.017156
-0.00501068
-0.00797287
-0.00712743
-0.00736071
-0.00715599
-0.00715599
-0.00733579
-0.00771383
-0.00828301
-0.00899381
-0.00992115
-0.0109789
-0.0126908
-0.014907
-0.0194296
-0.0252813
-0.0332361
-0.0292477
-0.00478921
0.0789339
-0.0299609
-0.0049186
-0.00380358
-0.00326014
-0.00328591
-0.00376904
-0.00457497
-0.00542785
-0.00645931
-0.00745366
-0.00874887
-0.010088
-0.0120167
-0.014357
-0.0173355
-0.0187139
-0.0154682
0.01178
0.0781861
0.215626
1.62073e-05
-1.2265e-05
1.46304e-05
7.00777e-05
0.00016104
0.000287449
0.000449613
0.000647688
0.000880987
0.00114751
0.00144345
0.00176265
0.00209616
0.00243186
0.00275458
0.00304667
0.00328876
0.00346154
0.00356282
0.00354298
4.53584e-05
1.58333e-05
4.50021e-05
9.88179e-05
0.000186139
0.000307437
0.000463466
0.000654756
0.000880977
0.00114052
0.00142998
0.00174339
0.00207267
0.00240582
0.00272777
0.00302079
0.00326503
0.00344095
0.00354796
0.00352664
1.48079e-05
-2.03851e-05
7.45405e-06
5.8748e-05
0.000143307
0.000261746
0.000415227
0.000604836
0.000830893
0.00109249
0.00138691
0.0017094
0.00205173
0.00240197
0.00274441
0.00305979
0.00332556
0.00351838
0.00363672
0.00360929
-5.13274e-05
-9.08333e-05
-6.4806e-05
-1.67405e-05
6.42245e-05
0.000179016
0.000329439
0.000517424
0.000744296
0.0010103
0.00131393
0.00165122
0.00201553
0.00239488
0.00277254
0.00312657
0.00343005
0.0036533
0.00379246
0.00376182
-0.000159969
-0.000204041
-0.000180486
-0.000136366
-5.96814e-05
5.09081e-05
0.000198032
0.000384728
0.000613695
0.000886809
0.00120435
0.00156402
0.0019606
0.00238276
0.00281292
0.00322596
0.00358859
0.00386085
0.00403392
0.00400202
-0.000310946
-0.00036039
-0.000340046
-0.000300968
-0.000229895
-0.000125007
1.7307e-05
0.00020145
0.000431884
0.000712672
0.00104661
0.00143383
0.00187213
0.00235153
0.00285433
0.00335175
0.00380213
0.0041501
0.00437675
0.0043477
-0.000504447
-0.000560382
-0.000544176
-0.000511747
-0.000448446
-0.000351964
-0.000217593
-3.9353e-05
0.000189365
0.000475462
0.000825361
0.00124392
0.00172965
0.00227994
0.00287777
0.00349134
0.00406878
0.00453303
0.0048446
0.00482985
-0.000741168
-0.000804954
-0.000794012
-0.000770352
-0.000717838
-0.00063377
-0.000512336
-0.000345869
-0.000125341
0.000159506
0.000519587
0.000964991
0.00150281
0.00213524
0.00285137
0.00361976
0.0043781
0.00502175
0.00547017
0.00550119
-0.00102198
-0.00109513
-0.00109064
-0.00107825
-0.00104031
-0.000973977
-0.000872497
-0.000726602
-0.000524777
-0.000253024
0.000105053
0.000567396
0.00115106
0.00186797
0.00272165
0.00368799
0.00469863
0.00561914
0.00629461
0.00645483
-0.00134795
-0.00143201
-0.00143494
-0.00143638
-0.00141731
-0.00137514
-0.00130257
-0.00118913
-0.00102111
-0.000780931
-0.000446314
9.8004e-06
0.000618094
0.00140498
0.00240067
0.00360216
0.00495198
0.00629584
0.00736429
0.00786069
-0.00172058
-0.00181698
-0.00182748
-0.00184484
-0.00184885
-0.00183785
-0.00180464
-0.00173827
-0.00162384
-0.00144118
-0.00116334
-0.000754657
-0.000170506
0.000642131
0.00174638
0.00318617
0.00495673
0.00692795
0.00869316
0.0100232
-0.0021424
-0.00225206
-0.00226846
-0.00230242
-0.00233275
-0.00235956
-0.00237659
-0.00237361
-0.00233612
-0.00224376
-0.00206788
-0.00176741
-0.00128352
-0.00053575
0.000561727
0.00213434
0.00430435
0.00709579
0.0100463
0.0131376
-0.00261868
-0.00274166
-0.0027592
-0.00280754
-0.00286458
-0.00293358
-0.00301037
-0.00308673
-0.0031506
-0.00318513
-0.00316606
-0.00305683
-0.00280161
-0.00231672
-0.00149094
-0.000169131
0.00204924
0.00556274
0.0100647
0.0161263
-0.00315632
-0.0032823
-0.00328617
-0.00334102
-0.00342473
-0.00354164
-0.00368789
-0.00385762
-0.00404403
-0.00423824
-0.00442835
-0.00459546
-0.00471469
-0.004746
-0.00465052
-0.00435586
-0.00351938
-0.000959499
0.00380806
0.0139211
-0.00378806
-0.00393876
-0.0039188
-0.00397795
-0.00407073
-0.00421542
-0.00441587
-0.00467328
-0.00498829
-0.00536318
-0.00580625
-0.00633535
-0.00698852
-0.00784819
-0.00914524
-0.0112321
-0.0142239
-0.0143169
-0.0105236
0.00427079
-0.00459864
-0.00453235
-0.00441878
-0.00440511
-0.00450799
-0.00471592
-0.00501627
-0.0053997
-0.00586758
-0.00643138
-0.00712171
-0.00799799
-0.00919636
-0.0109395
-0.0138425
-0.0186322
-0.0265793
-0.0306511
-0.028704
-0.00799078
-0.00511689
-0.00557222
-0.00534693
-0.00542712
-0.00548512
-0.00565019
-0.0059259
-0.0063219
-0.00684626
-0.00751271
-0.00836492
-0.0094795
-0.0110845
-0.0134377
-0.0176461
-0.0238959
-0.0355395
-0.0424215
-0.0413811
-0.00846871
-0.00854408
-0.00598713
-0.00546385
-0.0050189
-0.00508882
-0.00540295
-0.00589438
-0.00649919
-0.00721908
-0.00804305
-0.00904445
-0.0102442
-0.0120024
-0.0143824
-0.0188813
-0.025326
-0.0358966
-0.0406811
-0.0339946
0.01668
-0.00516111
-0.0081232
-0.0073032
-0.00753543
-0.00733187
-0.00732481
-0.00749155
-0.00785086
-0.00839576
-0.00908134
-0.00997647
-0.011002
-0.0126559
-0.0148137
-0.0191997
-0.0249252
-0.0327204
-0.0289131
-0.00555912
0.0771988
-0.0301663
-0.00513018
-0.00402556
-0.0034859
-0.00350583
-0.00397541
-0.00476093
-0.00558961
-0.0065917
-0.00755562
-0.00881313
-0.0101136
-0.0119838
-0.0142614
-0.0171365
-0.0184681
-0.0152517
0.0115552
0.0768636
0.213434
8.61381e-06
-1.91023e-05
8.05505e-06
6.37479e-05
0.000154696
0.000280822
0.000442416
0.000639587
0.000871599
0.0011364
0.00143016
0.00174672
0.00207719
0.00240958
0.00272892
0.00301787
0.00325744
0.00342871
0.00352934
0.00351059
3.66083e-05
7.93684e-06
3.73453e-05
9.14375e-05
0.000178794
0.000299893
0.00045545
0.000645944
0.000870987
0.00112891
0.00141628
0.00172709
0.00205335
0.00238315
0.00270162
0.00299134
0.00323287
0.00340709
0.00351325
0.00349292
4.78795e-06
-2.94519e-05
-1.35957e-06
5.02485e-05
0.000134876
0.000253144
0.000406169
0.000594973
0.000819802
0.00107967
0.00137181
0.00169141
0.00203027
0.00237659
0.00271486
0.00302617
0.00328848
0.003479
0.0035961
0.00356973
-6.305e-05
-0.000101519
-7.52283e-05
-2.68144e-05
5.42463e-05
0.000168885
0.000318849
0.000505982
0.000731514
0.000995587
0.00129658
0.00163044
0.00199053
0.00236494
0.00273719
0.0030858
0.00338446
0.00360429
0.00374144
0.00371186
-0.000173642
-0.000216586
-0.000192759
-0.000148265
-7.14748e-05
3.89517e-05
0.000185566
0.000371296
0.000598708
0.000869529
0.00118389
0.00153935
0.00193048
0.00234611
0.00276893
0.00317429
0.0035298
0.00379668
0.00396637
0.0039354
-0.00032693
-0.000375144
-0.000354519
-0.000315037
-0.00024385
-0.000139145
2.59146e-06
0.000185615
0.000414208
0.000692211
0.00102218
0.00140391
0.00183525
0.00230592
0.00279848
0.00328478
0.00372429
0.00406356
0.0042844
0.00425582
-0.000523241
-0.000577833
-0.000561323
-0.000528442
-0.000464996
-0.000368688
-0.00023494
-5.79591e-05
0.000168619
0.000451381
0.000796392
0.00120821
0.00168472
0.00222324
0.00280673
0.003404
0.00396465
0.00441452
0.00471599
0.00470038
-0.000763453
-0.000825763
-0.000814471
-0.000790263
-0.000737512
-0.000653538
-0.000532692
-0.000367544
-0.000149381
0.000131633
0.000485879
0.000922848
0.00144898
0.00206583
0.00276212
0.00350675
0.00423915
0.00485872
0.00528929
0.00531601
-0.00104868
-0.00112019
-0.00111526
-0.00110215
-0.00106378
-0.000997327
-0.000896243
-0.000751543
-0.000552102
-0.000284456
6.70721e-05
0.000519479
0.00108857
0.00178562
0.00261261
0.00354501
0.00451598
0.00539614
0.00603942
0.00618704
-0.00138033
-0.00146257
-0.00146489
-0.00146531
-0.00144545
-0.00140275
-0.00133013
-0.00121744
-0.00105145
-0.000815194
-0.000487314
-4.19927e-05
0.00054979
0.00131255
0.00227398
0.00342887
0.00471952
0.00599649
0.00700483
0.00747042
-0.00176041
-0.00185475
-0.00186437
-0.00188025
-0.00188288
-0.00187063
-0.00183655
-0.00177004
-0.00165668
-0.00147699
-0.00120503
-0.000806636
-0.000239178
0.000547068
0.00161157
0.00299234
0.00467921
0.00654201
0.00819294
0.00945387
-0.00219219
-0.00229948
-0.0023146
-0.00234637
-0.00237441
-0.00239886
-0.0024137
-0.00240906
-0.00237085
-0.00227936
-0.00210683
-0.00181361
-0.00134308
-0.000618494
0.000440841
0.00195021
0.00401705
0.00664541
0.0093838
0.0123567
-0.00268198
-0.00280218
-0.00281782
-0.00286289
-0.00291634
-0.00298139
-0.00305409
-0.00312647
-0.00318683
-0.00321868
-0.00319813
-0.00308965
-0.00283837
-0.00236292
-0.00155549
-0.000265229
0.00187358
0.00519435
0.00932216
0.0152244
-0.00323846
-0.00336119
-0.00336242
-0.00341261
-0.00349086
-0.00360146
-0.0037408
-0.00390329
-0.00408225
-0.0042687
-0.00444975
-0.00460798
-0.00471472
-0.00472719
-0.00459839
-0.00424632
-0.0033306
-0.000804987
0.00342555
0.0133963
-0.00389517
-0.00404106
-0.00401726
-0.00406916
-0.004154
-0.00428966
-0.00448014
-0.00472667
-0.00502963
-0.00539069
-0.00581698
-0.00632299
-0.00693999
-0.00773708
-0.00891081
-0.0107468
-0.0132116
-0.0130376
-0.00993544
0.00462432
-0.00474215
-0.00467045
-0.00455176
-0.00452933
-0.00462163
-0.00481667
-0.0051022
-0.00546925
-0.00591909
-0.00646244
-0.00712783
-0.00796922
-0.00910929
-0.010748
-0.0134288
-0.0177709
-0.0247628
-0.0281308
-0.0269502
-0.00685424
-0.005306
-0.005749
-0.00552175
-0.00558674
-0.00563035
-0.00577826
-0.00603484
-0.00640973
-0.00691141
-0.0075522
-0.00837454
-0.00945005
-0.010989
-0.0132315
-0.0171723
-0.0229738
-0.0336622
-0.0399221
-0.0398671
-0.00789375
-0.00879657
-0.00622311
-0.00569401
-0.00523583
-0.00529126
-0.0055844
-0.00605027
-0.00662604
-0.00731615
-0.0081084
-0.00907658
-0.0102401
-0.0119406
-0.0142309
-0.0185405
-0.0246485
-0.0347053
-0.0394204
-0.0343206
0.0155511
-0.00543867
-0.00837583
-0.00758108
-0.00780008
-0.00758473
-0.00755582
-0.00769465
-0.00802139
-0.00853273
-0.00917905
-0.0100366
-0.011031
-0.0126329
-0.0147393
-0.0189941
-0.0245834
-0.0323176
-0.0289942
-0.00767362
0.0741714
-0.0304926
-0.00547206
-0.00437843
-0.00383206
-0.0038283
-0.00426445
-0.00501007
-0.00579662
-0.00675556
-0.00767564
-0.00889352
-0.0101489
-0.0119734
-0.014182
-0.0169803
-0.018283
-0.0152703
0.0106776
0.0739815
0.209447
1.32643e-06
-2.41829e-05
3.59251e-06
5.98018e-05
0.000150815
0.000276576
0.000437481
0.000633595
0.000864137
0.00112702
0.00141838
0.00173207
0.00205927
0.00238811
0.00270386
0.00298955
0.00322667
0.00339687
0.00349754
0.00348192
2.66116e-05
1.66439e-07
3.00311e-05
8.46785e-05
0.000172242
0.000293275
0.000448487
0.000638312
0.000862304
0.00111874
0.00140413
0.00171244
0.00203574
0.00236222
0.00267725
0.00296376
0.00320284
0.00337591
0.00348192
0.0034648
-7.10501e-06
-3.88487e-05
-1.02873e-05
4.19447e-05
0.000126852
0.000245136
0.000397895
0.00058609
0.000809894
0.00106825
0.0013583
0.00167517
0.00201071
0.0023532
0.00268739
0.00299477
0.00325392
0.00344281
0.00355947
0.00353681
-7.71762e-05
-0.000112942
-8.61792e-05
-3.70856e-05
4.43116e-05
0.000159027
0.000308774
0.000495315
0.000719779
0.0009822
0.00128085
0.00161153
0.00196758
0.00233721
0.00270421
0.0030476
0.00334184
0.00355908
0.0036952
0.00366975
-0.000190066
-0.000230094
-0.000205795
-0.000160587
-8.34437e-05
2.70596e-05
0.000173423
0.000358467
0.000584622
0.000853466
0.00116501
0.00151674
0.00190244
0.0023117
0.00272733
0.00312525
0.00347411
0.00373664
0.00390417
0.00387771
-0.000345948
-0.000391008
-0.000369915
-0.000329695
-0.000258158
-0.000153404
-1.19963e-05
0.000170178
0.000397217
0.000672742
0.000999111
0.00137643
0.00180021
0.00226222
0.00274465
0.00321997
0.00364911
0.00398087
0.00419743
0.00417349
-0.000545382
-0.000596531
-0.000579559
-0.000545902
-0.000482092
-0.000385751
-0.000252406
-7.64507e-05
0.000148228
0.000427879
0.000768112
0.00117251
0.00164078
0.00216756
0.00273659
0.00331743
0.00386153
0.00429821
0.00459136
0.00457962
-0.000789464
-0.000847985
-0.000836218
-0.000811155
-0.000757974
-0.000673919
-0.000553486
-0.000389483
-0.000173524
0.000103788
0.000452252
0.000880669
0.00139509
0.00199574
0.00267145
0.00339144
0.0040973
0.00469339
0.00510791
0.00513501
-0.00107959
-0.00114689
-0.00114144
-0.00112731
-0.00108834
-0.00102163
-0.000920826
-0.000777234
-0.000580137
-0.000316644
2.81373e-05
0.000470154
0.00102378
0.0016995
0.002498
0.00339401
0.00432279
0.00516124
0.0057732
0.00591015
-0.00141757
-0.00149509
-0.00149677
-0.00149588
-0.00147507
-0.00143172
-0.001359
-0.00124709
-0.00108325
-0.000851231
-0.000530711
-9.73277e-05
0.000476123
0.00121191
0.00213529
0.00323828
0.0044635
0.00566765
0.00661278
0.00703917
-0.001806
-0.001895
-0.00190376
-0.00191782
-0.00191888
-0.00190527
-0.00187031
-0.00180379
-0.00169183
-0.00151577
-0.00125085
-0.00086477
-0.000317519
0.000436029
0.00145547
0.00276819
0.00435931
0.00609955
0.00762222
0.00877615
-0.00224913
-0.00235028
-0.00236413
-0.00239326
-0.00241872
-0.0024406
-0.00245322
-0.00244711
-0.00240872
-0.0023191
-0.00215165
-0.00186847
-0.00141551
-0.000719372
0.000289653
0.0017232
0.00366915
0.00610954
0.00859795
0.0113614
-0.00275474
-0.00286764
-0.00288131
-0.00292237
-0.00297167
-0.00303233
-0.00310074
-0.00316932
-0.00322682
-0.00325733
-0.00323777
-0.00313368
-0.00289203
-0.0024338
-0.00165455
-0.000408204
0.0016361
0.00474017
0.00844823
0.0140247
-0.00333438
-0.00344856
-0.00344693
-0.00349114
-0.00356259
-0.00366565
-0.00379727
-0.00395231
-0.00412443
-0.00430485
-0.00448085
-0.00463373
-0.00473418
-0.0047347
-0.00457481
-0.00414743
-0.00310448
-0.000554675
0.00319318
0.0128582
-0.00402374
-0.00415693
-0.00412828
-0.00416989
-0.00424422
-0.00436863
-0.00454759
-0.00478253
-0.00507381
-0.00542294
-0.00583495
-0.00632227
-0.00690801
-0.00764229
-0.00867004
-0.0101805
-0.0119779
-0.0112622
-0.00853721
0.00573106
-0.00492214
-0.00483592
-0.00470991
-0.00467434
-0.00475076
-0.00492766
-0.00519387
-0.00554151
-0.00597153
-0.00649507
-0.00713775
-0.00794903
-0.00903551
-0.0105653
-0.0129875
-0.0167451
-0.0224622
-0.0247364
-0.0237379
-0.00437276
-0.0055726
-0.00597888
-0.0057429
-0.00577846
-0.00579664
-0.00591716
-0.00614599
-0.00649375
-0.00696963
-0.00758444
-0.0083794
-0.0094224
-0.0109053
-0.0130391
-0.0166813
-0.021933
-0.0314313
-0.0368465
-0.0367175
-0.00668172
-0.00914501
-0.00653869
-0.00600657
-0.00552265
-0.0055457
-0.00579826
-0.00622025
-0.00675467
-0.00740514
-0.00816169
-0.00909837
-0.0102352
-0.0118992
-0.0141063
-0.0182473
-0.023962
-0.0334956
-0.0382431
-0.0335592
0.0136468
-0.00604848
-0.00883387
-0.00803045
-0.00818362
-0.00791872
-0.00783327
-0.00791367
-0.00818921
-0.00865184
-0.00925496
-0.0100762
-0.0110508
-0.0126222
-0.0146937
-0.0188407
-0.024272
-0.031984
-0.0294137
-0.00917002
0.0690305
-0.0311123
-0.00610102
-0.00499678
-0.0043907
-0.00430811
-0.0046678
-0.00533626
-0.00605313
-0.00694621
-0.00780985
-0.00898428
-0.0101939
-0.0120013
-0.0141522
-0.0169112
-0.0182491
-0.0154685
0.00894179
0.069895
0.201177
-5.12448e-06
-2.68057e-05
1.79267e-06
5.85671e-05
0.000149484
0.000274932
0.000435113
0.000630125
0.000859224
0.00112023
0.0014092
0.00171988
0.00204376
0.00236896
0.00268101
0.00296332
0.00319801
0.00336757
0.00346912
0.00345986
1.50343e-05
-7.01205e-06
2.33498e-05
7.87501e-05
0.000166653
0.000287786
0.000442867
0.000632288
0.000855551
0.00111087
0.00139468
0.00170086
0.0020216
0.00234516
0.00265713
0.00294076
0.00317775
0.0033503
0.00345684
0.00344587
-2.12662e-05
-4.79395e-05
-1.88864e-05
3.41957e-05
0.000119565
0.000238093
0.000390874
0.000578812
0.000801991
0.00105927
0.0013477
0.00166233
0.00199502
0.00233417
0.00266473
0.00296858
0.00322506
0.00341308
0.00353017
0.0035147
-9.4011e-05
-0.000124247
-9.70071e-05
-4.69826e-05
3.4966e-05
0.000150022
0.000299885
0.000486234
0.000710099
0.000971397
0.00126828
0.00159631
0.00194902
0.00231452
0.00267693
0.00301572
0.00330628
0.00352199
0.00365826
0.00364102
-0.000209393
-0.000243474
-0.000218728
-0.000172552
-9.48359e-05
1.60194e-05
0.00016248
0.00034726
0.000572658
0.000840103
0.00114947
0.00149839
0.00187929
0.00228307
0.00269243
0.00308385
0.00342718
0.0036869
0.00385396
0.00383706
-0.000367978
-0.000406652
-0.000385167
-0.000343969
-0.00027187
-0.000166797
-2.53728e-05
0.00015638
0.000382387
0.000656054
0.000979511
0.00135244
0.00177052
0.00222505
0.0026986
0.00316431
0.00358471
0.00391126
0.00412609
0.00411332
-0.000570634
-0.000614894
-0.000597603
-0.000562957
-0.000498591
-0.00040196
-0.000268686
-9.33387e-05
0.000129968
0.000407179
0.000743512
0.00114217
0.00160275
0.00211902
0.00267517
0.00324141
0.00377132
0.00419821
0.00448699
0.0044878
-0.000818728
-0.000869742
-0.000857732
-0.000831635
-0.000777858
-0.00069349
-0.000573164
-0.000409916
-0.000195657
7.86062e-05
0.000422161
0.00084329
0.00134713
0.0019328
0.00258982
0.00328743
0.00396991
0.00454747
0.00495231
0.00499108
-0.00111396
-0.00117299
-0.00116735
-0.00115207
-0.00111236
-0.0010452
-0.000944403
-0.000801583
-0.000606405
-0.000346519
-7.78146e-06
0.000424713
0.000964789
0.0016191
0.00239128
0.00325331
0.00414369
0.00494732
0.00553857
0.00567776
-0.00145856
-0.00152685
-0.00152837
-0.00152607
-0.0015042
-0.00146003
-0.00138699
-0.00127561
-0.00111365
-0.000885512
-0.000571937
-0.000150042
0.00040482
0.00111455
0.0020012
0.00305343
0.00421652
0.00535669
0.00625652
0.00665563
-0.00185579
-0.00193437
-0.00194288
-0.00195506
-0.00195443
-0.00193929
-0.00190328
-0.00183664
-0.00172602
-0.00155359
-0.00129587
-0.000922645
-0.000397975
0.000311057
0.00129421
0.00253724
0.00403257
0.00565921
0.00708127
0.00812582
-0.00231097
-0.00240017
-0.00241358
-0.00243994
-0.00246261
-0.00248168
-0.00249193
-0.00248435
-0.00244601
-0.00235881
-0.00219746
-0.00192615
-0.00149321
-0.000820878
0.00011781
0.00146631
0.00328291
0.00553836
0.00781911
0.0103811
-0.00283361
-0.00293237
-0.00294503
-0.0029818
-0.00302654
-0.00308241
-0.00314633
-0.00321117
-0.00326631
-0.00329668
-0.00328041
-0.0031848
-0.00295981
-0.00252942
-0.00179454
-0.000616355
0.00131757
0.00419598
0.00760868
0.0129533
-0.00343928
-0.00353748
-0.00353416
-0.00357157
-0.00363498
-0.00372932
-0.00385243
-0.00399979
-0.00416563
-0.0043418
-0.00451643
-0.00467083
-0.00477599
-0.00478211
-0.00461361
-0.00411815
-0.0029356
-0.000415211
0.00312709
0.0127173
-0.00416626
-0.00427577
-0.00424391
-0.0042731
-0.00433496
-0.00444631
-0.00461245
-0.00483504
-0.00511493
-0.00545369
-0.00585704
-0.00633376
-0.00690342
-0.00759748
-0.00850086
-0.00968094
-0.0108983
-0.00968516
-0.007061
0.00759364
-0.00512731
-0.0050152
-0.00488219
-0.00483033
-0.00488586
-0.00504025
-0.00528368
-0.00560942
-0.0060196
-0.00652263
-0.00714774
-0.0079398
-0.00899362
-0.0104427
-0.0126262
-0.0157799
-0.0202587
-0.0213475
-0.0206819
-0.000748213
-0.00591121
-0.00626294
-0.00600889
-0.0060009
-0.00598357
-0.00606715
-0.00625946
-0.0065724
-0.00701252
-0.00759774
-0.00837089
-0.0093948
-0.0108504
-0.0129075
-0.0162825
-0.0209546
-0.0292882
-0.0337864
-0.034811
-0.00481208
-0.00953573
-0.00689812
-0.00638209
-0.00587123
-0.00584108
-0.0060306
-0.0063897
-0.00686501
-0.00746141
-0.0081779
-0.00909097
-0.0102167
-0.0118888
-0.0140487
-0.0181069
-0.0233682
-0.0330444
-0.0382326
-0.0374697
0.011585
-0.00713476
-0.0096714
-0.00874776
-0.0087773
-0.00841174
-0.00822806
-0.00821176
-0.00837747
-0.008745
-0.00927877
-0.0100577
-0.0110299
-0.0126161
-0.0146648
-0.0187873
-0.0239753
-0.0324581
-0.0320577
-0.0164381
0.0627279
-0.0318475
-0.00691642
-0.0058138
-0.00509034
-0.00487419
-0.00512568
-0.00569357
-0.00632385
-0.00713227
-0.00793707
-0.00907438
-0.0102339
-0.0120755
-0.0140944
-0.0170018
-0.0184052
-0.0167058
0.00471024
0.0598443
0.188713
-8.26476e-06
-2.03657e-05
9.53178e-06
6.69924e-05
0.000157639
0.000282159
0.000441093
0.000634505
0.000861485
0.00111991
0.00140591
0.00171338
0.00203351
0.00235462
0.00266252
0.002941
0.00317293
0.00334217
0.00344552
0.00344961
1.68038e-06
-1.09558e-05
1.98308e-05
7.59864e-05
0.000164204
0.000285475
0.000440603
0.000629939
0.000852924
0.00110771
0.00139068
0.0016958
0.00201471
0.00233635
0.00264616
0.00292766
0.00316319
0.00333606
0.00344379
0.00344712
-3.78979e-05
-5.36694e-05
-2.41963e-05
2.97875e-05
0.000115589
0.000234402
0.000387395
0.000575406
0.000798467
0.00105534
0.00134302
0.0016564
0.00198749
0.00232455
0.00265264
0.00295393
0.00320858
0.00339684
0.00351522
0.00351677
-0.00011346
-0.000131862
-0.000104251
-5.32534e-05
2.92083e-05
0.000144667
0.000294882
0.000481456
0.000705322
0.000966293
0.00126246
0.00158944
0.00193993
0.00230296
0.00266239
0.00299806
0.00328628
0.00350206
0.00363972
0.00364218
-0.000231
-0.000252367
-0.000227309
-0.000180158
-0.000101946
9.29277e-06
0.000156077
0.000341031
0.000566344
0.000833302
0.00114161
0.00148844
0.00186718
0.0022678
0.00267317
0.00306026
0.00340019
0.00365963
0.00382831
0.00383438
-0.000391754
-0.00041671
-0.000395005
-0.000352878
-0.00028036
-0.000175001
-3.33799e-05
0.000148381
0.000374082
0.000646957
0.000968921
0.00133945
0.00175397
0.00220402
0.00267184
0.00313116
0.00354622
0.00387161
0.00408826
0.00410272
-0.000596962
-0.000626306
-0.000608923
-0.000573416
-0.000508734
-0.000411945
-0.000278642
-0.000103514
0.000119173
0.000395159
0.000729428
0.00112502
0.00158152
0.00208983
0.00263727
0.00319354
0.0037144
0.00413789
0.00442843
0.00446149
-0.000848156
-0.000882814
-0.000870874
-0.000843988
-0.000789998
-0.000705599
-0.000585423
-0.000422655
-0.000209402
6.30648e-05
0.000403668
0.00082024
0.00131714
0.0018919
0.00253577
0.00321719
0.00388353
0.00445199
0.00485754
0.00493234
-0.00114719
-0.00118814
-0.00118276
-0.00116674
-0.00112689
-0.00105979
-0.000959296
-0.000817215
-0.000623463
-0.000366055
-3.1439e-05
0.000394488
0.000923694
0.00155993
0.00231421
0.00314958
0.00401042
0.00479174
0.0053785
0.00554901
-0.00149651
-0.00154464
-0.00154662
-0.0015436
-0.00152158
-0.00147747
-0.0014048
-0.00129436
-0.0011342
-0.000909239
-0.000601039
-0.000187936
0.000354058
0.00105059
0.00189728
0.00290239
0.00401022
0.00509871
0.00597321
0.00635888
-0.00189978
-0.00195561
-0.00196482
-0.00197615
-0.00197523
-0.00195999
-0.00192425
-0.00185855
-0.00174994
-0.00158124
-0.00133002
-0.000967739
-0.000459354
0.000235063
0.00115943
0.00232263
0.00371763
0.0052337
0.00656978
0.00742456
-0.00236306
-0.00242616
-0.0024405
-0.00246569
-0.00248764
-0.00250614
-0.00251625
-0.00250928
-0.00247279
-0.00238953
-0.00223565
-0.00197812
-0.00157148
-0.00095551
-6.37147e-05
0.0011892
0.00284023
0.00488587
0.00691215
0.00878329
-0.0028974
-0.00296492
-0.00297855
-0.00301337
-0.00305667
-0.00311122
-0.00317422
-0.00323883
-0.00329505
-0.00332872
-0.00331962
-0.00323811
-0.00303997
-0.00265804
-0.0019958
-0.000901244
0.000842369
0.00337975
0.00637393
0.0101829
-0.00352321
-0.00358445
-0.00358317
-0.00361706
-0.00367619
-0.003766
-0.00388532
-0.00403025
-0.0041954
-0.00437341
-0.00455391
-0.00472092
-0.00484909
-0.0048915
-0.00476452
-0.0042876
-0.00307727
-0.000397174
0.00347198
0.0107186
-0.0042817
-0.00433024
-0.00429915
-0.0043196
-0.00437584
-0.00448214
-0.00464409
-0.00486328
-0.00514092
-0.00547955
-0.00588526
-0.00636793
-0.00694604
-0.00763056
-0.0084247
-0.00917342
-0.00945666
-0.00718617
-0.0020407
0.00995874
-0.0053212
-0.00514516
-0.00500304
-0.00493635
-0.00497175
-0.00510774
-0.00533548
-0.00564759
-0.00604707
-0.00654459
-0.00716793
-0.00796178
-0.00901084
-0.0103952
-0.0122828
-0.0144311
-0.0167465
-0.0150806
-0.0100629
0.0077081
-0.00630347
-0.00642829
-0.00616526
-0.00609612
-0.00604752
-0.00610342
-0.00627583
-0.006571
-0.007002
-0.00758343
-0.00835898
-0.00938862
-0.0108476
-0.0128292
-0.0158039
-0.019256
-0.0246826
-0.0251828
-0.0208004
0.00581983
-0.0101242
-0.00731928
-0.0067641
-0.00618275
-0.0060455
-0.00614704
-0.00643818
-0.00686859
-0.00743733
-0.00814577
-0.00906965
-0.0102118
-0.0119403
-0.0141384
-0.0178519
-0.0220527
-0.0297686
-0.031201
-0.0258607
0.0154173
-0.00993633
-0.0107865
-0.00944331
-0.00906558
-0.00847635
-0.00813947
-0.0080393
-0.00816476
-0.00851396
-0.00906398
-0.00987174
-0.0109501
-0.0126229
-0.0148262
-0.0187662
-0.0232219
-0.0308996
-0.0283098
-0.0143756
0.0547523
-0.0342368
-0.00887539
-0.00743543
-0.00613904
-0.005545
-0.00559288
-0.00599729
-0.00653503
-0.00724284
-0.00803974
-0.00913698
-0.0103575
-0.0122224
-0.0141871
-0.0170936
-0.0180861
-0.0171289
0.00217272
0.0458101
0.157363
)
;

boundaryField
{
    movingWall
    {
        type            zeroGradient;
    }
    fixedWalls
    {
        type            zeroGradient;
    }
}


// ************************************************************************* //
