/*--------------------------------*- C++ -*----------------------------------*\
  =========                 |
  \\      /  F ield         | OpenFOAM: The Open Source CFD Toolbox
   \\    /   O peration     | Website:  https://openfoam.org
    \\  /    A nd           | Version:  10
     \\/     M anipulation  |
\*---------------------------------------------------------------------------*/
FoamFile
{
    format      ascii;
    class       volScalarField;
    location    "9.9";
    object      p;
}
// * * * * * * * * * * * * * * * * * * * * * * * * * * * * * * * * * * * * * //

dimensions      [0 2 -2 0 0 0 0];

internalField   nonuniform List<scalar> 
8000
(
3.98342e-06
-2.32424e-06
5.27551e-05
0.000152995
0.000306311
0.000515832
0.00078555
0.00111988
0.00152267
0.00199583
0.00253773
0.0031407
0.00378831
0.00445283
0.00509407
0.00566253
0.00610594
0.00638945
0.00652247
0.00647705
9.76955e-06
3.38236e-06
6.19986e-05
0.000163056
0.000315395
0.000522429
0.00078838
0.00111781
0.00151474
0.00198145
0.00251689
0.00311433
0.00375834
0.00442133
0.00506308
0.0056333
0.00607798
0.00635706
0.00648336
0.00641251
-7.65718e-05
-8.74412e-05
-3.14682e-05
6.43346e-05
0.000209287
0.000406843
0.000661599
0.000978823
0.00136368
0.0018202
0.00234965
0.00294804
0.00360276
0.00428905
0.00496552
0.0055746
0.00604959
0.00633689
0.00645181
0.00634466
-0.000239789
-0.000253861
-0.000202711
-0.000115728
1.68621e-05
0.000198629
0.000434672
0.000731209
0.00109503
0.00153279
0.0020495
0.00264594
0.0033146
0.00403392
0.00476184
0.00543104
0.00596163
0.00626934
0.00636942
0.00620206
-0.000488665
-0.000505885
-0.000462423
-0.000388495
-0.000274022
-0.000115384
9.29372e-05
0.000358067
0.000688514
0.00109391
0.00158401
0.00216616
0.00284077
0.00359411
0.00438807
0.00515088
0.00576465
0.00611553
0.00620465
0.00595167
-0.000822713
-0.000843313
-0.000810357
-0.000753901
-0.00066389
-0.000536976
-0.000367716
-0.000148646
0.000129837
0.00047975
0.000915356
0.00145175
0.00210052
0.00286158
0.00370925
0.00457156
0.0053147
0.00574794
0.00585854
0.00548524
-0.00123779
-0.00126216
-0.00124239
-0.00120791
-0.00114921
-0.00106382
-0.000947312
-0.000793318
-0.000592973
-0.000334019
-2.29974e-07
0.000428696
0.000975491
0.00165812
0.00247671
0.00339187
0.00428435
0.00491244
0.00515431
0.00469274
-0.00172714
-0.00175571
-0.00175137
-0.00174302
-0.00172232
-0.00168863
-0.00164001
-0.00157323
-0.0014834
-0.0013629
-0.00119997
-0.000977189
-0.000669969
-0.000246251
0.000329803
0.00109164
0.00205079
0.00305833
0.0038115
0.00349515
-0.00228194
-0.00231489
-0.00232725
-0.00234788
-0.00237044
-0.00239727
-0.00243074
-0.00247356
-0.00252901
-0.00260072
-0.00269245
-0.00280776
-0.00294666
-0.0030896
-0.00316477
-0.00296033
-0.00207866
-0.000403187
0.00145245
0.00192617
-0.00289198
-0.00292905
-0.0029575
-0.00300748
-0.00307517
-0.00316741
-0.00329256
-0.00346205
-0.00369196
-0.0040046
-0.0044315
-0.0050168
-0.0058118
-0.00682793
-0.00793772
-0.00866256
-0.00799357
-0.00522209
-0.00180342
-5.81495e-05
-0.00354678
-0.00358724
-0.00362823
-0.003704
-0.00381334
-0.00396908
-0.00418662
-0.00448789
-0.00490495
-0.00548352
-0.00629101
-0.00742418
-0.0089896
-0.0110009
-0.0131964
-0.0146552
-0.0137516
-0.00943763
-0.00483055
-0.00207493
-0.00423829
-0.00427979
-0.00432513
-0.0044172
-0.00455726
-0.00476534
-0.00506322
-0.00548281
-0.00607236
-0.00689705
-0.00805004
-0.00968079
-0.0118753
-0.0146511
-0.0173583
-0.0188124
-0.0173253
-0.0117687
-0.00713825
-0.00327928
-0.00496542
-0.00500333
-0.00503968
-0.00513155
-0.0052831
-0.00552198
-0.00587406
-0.00637674
-0.007095
-0.00810157
-0.00951314
-0.0114798
-0.0140792
-0.0171582
-0.0200145
-0.0214681
-0.0201893
-0.015157
-0.0102133
-0.00431884
-0.00573485
-0.00575569
-0.00575809
-0.00582213
-0.00595787
-0.0061997
-0.00656616
-0.00711659
-0.00790135
-0.00900349
-0.010541
-0.0126545
-0.0154112
-0.0186112
-0.0216766
-0.0237894
-0.0244016
-0.0201487
-0.0143944
-0.00555268
-0.00657418
-0.00657255
-0.00651582
-0.00652531
-0.00660868
-0.00681281
-0.0071428
-0.00768487
-0.00846868
-0.00957559
-0.0111156
-0.0132031
-0.0159083
-0.0190571
-0.0223047
-0.0248915
-0.0267529
-0.022483
-0.0169683
-0.0053394
-0.00767171
-0.00743656
-0.00722852
-0.00708458
-0.00707226
-0.00721227
-0.00751495
-0.00802019
-0.00876473
-0.00981372
-0.01126
-0.0131811
-0.0156377
-0.018445
-0.021405
-0.0234469
-0.0252196
-0.0205169
-0.0162611
-0.000930592
-0.00852774
-0.00860106
-0.00822604
-0.00803063
-0.00786106
-0.00783991
-0.00799164
-0.00835383
-0.00896979
-0.00988268
-0.0111708
-0.0128674
-0.0150233
-0.017372
-0.0198701
-0.0211299
-0.0223709
-0.0162827
-0.0119197
0.0106659
-0.0124122
-0.00954323
-0.00881357
-0.00799606
-0.00765303
-0.00757348
-0.00773864
-0.00810974
-0.00871902
-0.00957693
-0.0107705
-0.0122779
-0.0141783
-0.0160928
-0.018044
-0.018581
-0.0186471
-0.0103746
-0.00276912
0.0339566
-0.0119011
-0.0127605
-0.0111607
-0.0105273
-0.00966645
-0.00910599
-0.00882563
-0.00882716
-0.00915735
-0.00978451
-0.0108118
-0.0121464
-0.013953
-0.0157292
-0.017639
-0.0174603
-0.0160943
-0.00320539
0.0138122
0.0771563
-0.036691
-0.0112106
-0.00939093
-0.0077739
-0.00689381
-0.00667981
-0.00687138
-0.00724466
-0.0078868
-0.00870385
-0.00991491
-0.0112518
-0.0129847
-0.0141671
-0.0149009
-0.0114414
-0.00305156
0.0246494
0.0711761
0.1769
1.30454e-05
-8.39042e-06
4.35871e-05
0.00014206
0.00029506
0.000504872
0.000775275
0.00111084
0.00151572
0.00199234
0.00253962
0.00315053
0.00380911
0.00448749
0.00514439
0.00572703
0.00617868
0.00645969
0.00658226
0.00651194
3.19587e-05
1.16766e-05
7.02252e-05
0.00017108
0.000323745
0.000531066
0.000797129
0.00112652
0.00152336
0.00199017
0.00252632
0.00312578
0.00377382
0.00444285
0.0050931
0.00567266
0.00612149
0.00639662
0.00651523
0.00642296
-4.86488e-05
-7.62034e-05
-1.99278e-05
7.58589e-05
0.000221273
0.000419144
0.000673903
0.000990803
0.00137506
0.00183098
0.00236035
0.00296008
0.00361849
0.00431182
0.00499873
0.00561955
0.0061005
0.00638257
0.00648589
0.0063505
-0.000207604
-0.000239974
-0.000188256
-0.000101115
3.21325e-05
0.00021439
0.000450572
0.000746847
0.00111002
0.00154698
0.00206339
0.00266119
0.00333436
0.00406244
0.00480309
0.00549113
0.00603099
0.00633232
0.00641298
0.00620735
-0.000454579
-0.000491046
-0.000446971
-0.00037279
-0.000257424
-9.79329e-05
0.000111012
0.000376477
0.000706977
0.00111237
0.00160309
0.00218794
0.00286944
0.00363507
0.00444211
0.00523218
0.00587055
0.00621759
0.00627389
0.0059575
-0.000788296
-0.00082872
-0.00079523
-0.000738461
-0.00064729
-0.000519026
-0.0003484
-0.000127996
0.000151776
0.000503128
0.000940957
0.00148185
0.00214019
0.0029197
0.00379981
0.0046907
0.00547606
0.00593297
0.00599589
0.00550345
-0.00120394
-0.00124858
-0.00122844
-0.00119366
-0.00113358
-0.00104634
-0.000927676
-0.000771213
-0.000568122
-0.000306139
3.11931e-05
0.000464982
0.0010199
0.00171818
0.00256563
0.00353287
0.00451914
0.00526484
0.00547205
0.00476625
-0.00169449
-0.00174379
-0.00173939
-0.00173088
-0.00170874
-0.00167287
-0.00162141
-0.00155118
-0.00145743
-0.00133294
-0.00116682
-0.000943524
-0.000642145
-0.00023454
0.000330538
0.00116847
0.00241394
0.00386642
0.0045439
0.00378239
-0.0022509
-0.00230528
-0.00231805
-0.00233888
-0.00236017
-0.00238476
-0.00241506
-0.00245387
-0.00250497
-0.00257348
-0.00266693
-0.00279841
-0.00298872
-0.0032444
-0.0034663
-0.00318789
-0.00161331
0.00120614
0.00287882
0.00293848
-0.00286284
-0.00292238
-0.00295186
-0.00300258
-0.00306948
-0.00315975
-0.00328183
-0.00344738
-0.00367356
-0.00398617
-0.00442556
-0.00505813
-0.0059885
-0.00728287
-0.00874484
-0.0095106
-0.00786922
-0.00370986
-0.00022939
0.00198188
-0.00352005
-0.00358425
-0.00362705
-0.00370423
-0.0038135
-0.00396779
-0.00418269
-0.00448058
-0.0048953
-0.00547907
-0.00631535
-0.00753707
-0.00934095
-0.011832
-0.0147161
-0.0167253
-0.015659
-0.0103476
-0.004866
-3.04968e-05
-0.00421352
-0.0042806
-0.00432826
-0.00442226
-0.00456316
-0.00477039
-0.00506626
-0.00548323
-0.00607061
-0.00690346
-0.00810077
-0.00983878
-0.0123647
-0.0157487
-0.0195952
-0.0225095
-0.0222152
-0.0161527
-0.00989728
-0.00317444
-0.00494127
-0.0050092
-0.00504895
-0.00514381
-0.0052968
-0.00553459
-0.00588459
-0.00638667
-0.00710015
-0.00811216
-0.00955785
-0.0116287
-0.0145713
-0.0183924
-0.0227586
-0.026347
-0.027222
-0.0216434
-0.015637
-0.00717209
-0.00570395
-0.00576046
-0.00576438
-0.00583158
-0.00597
-0.006211
-0.00658157
-0.00712544
-0.00790267
-0.00900271
-0.0105488
-0.0127545
-0.0158122
-0.019694
-0.0243981
-0.0285607
-0.0310273
-0.0265986
-0.0212416
-0.0109039
-0.00652992
-0.00658441
-0.00653042
-0.00654658
-0.00663144
-0.00682931
-0.00716831
-0.00769486
-0.00845976
-0.00955135
-0.0110861
-0.0132214
-0.0161401
-0.0198243
-0.0242863
-0.0283082
-0.0315693
-0.0271308
-0.0238889
-0.0115662
-0.00756799
-0.00739516
-0.00719633
-0.00706213
-0.00706148
-0.00720773
-0.00751567
-0.00801327
-0.00872858
-0.00975533
-0.0111806
-0.0131049
-0.0156697
-0.0187798
-0.022456
-0.0253834
-0.0280342
-0.0235257
-0.0232488
-0.00647837
-0.00825254
-0.00854523
-0.00817197
-0.00802648
-0.00786636
-0.00784933
-0.00799633
-0.00834456
-0.00892286
-0.00979964
-0.0110516
-0.0127221
-0.0149152
-0.0174206
-0.0203363
-0.0221986
-0.0239494
-0.0191843
-0.0191327
0.0076747
-0.0119548
-0.00925148
-0.00855656
-0.00776728
-0.00750054
-0.00748018
-0.00767761
-0.00805162
-0.00864195
-0.00946064
-0.0106147
-0.0120921
-0.0140244
-0.01609
-0.0183878
-0.0193703
-0.0198023
-0.0134677
-0.0077428
0.0349749
-0.00929597
-0.0118393
-0.0105875
-0.0103054
-0.00960738
-0.00914338
-0.00889768
-0.00888646
-0.00917759
-0.00973739
-0.0107003
-0.0119772
-0.0138213
-0.0157671
-0.0181481
-0.0187486
-0.0178499
-0.00581988
0.0139491
0.0854224
-0.0344851
-0.00934611
-0.00776863
-0.00671046
-0.0061925
-0.00614923
-0.00645115
-0.0068721
-0.00754258
-0.00833779
-0.00953667
-0.01087
-0.0126504
-0.0140236
-0.0149703
-0.0119872
-0.00332098
0.026855
0.0849762
0.207286
3.71008e-05
8.51481e-06
5.94253e-05
0.000157745
0.000311966
0.000524088
0.000798051
0.00113887
0.00155137
0.00203879
0.00260095
0.00323163
0.00391513
0.00462288
0.00531
0.00591859
0.00638384
0.00666018
0.00676367
0.00666423
6.62712e-05
3.78856e-05
9.69429e-05
0.000198269
0.000352225
0.000561488
0.000830379
0.00116392
0.00156681
0.00204241
0.00259107
0.00320772
0.00387802
0.00457405
0.00525487
0.00586074
0.00632346
0.00659297
0.00669094
0.00656975
-7.0059e-06
-4.45319e-05
1.26959e-05
0.000109079
0.000255779
0.000455459
0.000712842
0.00103368
0.00142392
0.00188892
0.00243187
0.00305118
0.00373659
0.00446497
0.00519204
0.00584969
0.00635141
0.006625
0.00669473
0.00651676
-0.000159391
-0.000202974
-0.00014996
-6.20946e-05
7.25355e-05
0.000256684
0.00049562
0.000796115
0.00116588
0.00161318
0.00214569
0.00276784
0.00347602
0.00425092
0.00505105
0.00579738
0.00637409
0.00666354
0.006682
0.00640616
-0.000401684
-0.000450197
-0.000404629
-0.000329596
-0.000212621
-5.0872e-05
0.000161421
0.000432059
0.000770699
0.001189
0.00170018
0.00231704
0.00304638
0.00387905
0.00477954
0.00566327
0.00637068
0.00670166
0.0066385
0.00619719
-0.000732164
-0.000785233
-0.000750135
-0.000692378
-0.000599294
-0.000468235
-0.000293393
-6.6472e-05
0.000223503
0.00059102
0.00105463
0.00163657
0.0023591
0.00323305
0.00423823
0.00530106
0.00622393
0.00666451
0.00649729
0.00577475
-0.00114551
-0.00120328
-0.0011815
-0.00114566
-0.00108344
-0.000992948
-0.000869295
-0.000705138
-0.000490098
-0.000209359
0.00015777
0.000639346
0.00127087
0.00208711
0.00309675
0.00434725
0.0056024
0.00631804
0.00610864
0.00503771
-0.00163433
-0.00169726
-0.00169131
-0.00168186
-0.00165761
-0.00161838
-0.00156168
-0.00148339
-0.00137741
-0.0012343
-0.00103947
-0.000771837
-0.000402558
0.000117216
0.00089995
0.00205821
0.00366125
0.00503031
0.00516427
0.00408347
-0.00218933
-0.00225781
-0.00226933
-0.00228963
-0.00230927
-0.00233101
-0.00235671
-0.00238858
-0.00242982
-0.00248519
-0.00256274
-0.00268069
-0.00287619
-0.00316677
-0.0033816
-0.00289252
-0.00109287
0.00172345
0.00328113
0.00340534
-0.00279971
-0.00287387
-0.00290259
-0.00295352
-0.00301975
-0.00310842
-0.00322766
-0.00338918
-0.00361123
-0.00392321
-0.0043752
-0.00506115
-0.0061562
-0.00779368
-0.00975288
-0.0106433
-0.00878466
-0.00399855
-0.000122489
0.00252457
-0.00345442
-0.00353406
-0.00357684
-0.0036553
-0.00376539
-0.00391995
-0.00413464
-0.00443285
-0.00485174
-0.00545288
-0.00634244
-0.00770781
-0.00987446
-0.0130284
-0.0167748
-0.0191947
-0.0176358
-0.0114567
-0.00545751
-0.000173156
-0.00414309
-0.00422651
-0.00427481
-0.00437128
-0.00451486
-0.00472463
-0.00502324
-0.00544483
-0.00604359
-0.00690849
-0.00819154
-0.0101466
-0.0131597
-0.0173756
-0.0222844
-0.0257076
-0.0251537
-0.0189218
-0.0121564
-0.00482978
-0.00486246
-0.0049488
-0.00499022
-0.00508907
-0.00524656
-0.00548867
-0.00584346
-0.00635241
-0.0070797
-0.00812756
-0.00966997
-0.0119745
-0.015414
-0.0200679
-0.0254886
-0.0296055
-0.0305186
-0.0251813
-0.0186347
-0.00997341
-0.00560762
-0.00568396
-0.00568931
-0.00576176
-0.00590694
-0.00615443
-0.00653204
-0.00708256
-0.00787153
-0.00899918
-0.0106365
-0.0130248
-0.0164973
-0.0210579
-0.0265032
-0.0308993
-0.0330037
-0.0283533
-0.0228641
-0.0133298
-0.00640737
-0.00648727
-0.00643405
-0.00645817
-0.00655134
-0.00675648
-0.0071028
-0.00763304
-0.00840682
-0.00950984
-0.0110881
-0.0133499
-0.0165425
-0.0206215
-0.0254826
-0.0292612
-0.0317169
-0.0269188
-0.0236517
-0.0128395
-0.00738881
-0.00724629
-0.00704712
-0.00692215
-0.00693403
-0.00709194
-0.0074081
-0.00790626
-0.00863275
-0.00964446
-0.0110788
-0.0130664
-0.0157689
-0.0190674
-0.0228779
-0.0254741
-0.0271817
-0.022484
-0.0214815
-0.00679567
-0.00794259
-0.00829424
-0.00793041
-0.00781369
-0.00767375
-0.00767376
-0.00783004
-0.00817836
-0.00876639
-0.00960332
-0.0108468
-0.0125278
-0.0147803
-0.0173816
-0.0203513
-0.0219836
-0.0229058
-0.0180601
-0.0160066
0.00780937
-0.0116283
-0.00894323
-0.00818896
-0.00739634
-0.00716156
-0.00717635
-0.00739771
-0.00778478
-0.00837111
-0.00916495
-0.0102909
-0.0117554
-0.0136975
-0.0158248
-0.0181206
-0.0189857
-0.0186846
-0.0123234
-0.00419392
0.0360163
-0.00822957
-0.0110281
-0.00987274
-0.00969891
-0.0090796
-0.00868536
-0.00847906
-0.00849468
-0.00878296
-0.0093277
-0.0102524
-0.0115223
-0.0133721
-0.0154249
-0.0178975
-0.0185375
-0.0174478
-0.00511513
0.0169071
0.0881945
-0.0337461
-0.00846251
-0.00686588
-0.00594371
-0.00554728
-0.0055697
-0.00590069
-0.00633981
-0.00699887
-0.00777807
-0.00893656
-0.010277
-0.0120691
-0.0135727
-0.0145992
-0.0116512
-0.00226582
0.0289791
0.0906494
0.214604
6.5636e-05
3.28255e-05
8.34285e-05
0.000182282
0.000338468
0.000553916
0.000832828
0.00118074
0.00160322
0.0021044
0.00268503
0.00333963
0.00405256
0.00479393
0.00551538
0.00615233
0.00663171
0.0069027
0.00698655
0.00686199
0.000100934
6.77673e-05
0.000127399
0.00022963
0.000385562
0.000597842
0.000871096
0.00121085
0.00162251
0.00211031
0.00267567
0.00331439
0.00401215
0.00474139
0.00545634
0.00609109
0.00656788
0.00683033
0.00690624
0.00676135
3.31392e-05
-1.02469e-05
4.78401e-05
0.000145219
0.000293911
0.000496548
0.000758204
0.00108521
0.00148433
0.00196206
0.00252297
0.00316689
0.00388488
0.00465356
0.00542392
0.00611948
0.00663969
0.00690119
0.00693584
0.00672372
-0.000113938
-0.000164153
-0.000110037
-2.10671e-05
0.00011566
0.000302877
0.00054627
0.000853288
0.00123264
0.00169405
0.00224716
0.00289861
0.00364665
0.00447373
0.00533336
0.00613424
0.00673817
0.00700522
0.00696273
0.00663301
-0.000352108
-0.000407816
-0.000360991
-0.000284741
-0.000165466
-3.21189e-07
0.00021696
0.000494986
0.000844637
0.00127942
0.0018152
0.00246827
0.0032491
0.00415092
0.00513642
0.00610044
0.00684883
0.00713573
0.00696895
0.00643896
-0.000679496
-0.000740207
-0.000703764
-0.000644683
-0.000549061
-0.000414198
-0.000233707
1.63326e-06
0.00030422
0.000690749
0.00118312
0.00180854
0.00259451
0.00355256
0.00467814
0.00586259
0.00684655
0.00719479
0.006867
0.00600061
-0.00109049
-0.00115632
-0.00113319
-0.001096
-0.00103112
-0.000936576
-0.000806857
-0.000633669
-0.000405146
-0.000104163
0.000293627
0.000821887
0.00152385
0.00244662
0.00361082
0.00500935
0.0063379
0.00689143
0.00648039
0.00521318
-0.00157741
-0.00164885
-0.00164168
-0.00163106
-0.00160432
-0.0015612
-0.00149866
-0.00141178
-0.00129333
-0.00113214
-0.000911224
-0.000606957
-0.00018776
0.000402723
0.00128281
0.00262544
0.00435746
0.00560514
0.00554719
0.00427092
-0.00213063
-0.00220818
-0.00221877
-0.00223837
-0.00225612
-0.00227476
-0.00229581
-0.00232111
-0.00235371
-0.00239865
-0.00246585
-0.00258167
-0.00280166
-0.00314055
-0.00332647
-0.00265701
-0.000634288
0.00213009
0.00362971
0.00374837
-0.00273892
-0.00282276
-0.00285104
-0.00290203
-0.00296743
-0.00305446
-0.00317124
-0.0033299
-0.00355022
-0.00386557
-0.00433579
-0.00508021
-0.00632307
-0.00818797
-0.0102557
-0.0109373
-0.00896467
-0.0043845
-0.000126953
0.00295794
-0.00339052
-0.0034806
-0.00352363
-0.00360317
-0.00371385
-0.00386867
-0.0040837
-0.00438366
-0.00480922
-0.00543034
-0.00637159
-0.0078609
-0.0102858
-0.0137996
-0.017821
-0.0202062
-0.0189133
-0.0130851
-0.00643523
-0.000365808
-0.0040738
-0.00416844
-0.00421762
-0.00431628
-0.00446202
-0.00467402
-0.00497556
-0.00540258
-0.00601388
-0.00690935
-0.0082633
-0.0103726
-0.0136872
-0.0183185
-0.0236092
-0.0272364
-0.0270923
-0.0214119
-0.014267
-0.0061694
-0.00478412
-0.00488308
-0.00492619
-0.00502846
-0.00518953
-0.00543526
-0.00579433
-0.0063098
-0.00705009
-0.00812834
-0.00973829
-0.0121846
-0.0159043
-0.0209304
-0.0267344
-0.0309905
-0.0321113
-0.0273159
-0.0208796
-0.0118947
-0.00551243
-0.00560273
-0.00560997
-0.00568694
-0.0058372
-0.00608955
-0.00647207
-0.0070278
-0.00782544
-0.00897363
-0.0106577
-0.0131442
-0.0168167
-0.0216046
-0.0272505
-0.0313947
-0.0333805
-0.0290991
-0.0243492
-0.0149488
-0.00628717
-0.00638426
-0.00633291
-0.00636372
-0.00646313
-0.00667353
-0.00702381
-0.00755566
-0.00833073
-0.00943985
-0.0110406
-0.0133316
-0.0166291
-0.0207776
-0.0255854
-0.0289571
-0.0309664
-0.0266256
-0.0243718
-0.0137887
-0.00722065
-0.00709913
-0.0069022
-0.00678622
-0.00680687
-0.00697225
-0.00729262
-0.00778976
-0.00851064
-0.00952384
-0.0109311
-0.0129239
-0.0156602
-0.0189539
-0.0226567
-0.024907
-0.0262835
-0.0220052
-0.0218841
-0.00706839
-0.00769418
-0.008087
-0.00772387
-0.00762791
-0.00750116
-0.0075114
-0.00767152
-0.00801555
-0.00858664
-0.00941727
-0.0106278
-0.0122898
-0.0145419
-0.0171382
-0.02005
-0.0215182
-0.0222931
-0.017901
-0.0166777
0.0083247
-0.0113074
-0.00865737
-0.00788769
-0.00711167
-0.00689433
-0.00692799
-0.00716097
-0.00755046
-0.00812758
-0.00889533
-0.00999275
-0.0114309
-0.0133588
-0.0154819
-0.0177637
-0.018574
-0.0182869
-0.0124504
-0.00491408
0.0374066
-0.00763791
-0.0105986
-0.00945946
-0.00934694
-0.00875718
-0.00838779
-0.00819564
-0.00820955
-0.00848371
-0.00900276
-0.0098955
-0.0111425
-0.012992
-0.0150808
-0.0176403
-0.0184013
-0.0175454
-0.00537789
0.0166071
0.0909687
-0.0331684
-0.00786395
-0.00626718
-0.00540949
-0.00507607
-0.00514363
-0.005501
-0.00595096
-0.00660582
-0.00736637
-0.00850301
-0.00982479
-0.0116268
-0.0131574
-0.0142352
-0.0112607
-0.00182147
0.0298275
0.0922435
0.22008
9.64575e-05
6.20704e-05
0.000113258
0.000213494
0.00037239
0.00059202
0.000876971
0.00123336
0.00166749
0.00218438
0.00278563
0.00346634
0.0042107
0.00498724
0.00574355
0.00640854
0.00690116
0.00716638
0.00723143
0.00708552
0.00013477
9.95225e-05
0.000160052
0.000263784
0.000422404
0.000638693
0.00091766
0.00126539
0.00168801
0.00219066
0.00277567
0.00343956
0.00416748
0.00493223
0.00568249
0.00634579
0.00683531
0.00708968
0.00714399
0.00697965
7.06466e-05
2.46645e-05
8.38126e-05
0.000182759
0.000334188
0.000540864
0.000808289
0.00114342
0.00155388
0.00204724
0.00262931
0.00330102
0.00405461
0.00486481
0.00567809
0.00640896
0.00694375
0.0071907
0.00719186
0.00695247
-7.25131e-05
-0.000125711
-7.03763e-05
2.02581e-05
0.000159844
0.000351262
0.00060069
0.000916308
0.00130784
0.00178639
0.00236337
0.003047
0.00383626
0.00471562
0.00563045
0.00647717
0.00709722
0.00733605
0.00723942
0.00686907
-0.000307298
-0.000366274
-0.000318114
-0.000240092
-0.000117769
5.18793e-05
0.000275691
0.000563126
0.000926285
0.00138039
0.0019436
0.00263478
0.00346649
0.00443248
0.00548888
0.00651187
0.0072746
0.00750754
0.00725804
0.0066663
-0.000631881
-0.000696096
-0.000658248
-0.000597313
-0.000498465
-0.000358794
-0.000171277
7.42549e-05
0.000391568
0.000799311
0.00132206
0.00199046
0.00283572
0.0038701
0.0050776
0.00633287
0.00732149
0.00757085
0.00713623
0.00617543
-0.00104055
-0.00111013
-0.0010856
-0.00104658
-0.000978443
-0.000879006
-0.000742125
-0.00055857
-0.000315153
7.05324e-06
0.000434812
0.00100483
0.00176183
0.00274837
0.00399979
0.00546715
0.0067836
0.00719933
0.0066882
0.00529081
-0.00152546
-0.0016009
-0.00159247
-0.00158024
-0.00155051
-0.00150287
-0.00143374
-0.00133751
-0.00120609
-0.0010274
-0.000784036
-0.00045431
-1.19977e-05
0.000596924
0.00149883
0.00289141
0.00456863
0.00570107
0.00564696
0.00428316
-0.00207668
-0.00215854
-0.00216817
-0.00218663
-0.00220207
-0.00221717
-0.00223316
-0.00225172
-0.00227609
-0.00231252
-0.00237518
-0.00250277
-0.00277264
-0.00319604
-0.00343629
-0.00285173
-0.000961937
0.00177094
0.00353469
0.00381879
-0.00268254
-0.00277104
-0.0027988
-0.00284938
-0.00291354
-0.00299859
-0.00311274
-0.00326873
-0.00348812
-0.0038089
-0.00430191
-0.00511122
-0.00649725
-0.00857666
-0.0108874
-0.0117307
-0.00996347
-0.00539344
-0.000610406
0.00293875
-0.00333064
-0.00342577
-0.00346886
-0.0035489
-0.00365964
-0.00381433
-0.00402952
-0.0043313
-0.00476364
-0.00540404
-0.00639305
-0.00798881
-0.0106125
-0.0143999
-0.018715
-0.0213012
-0.0203584
-0.0147773
-0.00756029
-0.000898399
-0.00400824
-0.00410831
-0.0041581
-0.0042582
-0.00440531
-0.00461886
-0.00492276
-0.0053546
-0.00597691
-0.00689766
-0.00830685
-0.0105274
-0.0140375
-0.0189066
-0.0244264
-0.0281461
-0.0283644
-0.0231255
-0.0157482
-0.00723711
-0.00470958
-0.00481456
-0.00485884
-0.00496346
-0.00512694
-0.00537523
-0.00573751
-0.00625814
-0.00700857
-0.00810863
-0.00976394
-0.0123001
-0.0161633
-0.0213275
-0.0272145
-0.0312822
-0.0324412
-0.0279719
-0.0217493
-0.0128502
-0.00542311
-0.00551997
-0.00552874
-0.00560886
-0.00576237
-0.00601779
-0.00640327
-0.00696228
-0.00776525
-0.00892516
-0.0106347
-0.0131713
-0.0169126
-0.0217042
-0.0272592
-0.030884
-0.0326487
-0.0285536
-0.0242843
-0.0153673
-0.00617715
-0.00628188
-0.00623189
-0.00626699
-0.00637023
-0.0065837
-0.0069357
-0.00746749
-0.00824116
-0.0093495
-0.0109547
-0.0132515
-0.0165591
-0.0206395
-0.0252087
-0.0280867
-0.0295726
-0.0254802
-0.0235681
-0.0137515
-0.00707496
-0.00696381
-0.00676917
-0.00665967
-0.00668519
-0.00685414
-0.0071755
-0.00766985
-0.00838332
-0.00938336
-0.010785
-0.0127577
-0.0154764
-0.0186956
-0.0222203
-0.0240959
-0.0250651
-0.0209385
-0.0208268
-0.00685973
-0.00750935
-0.00791886
-0.00755215
-0.00746701
-0.00734674
-0.00736177
-0.00752226
-0.0078611
-0.00842006
-0.00923602
-0.0104242
-0.0120617
-0.0142929
-0.0168424
-0.0196506
-0.0209326
-0.0214567
-0.0172116
-0.0157452
0.00879455
-0.0110517
-0.00843066
-0.00766071
-0.00690094
-0.00669094
-0.00673199
-0.00696755
-0.00735347
-0.0079189
-0.00866811
-0.00974148
-0.0111538
-0.0130598
-0.0151524
-0.0173701
-0.0180826
-0.0176242
-0.0119752
-0.0041538
0.0382596
-0.00735477
-0.0103584
-0.00920938
-0.00911784
-0.00853406
-0.00817109
-0.00797971
-0.00798749
-0.00824852
-0.00874636
-0.00961595
-0.01084
-0.0126782
-0.0147574
-0.0173083
-0.0180223
-0.0170813
-0.00499587
0.017317
0.0924535
-0.0328598
-0.00755455
-0.00595061
-0.00510566
-0.00479221
-0.00487752
-0.00524487
-0.00569489
-0.00634129
-0.00708535
-0.0082019
-0.00950485
-0.0112919
-0.0128116
-0.0138604
-0.01084
-0.00122717
0.0306319
0.0936755
0.222637
0.000126151
9.13279e-05
0.000143491
0.000245547
0.000407528
0.000631734
0.000923152
0.00128845
0.0017346
0.00226742
0.00288917
0.00359539
0.0043701
0.00517949
0.00596787
0.00665799
0.00716172
0.00742079
0.00746873
0.00730492
0.000165911
0.000129881
0.00019149
0.000297087
0.000458789
0.000679575
0.000964844
0.0013212
0.00175544
0.00227346
0.00287832
0.00356701
0.00432452
0.00512222
0.00590474
0.00659318
0.00709275
0.00733835
0.00737275
0.00719268
0.000104151
5.7178e-05
0.000117509
0.000218394
0.00037299
0.000584262
0.000858134
0.00120214
0.00162465
0.00213414
0.00273738
0.0034361
0.00422313
0.00507121
0.00592226
0.00668246
0.00722701
0.00745805
0.00742885
0.00716872
-3.62896e-05
-9.06418e-05
-3.40167e-05
5.86548e-05
0.000201547
0.000397757
0.000653933
0.00097891
0.00138329
0.0018793
0.00247965
0.00319384
0.00402162
0.00494532
0.00590533
0.00678642
0.00741319
0.00762179
0.00747724
0.00707963
-0.000268517
-0.000328768
-0.000279227
-0.000199065
-7.32615e-05
0.000101455
0.000332447
0.000629921
0.00100698
0.00148019
0.00206937
0.00279459
0.00366759
0.00468726
0.00579692
0.00685798
0.00761829
0.00779723
0.00747577
0.00684967
-0.000590827
-0.000656421
-0.000617143
-0.000554
-0.000451538
-0.000306582
-0.000111536
0.000144555
0.000476528
0.000904413
0.00145448
0.00215924
0.00305137
0.00414016
0.00539779
0.00668556
0.0076504
0.0078096
0.00729203
0.00628689
-0.00099752
-0.00106859
-0.00104265
-0.00100147
-0.000929746
-0.000825053
-0.000680705
-0.000486749
-0.0002291
0.000112149
0.000564639
0.00116552
0.00195769
0.00297876
0.0042554
0.00572165
0.00698383
0.00729987
0.00673511
0.00528844
-0.00148064
-0.00155771
-0.00154801
-0.00153383
-0.00150084
-0.00144841
-0.00137256
-0.00126726
-0.00112409
-0.000931141
-0.000672639
-0.0003324
0.000104434
0.000677481
0.00152106
0.00280428
0.00444087
0.00556478
0.00555764
0.00421037
-0.00203004
-0.00211368
-0.00212231
-0.00213928
-0.00215211
-0.00216343
-0.00217432
-0.00218655
-0.00220412
-0.00223567
-0.00230173
-0.00245597
-0.00280203
-0.00336205
-0.00377359
-0.00338927
-0.00161502
0.00122988
0.00327629
0.00380824
-0.00263367
-0.00272411
-0.00275127
-0.00280101
-0.00286354
-0.00294628
-0.00305764
-0.0032112
-0.0034307
-0.00375959
-0.00428092
-0.00516349
-0.00670494
-0.00903405
-0.0116783
-0.012804
-0.0112367
-0.00650994
-0.00120357
0.00283177
-0.00327857
-0.00337584
-0.00341881
-0.00349879
-0.00360902
-0.00376302
-0.00397787
-0.00428108
-0.00471997
-0.00537947
-0.00641534
-0.00811268
-0.0109234
-0.0149717
-0.0196031
-0.022481
-0.0218613
-0.0163075
-0.00861478
-0.00140158
-0.00395124
-0.00405358
-0.00410373
-0.00420452
-0.00435215
-0.00456631
-0.00487154
-0.00530692
-0.00593831
-0.00688055
-0.00833683
-0.0106516
-0.014314
-0.0193569
-0.0250422
-0.028816
-0.0292406
-0.0242377
-0.0168106
-0.0080381
-0.00464506
-0.00475254
-0.00479762
-0.00490357
-0.00506829
-0.00531784
-0.00568179
-0.0062056
-0.00696307
-0.00807875
-0.00976644
-0.0123651
-0.0163156
-0.0215304
-0.0273847
-0.0311841
-0.0323242
-0.02811
-0.0221995
-0.0134128
-0.0053471
-0.00544667
-0.00545659
-0.00553862
-0.0056938
-0.00595056
-0.00633704
-0.00689706
-0.00770213
-0.00886751
-0.0105891
-0.0131488
-0.0169089
-0.021635
-0.0270181
-0.030204
-0.0316957
-0.0278268
-0.0241143
-0.0154689
-0.00608598
-0.00619387
-0.00614494
-0.00618251
-0.00628758
-0.00650204
-0.0068537
-0.00738348
-0.00815346
-0.0092569
-0.0108569
-0.0131408
-0.0164282
-0.0204141
-0.0247401
-0.0272137
-0.0283583
-0.024509
-0.023032
-0.0134958
-0.00695871
-0.00685253
-0.00666019
-0.00655496
-0.00658291
-0.00675284
-0.00707289
-0.00756282
-0.0082681
-0.0092557
-0.0106411
-0.0125876
-0.0152712
-0.0184059
-0.0217661
-0.0233648
-0.024072
-0.020164
-0.0202574
-0.00645816
-0.00737741
-0.0077931
-0.00742296
-0.00734295
-0.00722487
-0.00724091
-0.00739925
-0.00773178
-0.00827971
-0.00907998
-0.0102472
-0.011856
-0.0140538
-0.0165436
-0.0192505
-0.0204073
-0.0207876
-0.0167437
-0.0153955
0.00932287
-0.0108631
-0.00826263
-0.00749937
-0.00675196
-0.00654549
-0.00658836
-0.00682206
-0.00720179
-0.0077563
-0.00848878
-0.00954199
-0.010928
-0.0128055
-0.0148515
-0.0170008
-0.017635
-0.017101
-0.011642
-0.00387936
0.0390005
-0.00720976
-0.0102245
-0.00906087
-0.00897634
-0.00839017
-0.00802552
-0.00782899
-0.00782805
-0.00807733
-0.00855757
-0.0094096
-0.0106099
-0.0124274
-0.0144696
-0.0169775
-0.0176327
-0.0166403
-0.00457583
0.0177675
0.0936326
-0.0326714
-0.00737731
-0.00576832
-0.00492486
-0.00461825
-0.00470915
-0.00507921
-0.00552506
-0.00616433
-0.00689368
-0.0079961
-0.00927644
-0.0110422
-0.0125196
-0.0135141
-0.0103993
-0.000677865
0.0313645
0.0946097
0.224357
0.000152563
0.000117801
0.000171069
0.000275063
0.000440122
0.000668787
0.000966412
0.00134014
0.00179751
0.00234497
0.00298531
0.00371431
0.00451561
0.00535375
0.0061696
0.00688073
0.00739311
0.00764597
0.007679
0.0075006
0.000193018
0.000156796
0.000219529
0.000327079
0.000491867
0.000717085
0.00100848
0.0013731
0.00181828
0.00235054
0.0029735
0.00368437
0.00446814
0.00529435
0.0061043
0.0068135
0.00732047
0.00755722
0.00757406
0.00738153
0.000132768
8.55226e-05
0.000147048
0.000249958
0.000407735
0.000623561
0.000903726
0.00125625
0.0016901
0.00221448
0.00283685
0.00355953
0.00437555
0.00525575
0.00613811
0.00692165
0.00747225
0.00768727
0.00763123
0.00735575
-5.83257e-06
-6.05153e-05
-2.62041e-06
9.21681e-05
0.000238377
0.000439332
0.000702079
0.00103599
0.00145236
0.00196428
0.00258534
0.00332582
0.004186
0.00514633
0.00614245
0.00704937
0.00767767
0.00785688
0.00766796
0.00725366
-0.000236206
-0.000296825
-0.000245946
-0.000163575
-3.43056e-05
0.000145382
0.000383291
0.000690216
0.00108004
0.00157026
0.00218184
0.00293577
0.00384378
0.00490398
0.0060538
0.00714143
0.00789256
0.00801904
0.0076307
0.00698903
-0.000556775
-0.00062277
-0.00058212
-0.000516718
-0.000410699
-0.000260629
-5.84554e-05
0.000207375
0.000552452
0.000997717
0.00157047
0.00230366
0.00322827
0.00435434
0.00565053
0.00695851
0.00789195
0.00796432
0.00736858
0.00635198
-0.00096189
-0.0010334
-0.00100613
-0.000962736
-0.000887525
-0.000777818
-0.000626525
-0.000423199
-0.000153223
0.000203732
0.000675372
0.0012979
0.00211125
0.00314259
0.00443499
0.00589216
0.00708939
0.00730752
0.00669314
0.00524669
-0.00144354
-0.00152111
-0.00151021
-0.00149403
-0.00145787
-0.00140091
-0.00131892
-0.00120567
-0.00105282
-0.000849218
-0.000581528
-0.000239428
0.000180769
0.000710373
0.00147556
0.00269101
0.00424203
0.00534677
0.00538759
0.00410982
-0.00199142
-0.00207563
-0.0020833
-0.00209866
-0.00210893
-0.00211666
-0.00212293
-0.00212981
-0.00214236
-0.00217212
-0.00224627
-0.0024332
-0.00286287
-0.00357111
-0.00415477
-0.00395995
-0.00226435
0.000693418
0.00298686
0.00376386
-0.00259317
-0.00268427
-0.0027108
-0.00275949
-0.0028203
-0.00290073
-0.00300952
-0.00316118
-0.0033818
-0.00372033
-0.00427183
-0.00522891
-0.00692707
-0.00950997
-0.0124946
-0.0138217
-0.0123334
-0.00740298
-0.00170894
0.00268915
-0.00323545
-0.00333342
-0.00337616
-0.00345572
-0.00356515
-0.00371819
-0.0039325
-0.004237
-0.00468224
-0.00536016
-0.0064408
-0.00823513
-0.0112257
-0.0155242
-0.0204292
-0.0234618
-0.022941
-0.017307
-0.00935051
-0.00180232
-0.00390417
-0.00400726
-0.00405755
-0.00415851
-0.00430611
-0.0045203
-0.0048262
-0.00526431
-0.00590348
-0.00686472
-0.00836296
-0.0107627
-0.0145631
-0.0197549
-0.0255372
-0.0292378
-0.0296324
-0.0246472
-0.0173194
-0.00851017
-0.00459218
-0.00470045
-0.00474601
-0.00485258
-0.00501774
-0.0052677
-0.00563238
-0.00615819
-0.00692097
-0.00804929
-0.00976414
-0.0124155
-0.0164383
-0.021691
-0.0274254
-0.0308932
-0.0318611
-0.0277307
-0.0221673
-0.0136023
-0.00528585
-0.00538623
-0.00539692
-0.00547995
-0.00563578
-0.00589279
-0.00627917
-0.00683907
-0.00764485
-0.00881347
-0.0105436
-0.0131176
-0.0168932
-0.0216154
-0.0266823
-0.0295181
-0.0307344
-0.0268836
-0.0236482
-0.0153081
-0.00601433
-0.0061232
-0.00607502
-0.00611381
-0.00621943
-0.00643365
-0.00678392
-0.00731096
-0.00807685
-0.0091749
-0.0107687
-0.0130374
-0.0163049
-0.0202181
-0.0243207
-0.0264718
-0.0273267
-0.0235479
-0.022376
-0.0131124
-0.00687044
-0.0067663
-0.00657583
-0.0064731
-0.00650194
-0.00667142
-0.00698913
-0.00747431
-0.00817203
-0.00914912
-0.0105168
-0.0124399
-0.015089
-0.0181511
-0.0213677
-0.0227584
-0.0232506
-0.0194156
-0.0196024
-0.00599227
-0.00728366
-0.00770165
-0.00732918
-0.00725133
-0.00713327
-0.00714828
-0.00730329
-0.00762954
-0.00816796
-0.0089543
-0.0101031
-0.0116854
-0.0138488
-0.0162797
-0.0188923
-0.0199436
-0.0201896
-0.0162044
-0.0148752
0.00984695
-0.010731
-0.00814278
-0.00738658
-0.00664715
-0.00644231
-0.00648487
-0.0067154
-0.00708879
-0.007634
-0.00835237
-0.00938879
-0.0107508
-0.0125985
-0.0145952
-0.016673
-0.01723
-0.0166001
-0.0111912
-0.00343323
0.0396279
-0.00712724
-0.0101418
-0.00896642
-0.00888349
-0.0082934
-0.00792557
-0.00772264
-0.00771401
-0.00795364
-0.00842018
-0.00925798
-0.0104369
-0.0122296
-0.0142282
-0.0166759
-0.0172602
-0.0161792
-0.0040906
0.0182995
0.0945267
-0.0325533
-0.00727198
-0.00566012
-0.00481452
-0.00450887
-0.00460018
-0.00496925
-0.00541019
-0.00604259
-0.0067607
-0.00785034
-0.00911144
-0.0108501
-0.0122816
-0.0132093
-0.0100078
-0.000181873
0.0319953
0.095362
0.225505
0.000173944
0.000139387
0.000193669
0.000299405
0.000467155
0.000699663
0.00100258
0.00138341
0.00185016
0.00240971
0.00306525
0.0038127
0.00463529
0.00549626
0.00633367
0.00706098
0.00757952
0.00782674
0.00784774
0.00765816
0.000214761
0.000178561
0.000242304
0.000351603
0.000519091
0.000748143
0.00104478
0.0014164
0.00187075
0.00241481
0.00305258
0.00378136
0.00458621
0.00543497
0.00626638
0.00699144
0.00750342
0.00773219
0.00773465
0.0075328
0.000155475
0.000108218
0.000170802
0.000275523
0.000436085
0.000655855
0.00094141
0.00130114
0.00174447
0.00228111
0.00291903
0.00366096
0.00449993
0.00540518
0.00631164
0.00711261
0.00766657
0.0078673
0.00778895
0.00750282
1.80956e-05
-3.66203e-05
2.23867e-05
0.000119062
0.000268168
0.000473221
0.000741578
0.00108301
0.00150933
0.00203419
0.00267184
0.00343303
0.00431832
0.0053068
0.00633024
0.00725595
0.00788315
0.00803649
0.00780956
0.00738603
-0.00021099
-0.000271648
-0.000219608
-0.000135277
-2.9976e-06
0.000180958
0.00042472
0.000739517
0.00113977
0.00164363
0.00227278
0.00304889
0.003984
0.00507416
0.00625361
0.00736021
0.00810059
0.00818006
0.00773472
0.00708834
-0.000530301
-0.000596341
-0.000554508
-0.000487114
-0.000378028
-0.000223611
-1.54753e-05
0.000258344
0.000613927
0.00107277
0.0016628
0.00241694
0.00336427
0.00451828
0.00584215
0.00716538
0.00806961
0.00806197
0.00739836
0.00638745
-0.000934246
-0.00100581
-0.00097739
-0.000932061
-0.000853861
-0.000739932
-0.000582908
-0.000372034
-9.24248e-05
0.000276358
0.00076176
0.00139899
0.00222614
0.00326698
0.00456294
0.00601536
0.00715614
0.00727779
0.00661764
0.00519461
-0.00141478
-0.00149244
-0.00148049
-0.00146256
-0.00142368
-0.00136294
-0.00127595
-0.00115645
-0.000996361
-0.000785471
-0.000512814
-0.000173354
0.000226629
0.000708049
0.00140565
0.00257571
0.0040649
0.00512672
0.00520987
0.00401341
-0.00196149
-0.00204581
-0.00205264
-0.00206657
-0.00207463
-0.00207936
-0.00208191
-0.00208474
-0.00209402
-0.00212396
-0.00220766
-0.00242621
-0.00293293
-0.00378161
-0.00457468
-0.00443571
-0.00278148
0.000238601
0.00273287
0.00371481
-0.00256182
-0.00265305
-0.002679
-0.00272669
-0.00278596
-0.00286443
-0.00297117
-0.00312158
-0.00334392
-0.00369197
-0.00427106
-0.00529418
-0.00712999
-0.00992258
-0.0130956
-0.0146067
-0.013126
-0.00804396
-0.00209527
0.00256477
-0.00320211
-0.00330024
-0.00334269
-0.00342173
-0.00353034
-0.00368245
-0.00389628
-0.00420201
-0.00465301
-0.00534728
-0.00646726
-0.00834669
-0.0114962
-0.0160115
-0.0211147
-0.024156
-0.0235699
-0.0178783
-0.00983195
-0.00209074
-0.00386794
-0.00397117
-0.00402147
-0.00412233
-0.00426967
-0.00448364
-0.0047899
-0.00523019
-0.00587594
-0.00685345
-0.00838804
-0.0108622
-0.014787
-0.0201134
-0.0259464
-0.0294611
-0.0296587
-0.0246864
-0.0175361
-0.00877473
-0.00455182
-0.00466021
-0.004706
-0.00481278
-0.00497798
-0.00522791
-0.00559286
-0.00612007
-0.00688715
-0.00802611
-0.00976451
-0.0124621
-0.016552
-0.0218527
-0.0274757
-0.0306136
-0.0313017
-0.0272706
-0.0220142
-0.013636
-0.00523977
-0.00534022
-0.00535137
-0.00543484
-0.00559078
-0.00584754
-0.00623343
-0.00679288
-0.0075991
-0.00877051
-0.0105087
-0.0130948
-0.0168836
-0.0216112
-0.0264858
-0.0290086
-0.0298865
-0.0262112
-0.0232414
-0.0151004
-0.00596154
-0.00607054
-0.00602281
-0.00606211
-0.00616765
-0.00638113
-0.00672981
-0.00725428
-0.00801682
-0.00911094
-0.0107006
-0.0129572
-0.0162139
-0.0200855
-0.0240385
-0.0259494
-0.0265488
-0.0228499
-0.0218689
-0.0127534
-0.00680719
-0.00670375
-0.00651458
-0.00641316
-0.00644211
-0.00661062
-0.00692594
-0.00740696
-0.00809875
-0.00906905
-0.0104193
-0.012326
-0.0149497
-0.0179615
-0.0210727
-0.0223114
-0.0226261
-0.0188502
-0.0190986
-0.00557743
-0.00721911
-0.00763774
-0.00726385
-0.00718674
-0.0070679
-0.00708128
-0.00723312
-0.007554
-0.00808491
-0.0088604
-0.00999436
-0.0115555
-0.0136905
-0.0160741
-0.0186108
-0.0195772
-0.019706
-0.015764
-0.0144456
0.0102906
-0.0106428
-0.00806118
-0.00731042
-0.00657557
-0.00637129
-0.00641271
-0.00664024
-0.00700821
-0.00754617
-0.0082536
-0.00927694
-0.0106197
-0.0124421
-0.0143969
-0.0164133
-0.0169025
-0.0161887
-0.010795
-0.00303503
0.040129
-0.00707708
-0.0100888
-0.00890552
-0.00882215
-0.00822834
-0.00785638
-0.00765045
-0.00763459
-0.00786672
-0.00832316
-0.0091502
-0.0103121
-0.0120825
-0.0140425
-0.0164342
-0.0169502
-0.015785
-0.00365194
0.018775
0.0951849
-0.0324784
-0.00720728
-0.00559386
-0.00474571
-0.00443921
-0.00452927
-0.00489644
-0.00533278
-0.00595949
-0.00666897
-0.00774862
-0.00899386
-0.0107089
-0.0121
-0.0129709
-0.00969272
0.000219305
0.0325037
0.0959403
0.226272
0.000188968
0.000154601
0.000209647
0.000316686
0.000486418
0.000721734
0.00102849
0.00141445
0.0018879
0.00245604
0.0031223
0.00388268
0.00472013
0.0055969
0.00644912
0.00718738
0.00770984
0.00795271
0.00796523
0.00776805
0.00022998
0.000193848
0.000258349
0.000368953
0.00053843
0.000770287
0.00107073
0.00144741
0.00190833
0.00246078
0.00310899
0.00385029
0.00466982
0.00553422
0.00638036
0.00711613
0.00763117
0.00785387
0.00784605
0.00763795
0.000171274
0.000124069
0.000187441
0.000293512
0.000456126
0.000678779
0.000968248
0.00133317
0.00178326
0.00232859
0.00297743
0.00373279
0.00458763
0.0055101
0.00643303
0.00724569
0.00780137
0.00799139
0.00789666
0.00760385
3.46444e-05
-2.00282e-05
3.98017e-05
0.00013788
0.000289115
0.000497159
0.000769576
0.00111641
0.00154977
0.00208375
0.00273293
0.00350841
0.00441094
0.00541869
0.00646078
0.00739913
0.00802464
0.00815853
0.00790359
0.00747513
-0.000193626
-0.000254239
-0.000201344
-0.000115562
1.89209e-05
0.000205975
0.000453948
0.000774349
0.00118194
0.00169529
0.00233653
0.00312784
0.00408139
0.00519206
0.00639195
0.00751175
0.00824343
0.00828694
0.00779986
0.00715258
-0.000512123
-0.000578116
-0.000535417
-0.000466551
-0.000355232
-0.000197679
1.47121e-05
0.000294159
0.000657037
0.00112518
0.00172687
0.00249504
0.0034577
0.00463132
0.00597518
0.00731074
0.00819329
0.00812271
0.00740929
0.00640651
-0.000915296
-0.000986821
-0.000957556
-0.000910798
-0.000830431
-0.000713477
-0.000552401
-0.000336277
-5.00925e-05
0.000326592
0.000820989
0.00146774
0.0023042
0.00335238
0.00465397
0.00610842
0.00720764
0.00724902
0.00655462
0.00515351
-0.00139509
-0.00147271
-0.00146
-0.00144077
-0.00139994
-0.0013365
-0.00124602
-0.00112224
-0.000957367
-0.000741928
-0.000466673
-0.000130204
0.000254847
0.000704786
0.00136409
0.00250949
0.00395117
0.00497113
0.00508162
0.00394519
-0.00194101
-0.00202532
-0.00203152
-0.00204437
-0.00205083
-0.00205343
-0.00205342
-0.00205357
-0.00206093
-0.0020917
-0.00218317
-0.00242534
-0.00298728
-0.00393016
-0.00483415
-0.00474084
-0.00310952
-4.67996e-05
0.00256604
0.00368198
-0.00254038
-0.00263161
-0.00265711
-0.00270403
-0.00276217
-0.00283923
-0.00294458
-0.00309428
-0.00331822
-0.00367371
-0.00427343
-0.00534503
-0.0072821
-0.0102306
-0.0135493
-0.0151137
-0.0135904
-0.00840831
-0.00232914
0.00248584
-0.00317937
-0.00327748
-0.00331969
-0.00339829
-0.00350624
-0.00365766
-0.00387115
-0.00417788
-0.00463329
-0.00533982
-0.00648898
-0.00843134
-0.0116999
-0.0163762
-0.0216056
-0.0245652
-0.0238324
-0.018099
-0.0100788
-0.00225742
-0.00384333
-0.00394651
-0.00399676
-0.00409746
-0.0042445
-0.00445823
-0.00476471
-0.00520658
-0.00585723
-0.00684691
-0.00840884
-0.0109392
-0.0149608
-0.0203954
-0.0262527
-0.0295588
-0.029512
-0.0245408
-0.0175669
-0.00889012
-0.00452459
-0.00463289
-0.00467879
-0.00478558
-0.00495067
-0.00520045
-0.00556549
-0.00609366
-0.00686395
-0.00801104
-0.00976798
-0.0125022
-0.016649
-0.0220033
-0.0275522
-0.0304265
-0.0308399
-0.0268437
-0.0218241
-0.0135965
-0.00520903
-0.00530933
-0.00532073
-0.00540434
-0.00556018
-0.00581661
-0.00620198
-0.00676105
-0.0075677
-0.00874165
-0.0104875
-0.0130852
-0.0168907
-0.0216468
-0.0264122
-0.0287096
-0.0293271
-0.0257127
-0.0229241
-0.0149168
-0.00592683
-0.00603571
-0.00598824
-0.00602768
-0.00613296
-0.00634571
-0.00669306
-0.00721559
-0.00797587
-0.00906814
-0.0106577
-0.0129051
-0.0161622
-0.0200213
-0.023892
-0.0256465
-0.0260463
-0.0223778
-0.0215096
-0.0124798
-0.00676644
-0.00666317
-0.00647476
-0.00637396
-0.00640275
-0.00657032
-0.00688374
-0.00736166
-0.00804933
-0.00901812
-0.0103516
-0.0122506
-0.0148597
-0.0178435
-0.0208903
-0.0220274
-0.0222105
-0.0184562
-0.0187418
-0.00526671
-0.00717842
-0.00759712
-0.00722246
-0.0071455
-0.00702583
-0.00703777
-0.00718717
-0.00750413
-0.00802977
-0.00879815
-0.00992209
-0.0114691
-0.0135848
-0.0159367
-0.0184218
-0.0193277
-0.0193657
-0.0154251
-0.0141215
0.0106157
-0.0105889
-0.00801054
-0.00726327
-0.00653079
-0.00632657
-0.00636687
-0.00659207
-0.00695618
-0.00748913
-0.00818919
-0.00920379
-0.0105334
-0.0123379
-0.0142631
-0.016236
-0.0166744
-0.0158957
-0.0104856
-0.00272587
0.0404836
-0.00704701
-0.0100563
-0.00886831
-0.00878418
-0.0081878
-0.00781307
-0.00760441
-0.00758386
-0.00781098
-0.00826081
-0.00908068
-0.0102309
-0.0119854
-0.0139177
-0.0162686
-0.0167317
-0.0154983
-0.00332105
0.0191317
0.0956231
-0.0324334
-0.00716905
-0.00555483
-0.00470481
-0.00439727
-0.00448597
-0.00485132
-0.00528432
-0.00590696
-0.00661066
-0.00768338
-0.00891773
-0.010616
-0.0119782
-0.0128088
-0.00947463
0.000500439
0.0328623
0.0963375
0.226747
0.000196726
0.000162467
0.000217921
0.000325653
0.000496433
0.000733228
0.001042
0.00143063
0.00190757
0.00248017
0.00315197
0.003919
0.00476406
0.00564891
0.00650866
0.00725245
0.00777679
0.0080173
0.00802542
0.00782439
0.000237827
0.000201741
0.000266645
0.000377944
0.000548473
0.000781807
0.00108425
0.00146356
0.0019279
0.0024847
0.00313832
0.00388605
0.00471311
0.00558549
0.00643913
0.00718031
0.00769678
0.00791618
0.00790301
0.00769176
0.000179395
0.000132228
0.000196019
0.000302807
0.000466505
0.000690677
0.000982197
0.00134983
0.00180344
0.00235325
0.00300771
0.00376997
0.00463291
0.00556417
0.00649547
0.00731402
0.00787037
0.00805467
0.00795125
0.00765522
4.31217e-05
-1.15156e-05
4.87505e-05
0.000147573
0.000299931
0.000509547
0.000784089
0.00113373
0.00157075
0.00210941
0.00276451
0.00354727
0.0044586
0.00547617
0.00652778
0.00747253
0.0080969
0.00822031
0.00795056
0.00751994
-0.000184755
-0.00024533
-0.000191984
-0.000105433
3.02104e-05
0.000218889
0.000469058
0.000792362
0.00120373
0.00172194
0.00236935
0.00316839
0.00413132
0.00525252
0.00646301
0.0075897
0.00831655
0.00834045
0.00783143
0.0071842
-0.000502853
-0.000568807
-0.00052565
-0.000456006
-0.000343515
-0.000184324
3.02746e-05
0.00031262
0.000679228
0.00115209
0.00175967
0.00253492
0.00350541
0.00468936
0.0060441
0.00738684
0.00825782
0.00815221
0.00741257
0.00641485
-0.000905645
-0.00097713
-0.000947422
-0.00089991
-0.000818409
-0.000699881
-0.000536714
-0.000317905
-2.83941e-05
0.000352248
0.000851111
0.00150262
0.00234397
0.00339657
0.004703
0.00616103
0.00723778
0.00723225
0.00651983
0.00513117
-0.00138507
-0.00146265
-0.00144954
-0.00142963
-0.00138777
-0.00132294
-0.00123066
-0.00110473
-0.000937477
-0.000719852
-0.000443462
-0.000108697
0.000268882
0.000704251
0.00134801
0.0024842
0.00389817
0.00489015
0.00501444
0.00390965
-0.0019306
-0.00201487
-0.00202074
-0.00203303
-0.00203865
-0.00204015
-0.00203883
-0.00203765
-0.00204414
-0.00207553
-0.00217126
-0.00242584
-0.0030162
-0.00400614
-0.00496076
-0.00488405
-0.00326321
-0.000186982
0.00248313
0.00366502
-0.00252949
-0.00262069
-0.00264595
-0.00269246
-0.00275
-0.00282633
-0.00293098
-0.00308038
-0.00330527
-0.00366482
-0.0042755
-0.00537261
-0.00736306
-0.0103935
-0.0137832
-0.0153532
-0.0137924
-0.00856788
-0.0024377
0.00244814
-0.00316783
-0.00326591
-0.00330798
-0.00338633
-0.00349393
-0.00364497
-0.00385831
-0.00416561
-0.00462342
-0.00533652
-0.00650118
-0.00847692
-0.0118089
-0.0165702
-0.0218592
-0.0247448
-0.0239071
-0.0181643
-0.0101802
-0.00233157
-0.00383088
-0.00393401
-0.00398421
-0.0040848
-0.00423167
-0.00444525
-0.00475183
-0.00519456
-0.00584785
-0.00684408
-0.00842076
-0.0109815
-0.0150561
-0.0205513
-0.0264179
-0.0295916
-0.0293885
-0.0244302
-0.0175548
-0.00893073
-0.00451088
-0.0046191
-0.00466503
-0.0047718
-0.00493679
-0.00518647
-0.00555153
-0.00608021
-0.00685222
-0.00800381
-0.00977119
-0.0125258
-0.0167058
-0.0220958
-0.0276098
-0.0303408
-0.0305883
-0.0266144
-0.021712
-0.0135609
-0.00519365
-0.00529384
-0.00530534
-0.00538898
-0.00554473
-0.00580093
-0.006186
-0.00674482
-0.00755166
-0.00872715
-0.0104785
-0.0130831
-0.0169004
-0.0216819
-0.0264
-0.0285807
-0.0290531
-0.0254599
-0.022758
-0.0148134
-0.00590962
-0.00601839
-0.00597103
-0.0060105
-0.00611558
-0.00632788
-0.00667447
-0.00719581
-0.0079544
-0.00904486
-0.0106407
-0.0128797
-0.0161408
-0.0199998
-0.0238357
-0.0255133
-0.0258022
-0.0221422
-0.0213247
-0.012334
-0.00674649
-0.00664322
-0.00645516
-0.00635459
-0.00638323
-0.00655024
-0.00686254
-0.00733842
-0.00802166
-0.00897737
-0.0103335
-0.0122163
-0.014817
-0.0177887
-0.0208056
-0.0218913
-0.022004
-0.0182553
-0.0185567
-0.00510202
-0.0071587
-0.00757736
-0.00720236
-0.00712539
-0.00700522
-0.00701633
-0.00716437
-0.00747911
-0.00800141
-0.00876492
-0.00988842
-0.011427
-0.0135326
-0.0158688
-0.0183281
-0.0192026
-0.0191914
-0.0152528
-0.0139487
0.0107867
-0.0105633
-0.00798628
-0.0072407
-0.00650919
-0.00630492
-0.00634455
-0.00656848
-0.00693054
-0.00746083
-0.00815708
-0.00916797
-0.0104908
-0.0122864
-0.0141963
-0.0161468
-0.0165579
-0.0157443
-0.0103208
-0.00255822
0.0406677
-0.00703265
-0.0100406
-0.0088505
-0.00876588
-0.00816822
-0.00779206
-0.00758192
-0.00755903
-0.00778363
-0.0082302
-0.0090466
-0.010191
-0.0119373
-0.0138554
-0.016185
-0.0166194
-0.0153484
-0.00314507
0.0193225
0.0958433
-0.0324122
-0.0071511
-0.00553654
-0.00468557
-0.0043774
-0.00446528
-0.00482957
-0.00526084
-0.00588137
-0.00658217
-0.0076514
-0.00888026
-0.0105699
-0.0119173
-0.0127272
-0.00936352
0.000645057
0.0330475
0.0965404
0.226975
0.000196755
0.000162495
0.000217947
0.000325677
0.000496454
0.000733246
0.00104201
0.00143065
0.00190758
0.00248018
0.00315198
0.00391901
0.00476407
0.00564891
0.00650866
0.00725245
0.0077768
0.0080173
0.00802542
0.00782439
0.000237855
0.000201768
0.00026667
0.000377967
0.000548494
0.000781825
0.00108427
0.00146358
0.00192791
0.00248471
0.00313832
0.00388605
0.00471311
0.00558549
0.00643913
0.00718031
0.00769678
0.00791618
0.00790301
0.00769176
0.000179421
0.000132253
0.000196043
0.000302829
0.000466524
0.000690694
0.000982211
0.00134984
0.00180345
0.00235326
0.00300772
0.00376997
0.00463292
0.00556418
0.00649547
0.00731402
0.00787038
0.00805468
0.00795125
0.00765522
4.31459e-05
-1.14922e-05
4.87725e-05
0.000147593
0.000299949
0.000509563
0.000784102
0.00113374
0.00157076
0.00210942
0.00276451
0.00354728
0.0044586
0.00547618
0.00652779
0.00747253
0.00809691
0.00822031
0.00795057
0.00751994
-0.000184733
-0.000245309
-0.000191964
-0.000105415
3.02268e-05
0.000218903
0.000469071
0.000792374
0.00120374
0.00172195
0.00236935
0.00316839
0.00413133
0.00525252
0.00646301
0.0075897
0.00831656
0.00834046
0.00783143
0.0071842
-0.000502834
-0.000568788
-0.000525633
-0.00045599
-0.0003435
-0.00018431
3.02869e-05
0.00031263
0.000679236
0.00115209
0.00175967
0.00253493
0.00350541
0.00468937
0.0060441
0.00738684
0.00825782
0.00815222
0.00741257
0.00641485
-0.000905628
-0.000977114
-0.000947407
-0.000899895
-0.000818396
-0.000699869
-0.000536703
-0.000317895
-2.8386e-05
0.000352256
0.000851119
0.00150263
0.00234397
0.00339657
0.004703
0.00616103
0.00723778
0.00723225
0.00651984
0.00513118
-0.00138506
-0.00146264
-0.00144953
-0.00142961
-0.00138776
-0.00132292
-0.00123065
-0.00110472
-0.000937468
-0.000719846
-0.000443455
-0.000108688
0.000268889
0.000704255
0.00134801
0.0024842
0.00389817
0.00489016
0.00501445
0.00390965
-0.00193059
-0.00201486
-0.00202073
-0.00203302
-0.00203864
-0.00204014
-0.00203882
-0.00203765
-0.00204413
-0.00207552
-0.00217126
-0.00242583
-0.0030162
-0.00400614
-0.00496075
-0.00488404
-0.0032632
-0.000186981
0.00248313
0.00366502
-0.00252948
-0.00262068
-0.00264594
-0.00269245
-0.00274999
-0.00282633
-0.00293097
-0.00308037
-0.00330526
-0.00366481
-0.00427549
-0.00537261
-0.00736306
-0.0103935
-0.0137832
-0.0153532
-0.0137924
-0.00856788
-0.0024377
0.00244814
-0.00316783
-0.0032659
-0.00330797
-0.00338632
-0.00349392
-0.00364497
-0.00385831
-0.0041656
-0.00462341
-0.00533652
-0.00650117
-0.00847691
-0.0118089
-0.0165702
-0.0218592
-0.0247448
-0.0239071
-0.0181643
-0.0101802
-0.00233157
-0.00383087
-0.003934
-0.00398421
-0.00408479
-0.00423166
-0.00444524
-0.00475183
-0.00519456
-0.00584785
-0.00684408
-0.00842075
-0.0109815
-0.0150561
-0.0205513
-0.0264179
-0.0295916
-0.0293885
-0.0244302
-0.0175548
-0.00893073
-0.00451087
-0.0046191
-0.00466503
-0.00477179
-0.00493678
-0.00518646
-0.00555152
-0.0060802
-0.00685222
-0.0080038
-0.00977119
-0.0125258
-0.0167058
-0.0220958
-0.0276098
-0.0303408
-0.0305883
-0.0266144
-0.021712
-0.0135609
-0.00519364
-0.00529383
-0.00530533
-0.00538898
-0.00554472
-0.00580092
-0.00618599
-0.00674481
-0.00755165
-0.00872715
-0.0104785
-0.0130831
-0.0169004
-0.0216819
-0.0264
-0.0285807
-0.0290531
-0.0254599
-0.022758
-0.0148134
-0.00590961
-0.00601838
-0.00597103
-0.00601049
-0.00611558
-0.00632788
-0.00667446
-0.00719581
-0.0079544
-0.00904486
-0.0106407
-0.0128797
-0.0161408
-0.0199998
-0.0238357
-0.0255133
-0.0258022
-0.0221422
-0.0213247
-0.012334
-0.00674649
-0.00664322
-0.00645516
-0.00635459
-0.00638322
-0.00655024
-0.00686254
-0.00733841
-0.00802165
-0.00897737
-0.0103335
-0.0122163
-0.014817
-0.0177887
-0.0208056
-0.0218913
-0.022004
-0.0182553
-0.0185567
-0.00510202
-0.00715869
-0.00757736
-0.00720236
-0.00712539
-0.00700521
-0.00701633
-0.00716436
-0.00747911
-0.00800141
-0.00876492
-0.00988842
-0.011427
-0.0135326
-0.0158688
-0.0183281
-0.0192026
-0.0191914
-0.0152528
-0.0139487
0.0107867
-0.0105632
-0.00798628
-0.00724069
-0.00650919
-0.00630492
-0.00634455
-0.00656848
-0.00693054
-0.00746083
-0.00815708
-0.00916796
-0.0104908
-0.0122864
-0.0141963
-0.0161468
-0.0165579
-0.0157443
-0.0103208
-0.00255822
0.0406677
-0.00703265
-0.0100406
-0.0088505
-0.00876588
-0.00816822
-0.00779205
-0.00758191
-0.00755902
-0.00778363
-0.0082302
-0.0090466
-0.010191
-0.0119373
-0.0138554
-0.016185
-0.0166194
-0.0153484
-0.00314507
0.0193225
0.0958433
-0.0324122
-0.0071511
-0.00553654
-0.00468557
-0.00437739
-0.00446528
-0.00482957
-0.00526083
-0.00588137
-0.00658217
-0.00765139
-0.00888025
-0.0105699
-0.0119173
-0.0127272
-0.00936352
0.000645058
0.0330475
0.0965404
0.226975
0.000189056
0.000154687
0.000209727
0.000316759
0.000486483
0.00072179
0.00102854
0.00141449
0.00188793
0.00245607
0.00312233
0.0038827
0.00472015
0.00559692
0.00644913
0.00718739
0.00770985
0.00795272
0.00796523
0.00776806
0.000230066
0.000193931
0.000258426
0.000369024
0.000538493
0.000770341
0.00107078
0.00144744
0.00190836
0.0024608
0.00310902
0.00385031
0.00466984
0.00553423
0.00638037
0.00711614
0.00763118
0.00785387
0.00784606
0.00763796
0.000171355
0.000124147
0.000187514
0.000293578
0.000456184
0.00067883
0.000968292
0.00133321
0.0017833
0.00232862
0.00297745
0.00373281
0.00458764
0.00551011
0.00643304
0.0072457
0.00780137
0.0079914
0.00789667
0.00760386
3.47179e-05
-1.9957e-05
3.98684e-05
0.000137941
0.000289169
0.000497206
0.000769618
0.00111644
0.00154981
0.00208378
0.00273296
0.00350843
0.00441096
0.0054187
0.00646079
0.00739914
0.00802465
0.00815854
0.0079036
0.00747514
-0.00019356
-0.000254175
-0.000201285
-0.000115507
1.89702e-05
0.000206019
0.000453988
0.000774384
0.00118197
0.00169531
0.00233655
0.00312785
0.00408141
0.00519207
0.00639197
0.00751176
0.00824344
0.00828695
0.00779987
0.00715259
-0.000512066
-0.000578061
-0.000535364
-0.000466502
-0.000355187
-0.000197638
1.47494e-05
0.000294192
0.000657064
0.0011252
0.00172689
0.00249506
0.00345771
0.00463134
0.00597519
0.00731075
0.0081933
0.00812272
0.0074093
0.00640652
-0.000915248
-0.000986774
-0.00095751
-0.000910755
-0.000830391
-0.00071344
-0.000552368
-0.000336248
-5.00696e-05
0.000326611
0.000821003
0.00146775
0.00230421
0.00335239
0.00465398
0.00610843
0.00720764
0.00724903
0.00655462
0.00515351
-0.00139505
-0.00147267
-0.00145996
-0.00144073
-0.0013999
-0.00133647
-0.00124599
-0.00112222
-0.000957347
-0.000741915
-0.000466658
-0.000130186
0.000254862
0.000704799
0.00136409
0.0025095
0.00395118
0.00497113
0.00508162
0.0039452
-0.00194098
-0.00202528
-0.00203148
-0.00204434
-0.0020508
-0.0020534
-0.0020534
-0.00205355
-0.00206091
-0.00209168
-0.00218316
-0.00242532
-0.00298726
-0.00393015
-0.00483414
-0.00474083
-0.00310951
-4.67898e-05
0.00256605
0.00368199
-0.00254036
-0.00263158
-0.00265708
-0.00270401
-0.00276214
-0.00283921
-0.00294455
-0.00309426
-0.0033182
-0.0036737
-0.00427341
-0.00534501
-0.00728209
-0.0102306
-0.0135492
-0.0151137
-0.0135904
-0.0084083
-0.00232913
0.00248585
-0.00317935
-0.00327746
-0.00331967
-0.00339827
-0.00350622
-0.00365764
-0.00387113
-0.00417787
-0.00463328
-0.00533981
-0.00648896
-0.00843133
-0.0116999
-0.0163762
-0.0216056
-0.0245652
-0.0238324
-0.018099
-0.0100788
-0.00225741
-0.00384331
-0.00394649
-0.00399674
-0.00409744
-0.00424448
-0.00445821
-0.00476469
-0.00520657
-0.00585722
-0.0068469
-0.00840883
-0.0109392
-0.0149608
-0.0203954
-0.0262527
-0.0295588
-0.029512
-0.0245407
-0.0175669
-0.00889012
-0.00452458
-0.00463288
-0.00467878
-0.00478557
-0.00495065
-0.00520044
-0.00556548
-0.00609365
-0.00686394
-0.00801103
-0.00976797
-0.0125022
-0.016649
-0.0220033
-0.0275522
-0.0304265
-0.0308399
-0.0268437
-0.0218241
-0.0135965
-0.00520901
-0.00530932
-0.00532071
-0.00540433
-0.00556017
-0.00581659
-0.00620197
-0.00676104
-0.00756769
-0.00874165
-0.0104875
-0.0130852
-0.0168907
-0.0216468
-0.0264122
-0.0287096
-0.0293271
-0.0257127
-0.0229241
-0.0149168
-0.00592682
-0.00603569
-0.00598823
-0.00602767
-0.00613295
-0.0063457
-0.00669305
-0.00721558
-0.00797586
-0.00906814
-0.0106577
-0.0129051
-0.0161622
-0.0200213
-0.023892
-0.0256465
-0.0260463
-0.0223778
-0.0215096
-0.0124798
-0.00676643
-0.00666316
-0.00647475
-0.00637395
-0.00640274
-0.00657031
-0.00688373
-0.00736164
-0.00804932
-0.00901811
-0.0103516
-0.0122506
-0.0148597
-0.0178435
-0.0208903
-0.0220274
-0.0222105
-0.0184562
-0.0187418
-0.00526671
-0.0071784
-0.00759711
-0.00722245
-0.00714549
-0.00702582
-0.00703776
-0.00718716
-0.00750412
-0.00802977
-0.00879815
-0.00992208
-0.0114691
-0.0135848
-0.0159367
-0.0184218
-0.0193277
-0.0193657
-0.0154251
-0.0141215
0.0106157
-0.0105889
-0.00801053
-0.00726327
-0.00653078
-0.00632656
-0.00636686
-0.00659206
-0.00695617
-0.00748913
-0.00818918
-0.00920379
-0.0105334
-0.0123379
-0.0142631
-0.016236
-0.0166744
-0.0158957
-0.0104856
-0.00272587
0.0404836
-0.007047
-0.0100563
-0.00886831
-0.00878417
-0.00818779
-0.00781305
-0.0076044
-0.00758385
-0.00781098
-0.0082608
-0.00908068
-0.0102309
-0.0119854
-0.0139177
-0.0162686
-0.0167317
-0.0154983
-0.00332104
0.0191317
0.0956231
-0.0324334
-0.00716904
-0.00555482
-0.00470481
-0.00439726
-0.00448596
-0.00485131
-0.00528431
-0.00590695
-0.00661065
-0.00768338
-0.00891772
-0.010616
-0.0119782
-0.0128088
-0.00947462
0.000500445
0.0328623
0.0963375
0.226747
0.000174098
0.000139535
0.000193807
0.00029953
0.000467264
0.000699756
0.00100266
0.00138348
0.00185021
0.00240976
0.00306529
0.00381273
0.00463532
0.00549629
0.00633369
0.00706099
0.00757954
0.00782675
0.00784775
0.00765818
0.00021491
0.000178704
0.000242437
0.000351723
0.000519196
0.000748233
0.00104485
0.00141646
0.00187081
0.00241486
0.00305262
0.00378139
0.00458624
0.005435
0.0062664
0.00699146
0.00750343
0.00773221
0.00773467
0.00753282
0.000155614
0.000108352
0.000170926
0.000275635
0.000436185
0.000655941
0.000941483
0.0013012
0.00174452
0.00228115
0.00291907
0.00366099
0.00449996
0.0054052
0.00631167
0.00711263
0.00766659
0.00786732
0.00778897
0.00750284
1.82212e-05
-3.6499e-05
2.24999e-05
0.000119165
0.000268259
0.000473301
0.000741648
0.00108307
0.00150938
0.00203424
0.00267188
0.00343306
0.00431835
0.00530682
0.00633026
0.00725597
0.00788317
0.00803651
0.00780958
0.00738604
-0.000210878
-0.00027154
-0.000219507
-0.000135185
-2.91534e-06
0.000181031
0.000424785
0.000739575
0.00113982
0.00164367
0.00227281
0.00304892
0.00398403
0.00507419
0.00625363
0.00736023
0.00810061
0.00818008
0.00773473
0.00708835
-0.000530205
-0.000596248
-0.00055442
-0.000487033
-0.000377954
-0.000223544
-1.54148e-05
0.000258397
0.000613971
0.00107281
0.00166283
0.00241696
0.0033643
0.0045183
0.00584217
0.00716539
0.00806963
0.00806198
0.00739837
0.00638746
-0.000934164
-0.00100574
-0.000977314
-0.000931989
-0.000853794
-0.000739871
-0.000582854
-0.000371986
-9.23865e-05
0.000276388
0.000761784
0.00139902
0.00222617
0.003267
0.00456296
0.00601537
0.00715616
0.00727781
0.00661764
0.00519462
-0.00141472
-0.00149237
-0.00148043
-0.00146249
-0.00142362
-0.00136289
-0.00127591
-0.00115641
-0.000996327
-0.000785444
-0.000512787
-0.000173329
0.000226651
0.000708067
0.00140567
0.00257573
0.00406491
0.00512673
0.00520988
0.00401342
-0.00196143
-0.00204576
-0.00205258
-0.00206651
-0.00207458
-0.00207931
-0.00208187
-0.00208471
-0.00209399
-0.00212393
-0.00220764
-0.00242619
-0.00293291
-0.00378159
-0.00457466
-0.00443569
-0.00278146
0.000238615
0.00273288
0.00371482
-0.00256177
-0.002653
-0.00267895
-0.00272665
-0.00278592
-0.00286439
-0.00297114
-0.00312155
-0.00334389
-0.00369194
-0.00427103
-0.00529415
-0.00712997
-0.00992256
-0.0130956
-0.0146067
-0.013126
-0.00804395
-0.00209525
0.00256478
-0.00320207
-0.0033002
-0.00334265
-0.0034217
-0.0035303
-0.00368242
-0.00389625
-0.00420198
-0.00465299
-0.00534725
-0.00646723
-0.00834667
-0.0114961
-0.0160115
-0.0211147
-0.024156
-0.0235699
-0.0178783
-0.00983193
-0.00209073
-0.00386791
-0.00397113
-0.00402144
-0.0041223
-0.00426964
-0.0044836
-0.00478987
-0.00523016
-0.00587592
-0.00685343
-0.00838802
-0.0108621
-0.014787
-0.0201134
-0.0259464
-0.0294611
-0.0296586
-0.0246864
-0.0175361
-0.00877472
-0.0045518
-0.00466018
-0.00470598
-0.00481275
-0.00497795
-0.00522788
-0.00559284
-0.00612005
-0.00688713
-0.0080261
-0.00976449
-0.0124621
-0.016552
-0.0218527
-0.0274757
-0.0306136
-0.0313017
-0.0272706
-0.0220142
-0.013636
-0.00523975
-0.00534019
-0.00535135
-0.00543482
-0.00559075
-0.00584752
-0.0062334
-0.00679287
-0.00759908
-0.0087705
-0.0105087
-0.0130948
-0.0168836
-0.0216112
-0.0264858
-0.0290086
-0.0298865
-0.0262112
-0.0232414
-0.0151004
-0.00596152
-0.00607052
-0.00602279
-0.00606209
-0.00616763
-0.00638111
-0.00672979
-0.00725426
-0.00801681
-0.00911094
-0.0107006
-0.0129572
-0.0162138
-0.0200855
-0.0240385
-0.0259493
-0.0265488
-0.0228499
-0.0218689
-0.0127534
-0.00680717
-0.00670373
-0.00651456
-0.00641315
-0.0064421
-0.0066106
-0.00692593
-0.00740694
-0.00809874
-0.00906904
-0.0104193
-0.012326
-0.0149497
-0.0179615
-0.0210727
-0.0223114
-0.0226261
-0.0188501
-0.0190986
-0.00557743
-0.00721908
-0.00763772
-0.00726383
-0.00718673
-0.00706788
-0.00708126
-0.00723311
-0.00755398
-0.0080849
-0.00886039
-0.00999435
-0.0115555
-0.0136905
-0.0160741
-0.0186108
-0.0195772
-0.019706
-0.015764
-0.0144456
0.0102906
-0.0106428
-0.00806116
-0.00731041
-0.00657556
-0.00637127
-0.00641269
-0.00664022
-0.0070082
-0.00754616
-0.00825358
-0.00927693
-0.0106197
-0.0124421
-0.0143969
-0.0164133
-0.0169025
-0.0161887
-0.010795
-0.00303502
0.0401291
-0.00707706
-0.0100888
-0.00890551
-0.00882214
-0.00822833
-0.00785636
-0.00765043
-0.00763458
-0.00786671
-0.00832315
-0.00915019
-0.0103121
-0.0120825
-0.0140424
-0.0164342
-0.0169502
-0.015785
-0.00365193
0.018775
0.0951849
-0.0324784
-0.00720726
-0.00559385
-0.0047457
-0.00443919
-0.00452926
-0.00489643
-0.00533276
-0.00595948
-0.00666896
-0.00774861
-0.00899385
-0.0107089
-0.0120999
-0.0129709
-0.00969271
0.000219314
0.0325037
0.0959403
0.226272
0.000152794
0.000118022
0.000171273
0.000275244
0.000440279
0.00066892
0.000966523
0.00134023
0.00179759
0.00234503
0.00298536
0.00371436
0.00451565
0.00535378
0.00616963
0.00688075
0.00739313
0.00764599
0.00767902
0.00750063
0.000193239
0.000157008
0.000219725
0.000327253
0.000492018
0.000717214
0.00100859
0.00137319
0.00181836
0.00235061
0.00297356
0.00368442
0.00446818
0.00529438
0.00610433
0.00681353
0.00732049
0.00755725
0.00757408
0.00738155
0.000132971
8.57183e-05
0.000147229
0.00025012
0.000407877
0.000623683
0.000903829
0.00125634
0.00169017
0.00221454
0.00283691
0.00355957
0.00437559
0.00525578
0.00613815
0.00692168
0.00747227
0.00768729
0.00763125
0.00735577
-5.65015e-06
-6.03397e-05
-2.4575e-06
9.23146e-05
0.000238506
0.000439444
0.000702176
0.00103608
0.00145244
0.00196434
0.00258539
0.00332586
0.00418604
0.00514636
0.00614248
0.0070494
0.00767769
0.0078569
0.00766798
0.00725368
-0.000236047
-0.000296671
-0.000245803
-0.000163445
-3.41896e-05
0.000145485
0.000383382
0.000690297
0.0010801
0.00157032
0.00218188
0.00293581
0.00384381
0.00490402
0.00605383
0.00714146
0.00789258
0.00801905
0.00763071
0.00698904
-0.000556638
-0.000622638
-0.000581996
-0.000516604
-0.000410595
-0.000260536
-5.83719e-05
0.000207449
0.000552515
0.000997767
0.00157051
0.00230369
0.0032283
0.00435437
0.00565055
0.00695852
0.00789197
0.00796433
0.00736859
0.006352
-0.000961775
-0.00103329
-0.00100602
-0.000962637
-0.000887433
-0.000777734
-0.000626451
-0.000423133
-0.000153169
0.000203776
0.000675407
0.00129793
0.00211128
0.00314262
0.00443501
0.00589218
0.0070894
0.00730753
0.00669315
0.00524671
-0.00144344
-0.00152102
-0.00151012
-0.00149395
-0.00145779
-0.00140083
-0.00131885
-0.00120561
-0.00105277
-0.000849178
-0.000581492
-0.000239394
0.000180799
0.000710398
0.00147558
0.00269103
0.00424204
0.00534679
0.00538761
0.00410984
-0.00199134
-0.00207555
-0.00208322
-0.00209859
-0.00210886
-0.00211659
-0.00212287
-0.00212976
-0.00214232
-0.00217208
-0.00224624
-0.00243318
-0.00286285
-0.00357108
-0.00415474
-0.00395993
-0.00226433
0.000693438
0.00298688
0.00376388
-0.00259311
-0.0026842
-0.00271073
-0.00275943
-0.00282024
-0.00290067
-0.00300947
-0.00316113
-0.00338176
-0.0037203
-0.0042718
-0.00522888
-0.00692704
-0.00950994
-0.0124946
-0.0138217
-0.0123333
-0.00740296
-0.00170893
0.00268916
-0.00323539
-0.00333337
-0.0033761
-0.00345567
-0.00356511
-0.00371814
-0.00393246
-0.00423697
-0.00468221
-0.00536013
-0.00644077
-0.0082351
-0.0112257
-0.0155242
-0.0204292
-0.0234617
-0.022941
-0.0173069
-0.0093505
-0.00180231
-0.00390412
-0.00400721
-0.00405751
-0.00415847
-0.00430607
-0.00452026
-0.00482616
-0.00526428
-0.00590345
-0.00686469
-0.00836293
-0.0107627
-0.0145631
-0.0197548
-0.0255371
-0.0292377
-0.0296324
-0.0246472
-0.0173194
-0.00851016
-0.00459214
-0.00470041
-0.00474597
-0.00485254
-0.00501771
-0.00526766
-0.00563234
-0.00615816
-0.00692095
-0.00804926
-0.00976412
-0.0124155
-0.0164382
-0.021691
-0.0274254
-0.0308932
-0.0318611
-0.0277306
-0.0221673
-0.0136023
-0.00528581
-0.00538619
-0.00539689
-0.00547992
-0.00563575
-0.00589275
-0.00627914
-0.00683905
-0.00764483
-0.00881345
-0.0105436
-0.0131176
-0.0168932
-0.0216154
-0.0266822
-0.0295181
-0.0307344
-0.0268835
-0.0236481
-0.0153081
-0.0060143
-0.00612318
-0.00607499
-0.00611378
-0.0062194
-0.00643362
-0.0067839
-0.00731094
-0.00807683
-0.00917488
-0.0107687
-0.0130374
-0.0163049
-0.0202181
-0.0243207
-0.0264718
-0.0273267
-0.0235479
-0.022376
-0.0131124
-0.00687041
-0.00676627
-0.00657581
-0.00647308
-0.00650192
-0.0066714
-0.00698911
-0.00747429
-0.00817201
-0.00914911
-0.0105168
-0.0124399
-0.015089
-0.0181511
-0.0213677
-0.0227584
-0.0232506
-0.0194156
-0.0196023
-0.00599226
-0.00728363
-0.00770163
-0.00732916
-0.00725131
-0.00713325
-0.00714826
-0.00730327
-0.00762952
-0.00816795
-0.00895429
-0.0101031
-0.0116854
-0.0138488
-0.0162796
-0.0188923
-0.0199436
-0.0201896
-0.0162044
-0.0148751
0.00984697
-0.010731
-0.00814275
-0.00738656
-0.00664713
-0.00644229
-0.00648485
-0.00671538
-0.00708877
-0.00763399
-0.00835235
-0.00938877
-0.0107508
-0.0125985
-0.0145952
-0.016673
-0.01723
-0.0166001
-0.0111912
-0.00343322
0.0396279
-0.00712722
-0.0101418
-0.0089664
-0.00888348
-0.00829338
-0.00792555
-0.00772263
-0.00771399
-0.00795362
-0.00842016
-0.00925797
-0.0104369
-0.0122296
-0.0142282
-0.0166758
-0.0172602
-0.0161791
-0.00409059
0.0182995
0.0945267
-0.0325533
-0.00727196
-0.00566011
-0.0048145
-0.00450885
-0.00460016
-0.00496923
-0.00541017
-0.00604257
-0.00676068
-0.00785032
-0.00911142
-0.01085
-0.0122816
-0.0132093
-0.0100078
-0.000181866
0.0319953
0.095362
0.225505
0.000126479
9.16379e-05
0.000143771
0.000245793
0.000407738
0.000631909
0.000923297
0.00128857
0.0017347
0.0022675
0.00288924
0.00359546
0.00437016
0.00517953
0.00596791
0.00665802
0.00716176
0.00742082
0.00746876
0.00730495
0.000166221
0.000130175
0.000191757
0.000297322
0.00045899
0.000679744
0.000964985
0.00132132
0.00175554
0.00227354
0.00287839
0.00356707
0.00432457
0.00512226
0.00590477
0.00659321
0.00709279
0.00733838
0.00737278
0.0071927
0.000104432
5.74454e-05
0.000117753
0.00021861
0.000373177
0.000584421
0.000858269
0.00120226
0.00162474
0.00213422
0.00273745
0.00343616
0.00422318
0.00507125
0.0059223
0.0066825
0.00722704
0.00745808
0.00742888
0.00716874
-3.60433e-05
-9.0406e-05
-3.37998e-05
5.88482e-05
0.000201716
0.000397903
0.000654059
0.000979019
0.00138338
0.00187938
0.00247971
0.00319389
0.00402167
0.00494536
0.00590537
0.00678645
0.00741322
0.00762182
0.00747727
0.00707965
-0.000268305
-0.000328565
-0.000279039
-0.000198895
-7.31116e-05
0.000101586
0.000332563
0.000630023
0.00100707
0.00148026
0.00206943
0.00279464
0.00366764
0.0046873
0.00579695
0.00685801
0.00761832
0.00779725
0.00747579
0.00684969
-0.000590648
-0.000656249
-0.000616981
-0.000553853
-0.000451406
-0.000306464
-0.000111432
0.000144647
0.000476606
0.000904477
0.00145453
0.00215928
0.00305141
0.00414019
0.00539782
0.00668559
0.00765042
0.00780963
0.00729205
0.00628691
-0.00099737
-0.00106844
-0.00104251
-0.00100134
-0.000929631
-0.000824949
-0.000680612
-0.000486668
-0.000229031
0.000112205
0.000564685
0.00116556
0.00195772
0.00297879
0.00425543
0.00572168
0.00698385
0.00729989
0.00673514
0.00528846
-0.00148052
-0.00155759
-0.00154789
-0.00153372
-0.00150074
-0.00144832
-0.00137248
-0.00126719
-0.00112403
-0.000931091
-0.000672597
-0.000332362
0.000104467
0.000677507
0.00152109
0.0028043
0.0044409
0.0055648
0.00555766
0.00421039
-0.00202994
-0.00211358
-0.00212222
-0.00213918
-0.00215203
-0.00216335
-0.00217425
-0.00218649
-0.00220406
-0.00223563
-0.00230169
-0.00245593
-0.002802
-0.00336202
-0.00377357
-0.00338925
-0.001615
0.0012299
0.00327631
0.00380826
-0.00263358
-0.00272403
-0.00275119
-0.00280094
-0.00286347
-0.00294621
-0.00305758
-0.00321114
-0.00343066
-0.00375955
-0.00428089
-0.00516345
-0.00670491
-0.00903402
-0.0116783
-0.0128039
-0.0112367
-0.00650992
-0.00120355
0.00283178
-0.00327851
-0.00337577
-0.00341874
-0.00349872
-0.00360896
-0.00376296
-0.00397781
-0.00428103
-0.00471993
-0.00537943
-0.0064153
-0.00811265
-0.0109234
-0.0149716
-0.0196031
-0.022481
-0.0218612
-0.0163075
-0.00861476
-0.00140156
-0.00395119
-0.00405353
-0.00410368
-0.00420447
-0.0043521
-0.00456626
-0.00487149
-0.00530688
-0.00593828
-0.00688052
-0.0083368
-0.0106515
-0.014314
-0.0193568
-0.0250421
-0.028816
-0.0292405
-0.0242377
-0.0168106
-0.00803809
-0.00464501
-0.00475249
-0.00479757
-0.00490352
-0.00506824
-0.0053178
-0.00568175
-0.00620556
-0.00696304
-0.00807872
-0.00976642
-0.0123651
-0.0163156
-0.0215304
-0.0273847
-0.0311841
-0.0323242
-0.02811
-0.0221995
-0.0134128
-0.00534706
-0.00544663
-0.00545655
-0.00553858
-0.00569376
-0.00595052
-0.006337
-0.00689704
-0.0077021
-0.00886749
-0.0105891
-0.0131488
-0.0169089
-0.021635
-0.0270181
-0.030204
-0.0316957
-0.0278268
-0.0241143
-0.0154689
-0.00608595
-0.00619383
-0.0061449
-0.00618247
-0.00628754
-0.00650201
-0.00685367
-0.00738346
-0.00815344
-0.00925688
-0.0108569
-0.0131408
-0.0164282
-0.0204141
-0.0247401
-0.0272137
-0.0283583
-0.024509
-0.023032
-0.0134958
-0.00695868
-0.00685249
-0.00666016
-0.00655493
-0.00658288
-0.00675281
-0.00707286
-0.0075628
-0.00826807
-0.00925567
-0.0106411
-0.0125875
-0.0152712
-0.0184059
-0.0217661
-0.0233648
-0.024072
-0.0201639
-0.0202574
-0.00645815
-0.00737738
-0.00779307
-0.00742294
-0.00734292
-0.00722485
-0.00724088
-0.00739922
-0.00773175
-0.00827968
-0.00907996
-0.0102472
-0.011856
-0.0140538
-0.0165436
-0.0192504
-0.0204073
-0.0207876
-0.0167437
-0.0153955
0.00932288
-0.0108631
-0.00826261
-0.00749934
-0.00675194
-0.00654546
-0.00658833
-0.00682203
-0.00720177
-0.00775628
-0.00848876
-0.00954198
-0.010928
-0.0128055
-0.0148514
-0.0170008
-0.017635
-0.017101
-0.011642
-0.00387936
0.0390005
-0.00720973
-0.0102245
-0.00906084
-0.00897632
-0.00839015
-0.00802549
-0.00782897
-0.00782802
-0.00807731
-0.00855754
-0.00940958
-0.0106098
-0.0124274
-0.0144695
-0.0169774
-0.0176326
-0.0166402
-0.00457583
0.0177675
0.0936326
-0.0326713
-0.00737729
-0.00576829
-0.00492484
-0.00461823
-0.00470912
-0.00507919
-0.00552504
-0.00616431
-0.00689366
-0.00799608
-0.00927642
-0.0110422
-0.0125196
-0.0135141
-0.0103993
-0.000677853
0.0313645
0.0946097
0.224357
9.69186e-05
6.24969e-05
0.000113634
0.000213814
0.000372658
0.000592241
0.00087715
0.0012335
0.00166761
0.00218448
0.00278572
0.00346642
0.00421076
0.00498729
0.00574359
0.00640858
0.00690119
0.00716641
0.00723146
0.00708555
0.000135196
9.99202e-05
0.000160405
0.000264088
0.00042266
0.000638905
0.000917834
0.00126553
0.00168813
0.00219077
0.00277576
0.00343963
0.00416754
0.00493228
0.00568253
0.00634583
0.00683535
0.00708972
0.00714402
0.00697968
7.10213e-05
2.50176e-05
8.41301e-05
0.000183035
0.000334424
0.000541062
0.000808455
0.00114356
0.001554
0.00204733
0.00262939
0.00330109
0.00405467
0.00486486
0.00567813
0.006409
0.00694379
0.00719074
0.00719189
0.0069525
-7.21933e-05
-0.000125407
-7.01e-05
2.05014e-05
0.000160054
0.000351442
0.000600844
0.000916439
0.00130795
0.00178648
0.00236345
0.00304707
0.00383632
0.00471567
0.00563049
0.00647721
0.00709725
0.00733607
0.00723944
0.0068691
-0.000307029
-0.000366017
-0.000317878
-0.000239882
-0.000117586
5.20393e-05
0.00027583
0.000563247
0.000926389
0.00138048
0.00194367
0.00263484
0.00346655
0.00443253
0.00548893
0.00651191
0.00727463
0.00750757
0.00725806
0.00666633
-0.000631657
-0.000695881
-0.000658049
-0.000597134
-0.000498306
-0.000358653
-0.000171153
7.43635e-05
0.000391661
0.000799388
0.00132212
0.00199051
0.00283577
0.00387015
0.00507764
0.00633291
0.00732153
0.00757087
0.00713626
0.00617545
-0.00104037
-0.00110995
-0.00108543
-0.00104643
-0.000978305
-0.000878883
-0.000742016
-0.000558475
-0.000315071
7.12106e-06
0.000434869
0.00100487
0.00176187
0.0027484
0.00399983
0.00546718
0.00678362
0.00719935
0.00668822
0.00529083
-0.00152531
-0.00160076
-0.00159233
-0.00158011
-0.0015504
-0.00150277
-0.00143364
-0.00133743
-0.00120602
-0.00102734
-0.000783987
-0.000454269
-1.19623e-05
0.000596953
0.00149886
0.00289144
0.00456866
0.00570109
0.00564699
0.00428318
-0.00207656
-0.00215842
-0.00216806
-0.00218652
-0.00220197
-0.00221707
-0.00223308
-0.00225165
-0.00227602
-0.00231246
-0.00237513
-0.00250273
-0.00277261
-0.003196
-0.00343626
-0.0028517
-0.000961911
0.00177096
0.00353472
0.00381882
-0.00268244
-0.00277094
-0.0027987
-0.00284929
-0.00291345
-0.00299851
-0.00311267
-0.00326867
-0.00348807
-0.00380885
-0.00430187
-0.00511118
-0.00649722
-0.00857663
-0.0108874
-0.0117307
-0.00996344
-0.00539341
-0.000610384
0.00293877
-0.00333055
-0.00342569
-0.00346878
-0.00354882
-0.00365957
-0.00381426
-0.00402946
-0.00433124
-0.00476359
-0.005404
-0.00639301
-0.00798877
-0.0106125
-0.0143999
-0.018715
-0.0213012
-0.0203584
-0.0147773
-0.00756027
-0.000898383
-0.00400817
-0.00410824
-0.00415803
-0.00425813
-0.00440525
-0.0046188
-0.00492271
-0.00535455
-0.00597687
-0.00689762
-0.00830681
-0.0105273
-0.0140375
-0.0189065
-0.0244264
-0.0281461
-0.0283644
-0.0231255
-0.0157481
-0.0072371
-0.00470952
-0.0048145
-0.00485879
-0.0049634
-0.00512688
-0.00537518
-0.00573746
-0.00625809
-0.00700854
-0.0081086
-0.00976391
-0.0123001
-0.0161633
-0.0213274
-0.0272144
-0.0312821
-0.0324412
-0.0279719
-0.0217492
-0.0128502
-0.00542306
-0.00551992
-0.00552869
-0.00560882
-0.00576232
-0.00601775
-0.00640322
-0.00696224
-0.00776522
-0.00892513
-0.0106346
-0.0131713
-0.0169125
-0.0217041
-0.0272592
-0.030884
-0.0326486
-0.0285536
-0.0242843
-0.0153673
-0.00617711
-0.00628183
-0.00623184
-0.00626695
-0.00637019
-0.00658366
-0.00693566
-0.00746746
-0.00824113
-0.00934947
-0.0109547
-0.0132514
-0.0165591
-0.0206395
-0.0252087
-0.0280866
-0.0295726
-0.0254802
-0.0235681
-0.0137515
-0.00707492
-0.00696377
-0.00676913
-0.00665963
-0.00668516
-0.00685411
-0.00717547
-0.00766983
-0.0083833
-0.00938333
-0.010785
-0.0127577
-0.0154764
-0.0186956
-0.0222202
-0.0240959
-0.025065
-0.0209384
-0.0208268
-0.00685972
-0.00750931
-0.00791882
-0.00755211
-0.00746699
-0.00734671
-0.00736174
-0.00752224
-0.00786107
-0.00842003
-0.009236
-0.0104241
-0.0120617
-0.0142929
-0.0168424
-0.0196506
-0.0209326
-0.0214567
-0.0172116
-0.0157452
0.00879455
-0.0110517
-0.00843063
-0.00766068
-0.00690091
-0.00669091
-0.00673196
-0.00696752
-0.00735345
-0.00791888
-0.00866809
-0.00974146
-0.0111538
-0.0130598
-0.0151524
-0.0173701
-0.0180826
-0.0176242
-0.0119752
-0.00415379
0.0382596
-0.00735474
-0.0103583
-0.00920935
-0.00911781
-0.00853403
-0.00817106
-0.00797969
-0.00798746
-0.0082485
-0.00874633
-0.00961592
-0.01084
-0.0126782
-0.0147574
-0.0173083
-0.0180223
-0.0170813
-0.00499587
0.017317
0.0924536
-0.0328598
-0.00755452
-0.00595058
-0.00510563
-0.00479218
-0.0048775
-0.00524484
-0.00569487
-0.00634126
-0.00708533
-0.00820189
-0.00950483
-0.0112919
-0.0128116
-0.0138604
-0.01084
-0.00122717
0.0306319
0.0936756
0.222637
6.62979e-05
3.34139e-05
8.39238e-05
0.000182689
0.000338799
0.000554183
0.000833043
0.00118092
0.00160336
0.00210451
0.00268512
0.00333971
0.00405263
0.00479399
0.00551542
0.00615238
0.00663175
0.00690274
0.00698658
0.00686202
0.000101522
6.83009e-05
0.000127857
0.000230013
0.000385876
0.000598099
0.000871304
0.00121102
0.00162264
0.00211043
0.00267576
0.00331448
0.00401222
0.00474144
0.00545639
0.00609114
0.00656792
0.00683036
0.00690628
0.00676139
3.3633e-05
-9.78979e-06
4.82417e-05
0.000145561
0.000294197
0.000496785
0.0007584
0.00108537
0.00148447
0.00196217
0.00252307
0.00316697
0.00388494
0.00465362
0.00542397
0.00611953
0.00663972
0.00690123
0.00693587
0.00672375
-0.000113533
-0.000163773
-0.000109696
-2.07713e-05
0.000115911
0.000303089
0.000546449
0.000853439
0.00123277
0.00169415
0.00224725
0.00289869
0.00364672
0.00447379
0.00533341
0.00613429
0.0067382
0.00700526
0.00696276
0.00663304
-0.000351779
-0.000407503
-0.000360707
-0.00028449
-0.000165249
-1.35078e-07
0.00021712
0.000495124
0.000844756
0.00127952
0.00181529
0.00246834
0.00324916
0.00415098
0.00513647
0.00610048
0.00684886
0.00713576
0.00696898
0.00643899
-0.000679228
-0.00073995
-0.000703528
-0.000644473
-0.000548876
-0.000414037
-0.000233566
1.75708e-06
0.000304327
0.00069084
0.0011832
0.00180861
0.00259457
0.00355261
0.00467818
0.00586263
0.00684659
0.00719482
0.00686703
0.00600064
-0.00109027
-0.00115611
-0.00113299
-0.00109583
-0.00103096
-0.000936436
-0.000806734
-0.00063356
-0.000405051
-0.000104083
0.000293695
0.000821944
0.0015239
0.00244666
0.00361086
0.00500939
0.00633793
0.00689146
0.00648042
0.00521322
-0.00157723
-0.00164868
-0.00164152
-0.00163091
-0.00160419
-0.00156108
-0.00149855
-0.00141168
-0.00129324
-0.00113207
-0.000911167
-0.000606906
-0.000187719
0.000402759
0.00128285
0.00262547
0.0043575
0.00560517
0.00554722
0.00427095
-0.00213049
-0.00220803
-0.00221864
-0.00223825
-0.00225601
-0.00227466
-0.00229571
-0.00232102
-0.00235364
-0.00239858
-0.0024658
-0.00258162
-0.00280162
-0.00314052
-0.00332644
-0.00265698
-0.000634264
0.00213011
0.00362974
0.00374839
-0.0027388
-0.00282264
-0.00285092
-0.00290193
-0.00296734
-0.00305438
-0.00317116
-0.00332982
-0.00355015
-0.00386552
-0.00433574
-0.00508017
-0.00632304
-0.00818794
-0.0102557
-0.0109373
-0.00896465
-0.00438447
-0.000126938
0.00295795
-0.00339042
-0.0034805
-0.00352354
-0.00360309
-0.00371377
-0.00386859
-0.00408363
-0.00438359
-0.00480916
-0.00543029
-0.00637154
-0.00786085
-0.0102857
-0.0137995
-0.017821
-0.0202062
-0.0189132
-0.0130851
-0.00643522
-0.000365793
-0.00407372
-0.00416836
-0.00421754
-0.00431621
-0.00446195
-0.00467396
-0.0049755
-0.00540253
-0.00601383
-0.0069093
-0.00826326
-0.0103725
-0.0136872
-0.0183184
-0.0236092
-0.0272364
-0.0270923
-0.0214119
-0.014267
-0.00616938
-0.00478405
-0.00488302
-0.00492613
-0.0050284
-0.00518947
-0.00543521
-0.00579428
-0.00630976
-0.00705005
-0.0081283
-0.00973826
-0.0121846
-0.0159043
-0.0209304
-0.0267343
-0.0309904
-0.0321113
-0.0273159
-0.0208796
-0.0118947
-0.00551237
-0.00560267
-0.00560991
-0.00568689
-0.00583715
-0.0060895
-0.00647202
-0.00702776
-0.00782541
-0.0089736
-0.0106577
-0.0131442
-0.0168166
-0.0216046
-0.0272505
-0.0313946
-0.0333805
-0.0290991
-0.0243492
-0.0149487
-0.00628712
-0.00638421
-0.00633286
-0.00636367
-0.00646308
-0.00667349
-0.00702377
-0.00755562
-0.0083307
-0.00943982
-0.0110405
-0.0133316
-0.0166291
-0.0207776
-0.0255854
-0.028957
-0.0309663
-0.0266256
-0.0243718
-0.0137887
-0.0072206
-0.00709909
-0.00690215
-0.00678619
-0.00680684
-0.00697221
-0.00729259
-0.00778973
-0.0085106
-0.00952381
-0.0109311
-0.0129238
-0.0156602
-0.0189539
-0.0226567
-0.024907
-0.0262835
-0.0220052
-0.0218841
-0.00706838
-0.00769413
-0.00808696
-0.00772383
-0.00762788
-0.00750112
-0.00751137
-0.00767149
-0.00801552
-0.00858661
-0.00941724
-0.0106277
-0.0122898
-0.0145419
-0.0171382
-0.0200499
-0.0215182
-0.0222931
-0.017901
-0.0166777
0.0083247
-0.0113073
-0.00865734
-0.00788765
-0.00711163
-0.0068943
-0.00692796
-0.00716094
-0.00755043
-0.00812755
-0.00889531
-0.00999272
-0.0114309
-0.0133587
-0.0154819
-0.0177637
-0.018574
-0.0182869
-0.0124504
-0.00491408
0.0374066
-0.00763788
-0.0105986
-0.00945943
-0.00934691
-0.00875715
-0.00838775
-0.00819562
-0.00820952
-0.00848368
-0.00900274
-0.00989548
-0.0111424
-0.012992
-0.0150808
-0.0176403
-0.0184013
-0.0175454
-0.00537788
0.0166071
0.0909687
-0.0331684
-0.00786392
-0.00626715
-0.00540946
-0.00507604
-0.0051436
-0.00550098
-0.00595093
-0.00660579
-0.00736635
-0.00850299
-0.00982477
-0.0116267
-0.0131574
-0.0142352
-0.0112607
-0.00182146
0.0298275
0.0922435
0.22008
3.81063e-05
9.34122e-06
6.00733e-05
0.00015825
0.000312362
0.000524402
0.000798298
0.00113906
0.00155152
0.00203891
0.00260105
0.00323171
0.0039152
0.00462294
0.00531005
0.00591863
0.00638388
0.00666021
0.0067637
0.00666426
6.7098e-05
3.86008e-05
9.75265e-05
0.000198737
0.000352599
0.000561787
0.000830617
0.00116411
0.00156696
0.00204253
0.00259117
0.0032078
0.0038781
0.00457411
0.00525492
0.00586079
0.0063235
0.00659301
0.00669097
0.00656978
-6.36038e-06
-4.395e-05
1.3191e-05
0.000109489
0.000256115
0.000455733
0.000713063
0.00103386
0.00142407
0.00188904
0.00243197
0.00305126
0.00373667
0.00446503
0.00519209
0.00584974
0.00635145
0.00662504
0.00669476
0.00651679
-0.000158891
-0.00020251
-0.000149552
-6.17473e-05
7.28261e-05
0.000256926
0.00049582
0.000796281
0.00116602
0.0016133
0.00214579
0.00276792
0.00347609
0.00425098
0.0050511
0.00579742
0.00637413
0.00666358
0.00668203
0.00640619
-0.000401292
-0.000449827
-0.000404297
-0.000329307
-0.000212376
-5.0664e-05
0.000161598
0.000432211
0.000770829
0.00118911
0.00170027
0.00231712
0.00304645
0.00387912
0.0047796
0.00566332
0.00637072
0.00670169
0.00663853
0.00619722
-0.000731853
-0.000784936
-0.000749865
-0.00069214
-0.000599088
-0.000468058
-0.000293239
-6.63363e-05
0.000223621
0.00059112
0.00105471
0.00163664
0.00235916
0.0032331
0.00423828
0.00530111
0.00622397
0.00666454
0.00649732
0.00577478
-0.00114526
-0.00120304
-0.00118128
-0.00114546
-0.00108326
-0.000992797
-0.000869161
-0.000705018
-0.000489993
-0.00020927
0.000157845
0.000639411
0.00127093
0.00208715
0.0030968
0.00434729
0.00560244
0.00631807
0.00610867
0.00503774
-0.00163413
-0.00169706
-0.00169113
-0.00168169
-0.00165746
-0.00161825
-0.00156156
-0.00148329
-0.00137732
-0.00123422
-0.00103941
-0.000771781
-0.00040251
0.000117256
0.000899989
0.00205824
0.00366128
0.00503033
0.0051643
0.00408349
-0.00218916
-0.00225765
-0.00226918
-0.00228949
-0.00230915
-0.0023309
-0.00235661
-0.00238849
-0.00242974
-0.00248512
-0.00256268
-0.00268064
-0.00287614
-0.00316674
-0.00338157
-0.00289249
-0.00109285
0.00172347
0.00328115
0.00340536
-0.00279958
-0.00287374
-0.00290246
-0.00295341
-0.00301965
-0.00310833
-0.00322757
-0.0033891
-0.00361116
-0.00392315
-0.00437514
-0.00506111
-0.00615616
-0.00779365
-0.00975285
-0.0106433
-0.00878463
-0.00399853
-0.000122468
0.0025246
-0.00345431
-0.00353395
-0.00357674
-0.00365521
-0.00376531
-0.00391986
-0.00413456
-0.00443278
-0.00485168
-0.00545282
-0.00634239
-0.00770776
-0.00987442
-0.0130284
-0.0167747
-0.0191947
-0.0176357
-0.0114567
-0.00545748
-0.000173122
-0.004143
-0.00422643
-0.00427473
-0.0043712
-0.00451479
-0.00472455
-0.00502317
-0.00544477
-0.00604354
-0.00690844
-0.0081915
-0.0101466
-0.0131596
-0.0173756
-0.0222843
-0.0257075
-0.0251537
-0.0189218
-0.0121564
-0.00482976
-0.00486238
-0.00494872
-0.00499015
-0.00508901
-0.00524649
-0.00548861
-0.00584341
-0.00635236
-0.00707966
-0.00812751
-0.00966993
-0.0119745
-0.015414
-0.0200679
-0.0254886
-0.0296055
-0.0305186
-0.0251812
-0.0186347
-0.00997339
-0.00560755
-0.0056839
-0.00568925
-0.0057617
-0.00590688
-0.00615438
-0.00653199
-0.00708252
-0.0078715
-0.00899914
-0.0106365
-0.0130248
-0.0164972
-0.0210579
-0.0265032
-0.0308993
-0.0330036
-0.0283533
-0.0228641
-0.0133298
-0.00640732
-0.00648722
-0.006434
-0.00645812
-0.00655129
-0.00675644
-0.00710276
-0.00763301
-0.00840678
-0.0095098
-0.0110881
-0.0133498
-0.0165425
-0.0206215
-0.0254826
-0.0292612
-0.0317169
-0.0269188
-0.0236517
-0.0128394
-0.00738876
-0.00724624
-0.00704707
-0.00692211
-0.00693399
-0.0070919
-0.00740807
-0.00790623
-0.00863272
-0.00964443
-0.0110788
-0.0130664
-0.0157688
-0.0190674
-0.0228779
-0.0254741
-0.0271817
-0.022484
-0.0214814
-0.00679566
-0.00794254
-0.0082942
-0.00793037
-0.00781365
-0.00767371
-0.00767373
-0.00783001
-0.00817833
-0.00876636
-0.00960329
-0.0108467
-0.0125278
-0.0147803
-0.0173815
-0.0203513
-0.0219836
-0.0229058
-0.0180601
-0.0160066
0.00780938
-0.0116282
-0.00894319
-0.00818892
-0.0073963
-0.00716153
-0.00717632
-0.00739767
-0.00778475
-0.00837108
-0.00916493
-0.0102909
-0.0117554
-0.0136974
-0.0158248
-0.0181205
-0.0189857
-0.0186846
-0.0123234
-0.00419391
0.0360163
-0.00822953
-0.0110281
-0.0098727
-0.00969887
-0.00907956
-0.00868532
-0.00847903
-0.00849465
-0.00878293
-0.00932767
-0.0102524
-0.0115223
-0.013372
-0.0154249
-0.0178975
-0.0185375
-0.0174478
-0.00511512
0.0169071
0.0881945
-0.033746
-0.00846247
-0.00686585
-0.00594367
-0.00554724
-0.00556967
-0.00590066
-0.00633978
-0.00699885
-0.00777805
-0.00893653
-0.010277
-0.0120691
-0.0135726
-0.0145992
-0.0116512
-0.0022658
0.0289791
0.0906494
0.214604
1.4734e-05
-7.20879e-06
4.44182e-05
0.000142664
0.000295515
0.000505224
0.000775547
0.00111105
0.00151588
0.00199247
0.00253972
0.00315061
0.00380918
0.00448755
0.00514444
0.00572707
0.00617872
0.00645972
0.0065823
0.00651199
3.3145e-05
1.26241e-05
7.0947e-05
0.00017163
0.000324172
0.0005314
0.00079739
0.00112673
0.00152352
0.00199029
0.00252643
0.00312587
0.0037739
0.00444291
0.00509315
0.0056727
0.00612153
0.00639666
0.00651527
0.00642299
-4.78203e-05
-7.54848e-05
-1.93397e-05
7.63309e-05
0.000221651
0.000419445
0.000674143
0.000990994
0.00137522
0.0018311
0.00236046
0.00296017
0.00361857
0.00431188
0.00499878
0.00561959
0.00610055
0.00638261
0.00648592
0.00635054
-0.000207006
-0.000239429
-0.000187787
-0.000100724
3.24546e-05
0.000214653
0.000450786
0.000747023
0.00111017
0.0015471
0.0020635
0.00266128
0.00333443
0.00406251
0.00480315
0.00549118
0.00603104
0.00633236
0.00641302
0.00620739
-0.000454131
-0.000490627
-0.000446598
-0.00037247
-0.000257156
-9.7709e-05
0.0001112
0.000376638
0.000707115
0.00111249
0.00160319
0.00218802
0.00286952
0.00363513
0.00444217
0.00523223
0.00587059
0.00621763
0.00627393
0.00595754
-0.000787949
-0.00082839
-0.000794931
-0.000738201
-0.000647068
-0.000518837
-0.000348237
-0.000127851
0.000151903
0.000503238
0.000941049
0.00148193
0.00214026
0.00291976
0.00379987
0.00469075
0.0054761
0.005933
0.00599593
0.00550349
-0.00120367
-0.00124832
-0.0012282
-0.00119345
-0.00113339
-0.00104618
-0.000927534
-0.000771085
-0.000568011
-0.000306043
3.12699e-05
0.000465049
0.00101996
0.00171823
0.00256567
0.00353291
0.00451918
0.00526487
0.00547208
0.00476629
-0.00169427
-0.00174358
-0.0017392
-0.0017307
-0.00170859
-0.00167273
-0.00162129
-0.00155107
-0.00145733
-0.00133285
-0.00116675
-0.000943464
-0.000642093
-0.000234495
0.000330579
0.0011685
0.00241397
0.00386645
0.00454393
0.00378242
-0.00225072
-0.0023051
-0.00231789
-0.00233874
-0.00236004
-0.00238464
-0.00241496
-0.00245378
-0.00250489
-0.0025734
-0.00266686
-0.00279836
-0.00298868
-0.00324436
-0.00346627
-0.00318786
-0.00161328
0.00120616
0.00287885
0.00293851
-0.00286269
-0.00292224
-0.00295173
-0.00300247
-0.00306937
-0.00315965
-0.00328174
-0.00344729
-0.00367348
-0.00398611
-0.0044255
-0.00505808
-0.00598846
-0.00728283
-0.00874481
-0.00951057
-0.00786919
-0.00370983
-0.00022936
0.00198191
-0.00351993
-0.00358414
-0.00362694
-0.00370413
-0.00381341
-0.0039677
-0.00418261
-0.00448051
-0.00489523
-0.00547901
-0.0063153
-0.00753703
-0.00934092
-0.011832
-0.0147161
-0.0167252
-0.015659
-0.0103476
-0.00486597
-3.04812e-05
-0.00421342
-0.0042805
-0.00432817
-0.00442218
-0.00456308
-0.00477032
-0.00506619
-0.00548317
-0.00607055
-0.00690341
-0.00810073
-0.00983874
-0.0123646
-0.0157487
-0.0195952
-0.0225095
-0.0222152
-0.0161527
-0.00989726
-0.00317444
-0.00494118
-0.00500912
-0.00504887
-0.00514374
-0.00529673
-0.00553453
-0.00588453
-0.00638661
-0.0071001
-0.00811211
-0.0095578
-0.0116286
-0.0145713
-0.0183923
-0.0227585
-0.026347
-0.027222
-0.0216434
-0.0156369
-0.00717208
-0.00570388
-0.00576039
-0.00576432
-0.00583151
-0.00596994
-0.00621094
-0.00658152
-0.00712539
-0.00790263
-0.00900267
-0.0105487
-0.0127545
-0.0158122
-0.0196939
-0.0243981
-0.0285606
-0.0310272
-0.0265986
-0.0212416
-0.0109039
-0.00652986
-0.00658435
-0.00653036
-0.00654653
-0.00663139
-0.00682926
-0.00716826
-0.00769482
-0.00845973
-0.00955131
-0.011086
-0.0132214
-0.0161401
-0.0198242
-0.0242863
-0.0283082
-0.0315693
-0.0271308
-0.0238889
-0.0115662
-0.00756794
-0.0073951
-0.00719628
-0.00706208
-0.00706144
-0.00720769
-0.00751564
-0.00801323
-0.00872855
-0.0097553
-0.0111806
-0.0131048
-0.0156696
-0.0187798
-0.022456
-0.0253833
-0.0280341
-0.0235256
-0.0232488
-0.00647835
-0.00825249
-0.00854518
-0.00817192
-0.00802644
-0.00786631
-0.0078493
-0.00799629
-0.00834453
-0.00892282
-0.00979961
-0.0110516
-0.0127221
-0.0149152
-0.0174206
-0.0203362
-0.0221986
-0.0239494
-0.0191843
-0.0191327
0.00767472
-0.0119548
-0.00925144
-0.00855651
-0.00776724
-0.0075005
-0.00748014
-0.00767758
-0.00805159
-0.00864192
-0.00946061
-0.0106147
-0.0120921
-0.0140243
-0.01609
-0.0183878
-0.0193702
-0.0198023
-0.0134677
-0.00774279
0.0349749
-0.00929593
-0.0118392
-0.0105875
-0.0103053
-0.00960734
-0.00914335
-0.00889765
-0.00888643
-0.00917756
-0.00973736
-0.0107003
-0.0119772
-0.0138213
-0.0157671
-0.018148
-0.0187486
-0.0178499
-0.00581987
0.0139491
0.0854224
-0.034485
-0.00934607
-0.00776859
-0.00671042
-0.00619246
-0.00614919
-0.00645112
-0.00687207
-0.00754255
-0.00833776
-0.00953664
-0.01087
-0.0126504
-0.0140236
-0.0149703
-0.0119872
-0.00332097
0.026855
0.0849762
0.207286
7.39706e-06
-6.47766e-07
5.37644e-05
0.000153675
0.000306805
0.000516206
0.000785836
0.0011201
0.00152283
0.00199596
0.00253784
0.00314079
0.00378839
0.00445289
0.00509411
0.00566257
0.00610598
0.00638949
0.00652251
0.00647709
1.14412e-05
4.56577e-06
6.28331e-05
0.000163664
0.000315854
0.000522782
0.000788653
0.00111802
0.0015149
0.00198158
0.002517
0.00311442
0.00375842
0.00442139
0.00506312
0.00563335
0.00607802
0.0063571
0.00648339
0.00641254
-7.55703e-05
-8.6611e-05
-3.08136e-05
6.48465e-05
0.000209689
0.00040716
0.000661849
0.00097902
0.00136384
0.00182033
0.00234976
0.00294814
0.00360284
0.00428912
0.00496558
0.00557465
0.00604963
0.00633693
0.00645185
0.00634469
-0.000239118
-0.00025326
-0.000202203
-0.00011531
1.7202e-05
0.000198903
0.000434893
0.00073139
0.00109518
0.00153292
0.0020496
0.00264602
0.00331468
0.00403399
0.0047619
0.00543109
0.00596168
0.00626938
0.00636946
0.00620209
-0.00048818
-0.000505434
-0.000462026
-0.000388157
-0.000273741
-0.000115152
9.31312e-05
0.000358232
0.000688656
0.00109403
0.00158411
0.00216624
0.00284085
0.00359418
0.00438813
0.00515093
0.0057647
0.00611556
0.00620468
0.0059517
-0.000822345
-0.000842964
-0.000810043
-0.00075363
-0.00066366
-0.00053678
-0.000367547
-0.000148498
0.000129966
0.000479859
0.000915449
0.00145183
0.00210059
0.00286164
0.0037093
0.00457161
0.00531475
0.00574797
0.00585858
0.00548527
-0.0012375
-0.00126189
-0.00124213
-0.00120769
-0.00114902
-0.00106365
-0.000947164
-0.000793186
-0.000592858
-0.000333919
-1.47432e-07
0.000428766
0.000975553
0.00165817
0.00247676
0.00339191
0.00428439
0.00491248
0.00515434
0.00469277
-0.00172691
-0.00175549
-0.00175117
-0.00174284
-0.00172216
-0.00168849
-0.00163988
-0.00157312
-0.0014833
-0.00136281
-0.00119989
-0.000977125
-0.000669915
-0.000246205
0.000329844
0.00109168
0.00205082
0.00305836
0.00381154
0.00349517
-0.00228175
-0.00231471
-0.00232709
-0.00234773
-0.00237031
-0.00239715
-0.00243063
-0.00247346
-0.00252892
-0.00260064
-0.00269238
-0.0028077
-0.00294661
-0.00308956
-0.00316474
-0.0029603
-0.00207863
-0.000403157
0.00145248
0.00192618
-0.00289183
-0.00292891
-0.00295736
-0.00300736
-0.00307506
-0.00316731
-0.00329247
-0.00346197
-0.00369188
-0.00400453
-0.00443145
-0.00501675
-0.00581176
-0.00682789
-0.00793769
-0.00866253
-0.00799354
-0.00522207
-0.00180339
-5.8142e-05
-0.00354666
-0.00358713
-0.00362812
-0.0037039
-0.00381324
-0.00396899
-0.00418654
-0.00448782
-0.00490488
-0.00548346
-0.00629096
-0.00742414
-0.00898956
-0.0110009
-0.0131963
-0.0146551
-0.0137516
-0.00943761
-0.00483052
-0.00207492
-0.00423819
-0.00427969
-0.00432504
-0.00441711
-0.00455718
-0.00476526
-0.00506315
-0.00548275
-0.0060723
-0.006897
-0.00804999
-0.00968075
-0.0118752
-0.014651
-0.0173582
-0.0188124
-0.0173253
-0.0117687
-0.00713822
-0.00327926
-0.00496534
-0.00500324
-0.0050396
-0.00513148
-0.00528303
-0.00552192
-0.005874
-0.00637669
-0.00709495
-0.00810152
-0.0095131
-0.0114798
-0.0140791
-0.0171582
-0.0200145
-0.0214681
-0.0201893
-0.015157
-0.0102133
-0.0043188
-0.00573478
-0.00575562
-0.00575803
-0.00582206
-0.00595781
-0.00619964
-0.00656611
-0.00711654
-0.0079013
-0.00900345
-0.010541
-0.0126544
-0.0154112
-0.0186112
-0.0216765
-0.0237894
-0.0244015
-0.0201487
-0.0143944
-0.00555263
-0.00657412
-0.00657249
-0.00651576
-0.00652526
-0.00660863
-0.00681276
-0.00714276
-0.00768483
-0.00846864
-0.00957555
-0.0111156
-0.0132031
-0.0159083
-0.0190571
-0.0223047
-0.0248915
-0.0267529
-0.022483
-0.0169683
-0.00533936
-0.00767166
-0.00743651
-0.00722847
-0.00708454
-0.00707222
-0.00721222
-0.00751491
-0.00802016
-0.0087647
-0.00981369
-0.01126
-0.0131811
-0.0156376
-0.018445
-0.021405
-0.0234469
-0.0252196
-0.0205169
-0.0162611
-0.000930561
-0.00852769
-0.00860101
-0.00822599
-0.00803059
-0.00786102
-0.00783987
-0.00799161
-0.0083538
-0.00896976
-0.00988265
-0.0111707
-0.0128673
-0.0150232
-0.0173719
-0.01987
-0.0211299
-0.0223709
-0.0162827
-0.0119197
0.0106659
-0.0124122
-0.00954318
-0.00881353
-0.00799602
-0.00765299
-0.00757344
-0.0077386
-0.00810971
-0.00871899
-0.00957691
-0.0107705
-0.0122779
-0.0141783
-0.0160928
-0.018044
-0.0185809
-0.0186471
-0.0103746
-0.00276911
0.0339567
-0.0119011
-0.0127605
-0.0111607
-0.0105273
-0.00966641
-0.00910595
-0.00882559
-0.00882713
-0.00915732
-0.00978448
-0.0108118
-0.0121464
-0.013953
-0.0157291
-0.017639
-0.0174603
-0.0160943
-0.00320537
0.0138122
0.0771563
-0.0366909
-0.0112106
-0.00939088
-0.00777386
-0.00689377
-0.00667977
-0.00687135
-0.00724464
-0.00788677
-0.00870382
-0.00991489
-0.0112518
-0.0129846
-0.0141671
-0.0149009
-0.0114414
-0.00305154
0.0246495
0.0711761
0.1769
)
;

boundaryField
{
    movingWall
    {
        type            zeroGradient;
    }
    fixedWalls
    {
        type            zeroGradient;
    }
}


// ************************************************************************* //
