/*--------------------------------*- C++ -*----------------------------------*\
  =========                 |
  \\      /  F ield         | OpenFOAM: The Open Source CFD Toolbox
   \\    /   O peration     | Website:  https://openfoam.org
    \\  /    A nd           | Version:  10
     \\/     M anipulation  |
\*---------------------------------------------------------------------------*/
FoamFile
{
    format      ascii;
    class       volScalarField;
    location    "3";
    object      p;
}
// * * * * * * * * * * * * * * * * * * * * * * * * * * * * * * * * * * * * * //

dimensions      [0 2 -2 0 0 0 0];

internalField   nonuniform List<scalar> 
8000
(
2.21823e-06
-1.12555e-05
2.19006e-05
8.38072e-05
0.000179063
0.000307679
0.000468724
0.000660538
0.000880429
0.00112445
0.00138739
0.00166235
0.00194083
0.00221289
0.00246738
0.00269255
0.00287671
0.0030095
0.00308958
0.00308727
1.72817e-05
1.41177e-06
3.40701e-05
9.39902e-05
0.000186502
0.000311857
0.000469365
0.000657614
0.000874161
0.00111534
0.001376
0.00164932
0.00192726
0.00219972
0.00245542
0.00268237
0.00286856
0.00300333
0.00308596
0.00308305
-2.11694e-05
-4.02142e-05
-8.62756e-06
5.01009e-05
0.000141808
0.000266909
0.000424984
0.000614948
0.000834691
0.00108084
0.00134853
0.00163143
0.00192087
0.00220655
0.00247659
0.00271799
0.00291738
0.00306249
0.0031521
0.00314803
-9.55543e-05
-0.000117386
-8.68976e-05
-2.93626e-05
6.17827e-05
0.000187299
0.000347221
0.000540981
0.000766998
0.00102239
0.00130268
0.00160159
0.00191089
0.00221955
0.0025145
0.00278104
0.00300359
0.00316713
0.00326928
0.00326586
-0.000211379
-0.000236467
-0.000207222
-0.00015087
-5.99225e-05
6.68619e-05
0.000230145
0.000430062
0.00066577
0.000935099
0.00123417
0.00155707
0.00189564
0.00223828
0.00257055
0.00287534
0.0031336
0.00332601
0.00344798
0.00344678
-0.000370804
-0.000399972
-0.000372322
-0.000317498
-0.000226844
-9.85012e-05
6.90079e-05
0.000276749
0.000524868
0.000812185
0.00113572
0.00149018
0.0018681
0.00225708
0.00264111
0.00300004
0.00331002
0.00354522
0.00369713
0.00370058
-0.000576385
-0.000610697
-0.000585278
-0.000532816
-0.000443204
-0.000313816
-0.000142146
7.40621e-05
0.000336257
0.000644616
0.00099744
0.00139045
0.00181801
0.00226678
0.00271938
0.00315214
0.00353492
0.00383229
0.00402885
0.00404135
-0.000831403
-0.000872177
-0.000849966
-0.000801281
-0.000714252
-0.000585322
-0.000410736
-0.000186756
8.97321e-05
0.000420716
0.000806225
0.00124238
0.00173071
0.00225345
0.00279384
0.00332485
0.00380862
0.00419603
0.00445935
0.00448887
-0.00113988
-0.00118869
-0.00117101
-0.00112816
-0.00104616
-0.000920364
-0.000745538
-0.000516173
-0.000227102
0.00012611
0.000546792
0.00103746
0.00158708
0.00219623
0.00284538
0.0035043
0.0041266
0.00464513
0.00500963
0.0050744
-0.00150677
-0.00156545
-0.0015539
-0.00151957
-0.00144598
-0.00132728
-0.00115653
-0.000926206
-0.000628824
-0.000257258
0.000194816
0.000731932
0.00135532
0.00206349
0.00284285
0.00366418
0.0044739
0.00518454
0.00570465
0.00584378
-0.00193843
-0.00200891
-0.00200517
-0.00198252
-0.0019216
-0.00181523
-0.00165455
-0.00142988
-0.00113126
-0.000748607
-0.000271763
0.000309013
0.0010006
0.00181157
0.00273767
0.00375707
0.00481475
0.00580583
0.00657007
0.00686726
-0.00244355
-0.00252749
-0.00253278
-0.00252506
-0.00248166
-0.00239387
-0.00225076
-0.00204041
-0.00175054
-0.00136838
-0.000880085
-0.000270133
0.000479156
0.00138104
0.00245615
0.00370081
0.00507352
0.00646785
0.00762131
0.00825611
-0.00303523
-0.0031326
-0.00314671
-0.00315648
-0.00313543
-0.003073
-0.00295588
-0.00276994
-0.00250109
-0.00213482
-0.00165506
-0.00104225
-0.00027182
0.000688332
0.00188925
0.00335918
0.00510267
0.00705544
0.00880743
0.0101982
-0.00373792
-0.00384263
-0.00386063
-0.00388805
-0.00389306
-0.00386218
-0.0037792
-0.00362781
-0.0033928
-0.00305963
-0.00261254
-0.0020302
-0.00128071
-0.000313624
0.000932962
0.0025459
0.0046465
0.00729481
0.00994559
0.0129586
-0.00457653
-0.00468382
-0.00469587
-0.00473698
-0.00476723
-0.00477008
-0.00472641
-0.00461733
-0.00442697
-0.00414316
-0.00375647
-0.00325314
-0.00261238
-0.00178689
-0.000691649
0.000839572
0.00311913
0.00659563
0.0104773
0.016518
-0.00571772
-0.00564889
-0.00561026
-0.0056343
-0.00569974
-0.0057609
-0.0057801
-0.00572819
-0.00558971
-0.00536056
-0.00504481
-0.00464594
-0.00416388
-0.00356896
-0.00277105
-0.00150724
0.000501727
0.00418898
0.00871988
0.0197768
-0.0068885
-0.00712796
-0.00700313
-0.00707152
-0.00710648
-0.00712666
-0.00711259
-0.007044
-0.00691127
-0.00671319
-0.0064689
-0.00620624
-0.00597826
-0.00583095
-0.00579755
-0.00574019
-0.00587983
-0.00204055
0.00264894
0.0220128
-0.0106007
-0.00798454
-0.00774627
-0.00750311
-0.00759878
-0.00777321
-0.00794023
-0.00802633
-0.0080096
-0.00788669
-0.00770911
-0.00752166
-0.00745634
-0.00761251
-0.0082422
-0.0090541
-0.0113905
-0.00806371
-0.00351319
0.0271794
-0.0108122
-0.0118355
-0.0108907
-0.010902
-0.0106316
-0.0104242
-0.0102193
-0.00998605
-0.00972645
-0.00941755
-0.00912752
-0.0089014
-0.00891742
-0.00938118
-0.0107869
-0.0126638
-0.0178854
-0.014219
-0.00887569
0.0476064
-0.0343083
-0.00949875
-0.0087368
-0.00811911
-0.00802247
-0.00833593
-0.00872719
-0.00896611
-0.00909284
-0.00902565
-0.00896588
-0.00880521
-0.00894799
-0.00911701
-0.00995574
-0.00961521
-0.00845271
0.00726558
0.0403371
0.137978
7.09425e-06
-1.64891e-05
1.53378e-05
7.66309e-05
0.000172199
0.000301611
0.000463766
0.000656993
0.000878559
0.0011246
0.0013897
0.00166697
0.00194795
0.00222258
0.00247957
0.00270694
0.0028926
0.00302537
0.0031043
0.00309113
3.01873e-05
5.3161e-06
3.71597e-05
9.60448e-05
0.000188072
0.000313182
0.000470563
0.000658811
0.000875501
0.00111699
0.00137818
0.00165225
0.00193108
0.00220458
0.00246137
0.00268933
0.00287604
0.00301018
0.00309177
0.00307724
-6.12095e-06
-3.48773e-05
-4.03566e-06
5.3557e-05
0.000144648
0.000269344
0.00042712
0.00061691
0.000836641
0.00108297
0.00135105
0.00163458
0.00192486
0.0022116
0.00248279
0.00272527
0.00292523
0.00306965
0.0031581
0.00314086
-7.81228e-05
-0.000110319
-8.055e-05
-2.42386e-05
6.61781e-05
0.000191153
0.000350625
0.000544054
0.000769904
0.00102534
0.00130591
0.00160544
0.00191555
0.00222527
0.00252143
0.00278917
0.00301237
0.00317512
0.00327594
0.00325771
-0.000191764
-0.000227983
-0.000199431
-0.000144357
-5.4184e-05
7.20136e-05
0.000234803
0.000434356
0.000669879
0.000939261
0.00123868
0.00156228
0.0019018
0.00224569
0.00257944
0.0028857
0.00314485
0.00333643
0.00345681
0.00343859
-0.000348722
-0.000389974
-0.000362974
-0.000309468
-0.000219609
-9.18633e-05
7.51551e-05
0.000282554
0.00053054
0.000818005
0.00114205
0.00149751
0.0018766
0.0022672
0.00265319
0.00301414
0.00332549
0.00355992
0.00370995
0.00369328
-0.000551231
-0.000598799
-0.000573968
-0.000522871
-0.000434081
-0.000305302
-0.000134117
8.17879e-05
0.000343934
0.000652595
0.00100622
0.00140081
0.0018298
0.00228077
0.00273617
0.00317195
0.00355701
0.00385399
0.0040484
0.00403654
-0.000802348
-0.00085781
-0.000836103
-0.000788857
-0.000702702
-0.000574427
-0.000400341
-0.000176635
9.98956e-05
0.000431368
0.000818146
0.00125797
0.0017469
0.00227274
0.00281736
0.00335317
0.00384101
0.00422913
0.00449033
0.00449135
-0.00110582
-0.00117107
-0.00115379
-0.00111251
-0.0010315
-0.000906469
-0.000732217
-0.000503137
-0.000213964
0.000139805
0.000561281
0.00105113
0.00160766
0.00222243
0.00287833
0.00354522
0.00417509
0.00469697
0.00505985
0.00509094
-0.00146622
-0.00154345
-0.00153222
-0.00149968
-0.00142734
-0.00130966
-0.00113967
-0.000909718
-0.000612183
-0.000239773
0.000213809
0.00075182
0.00138292
0.00209898
0.00288884
0.00372352
0.00454746
0.00526759
0.00578805
0.00589018
-0.00188927
-0.00198095
-0.00197746
-0.00195705
-0.00189788
-0.00179303
-0.00163353
-0.00140949
-0.00111077
-0.000726938
-0.000247152
0.000340792
0.00103705
0.00185865
0.00280093
0.00384264
0.00492676
0.00594156
0.00671186
0.00698385
-0.00238254
-0.00249116
-0.00249676
-0.00249215
-0.00245148
-0.00236617
-0.00222506
-0.00201595
-0.00172632
-0.00134303
-0.000851708
-0.000236246
0.000520255
0.00144024
0.00254027
0.00382139
0.00524178
0.00668912
0.00786665
0.00853727
-0.0029569
-0.00308389
-0.00309881
-0.00311346
-0.00309702
-0.00303888
-0.00292532
-0.00274185
-0.00247403
-0.00210701
-0.00162411
-0.00100526
-0.000226538
0.000763165
0.00199792
0.00352187
0.00534453
0.00740056
0.00922436
0.0108663
-0.00363257
-0.00377464
-0.00379437
-0.00383024
-0.00384381
-0.00382097
-0.00374458
-0.00359793
-0.00336547
-0.00303236
-0.00258185
-0.00199034
-0.00121951
-0.000232906
0.00104262
0.0027258
0.00493818
0.00776212
0.0105806
0.014401
-0.0044225
-0.00458892
-0.0046057
-0.00466443
-0.00470935
-0.00472532
-0.00469257
-0.00459166
-0.00440649
-0.00412465
-0.00373544
-0.00322679
-0.00257462
-0.00173597
-0.000613976
0.000987816
0.00332866
0.00701627
0.0110134
0.0187313
-0.00547415
-0.0054546
-0.00544233
-0.00549958
-0.00560291
-0.00569843
-0.005746
-0.00571522
-0.00559046
-0.00536696
-0.00505
-0.00464414
-0.00415153
-0.00354603
-0.00272802
-0.00150299
4.50945e-05
0.00354503
0.0069712
0.0205555
-0.00641868
-0.00690744
-0.00680558
-0.00697214
-0.00706496
-0.00713431
-0.00715342
-0.00710698
-0.00698693
-0.00679182
-0.00654365
-0.00627259
-0.00604299
-0.00593123
-0.00605451
-0.00657273
-0.00776244
-0.00544661
-0.00395845
0.0189981
-0.00984684
-0.00741008
-0.00728179
-0.00718409
-0.00744139
-0.00774129
-0.00800066
-0.00814817
-0.00816733
-0.00805287
-0.00786864
-0.00765603
-0.00758059
-0.00777728
-0.00870837
-0.0102268
-0.0148021
-0.0142568
-0.0134864
0.0233924
-0.00789484
-0.0106751
-0.0102459
-0.0108114
-0.010857
-0.0108434
-0.0107486
-0.0105566
-0.0102957
-0.00993656
-0.00957028
-0.00926206
-0.00918334
-0.00963176
-0.0113722
-0.0137629
-0.021435
-0.0208604
-0.0128162
0.0501694
-0.0315904
-0.00742845
-0.00716032
-0.00722517
-0.00758876
-0.00816353
-0.00874129
-0.00910624
-0.00932079
-0.00923931
-0.0092028
-0.00895543
-0.00914329
-0.00928834
-0.0104158
-0.0104597
-0.00922572
0.00712912
0.0519555
0.164436
1.21697e-05
-1.45171e-05
1.6553e-05
7.71663e-05
0.000172514
0.000302004
0.000464458
0.000658133
0.000880369
0.00112723
0.0013934
0.00167197
0.00195435
0.00223042
0.00248879
0.00271733
0.00290368
0.00303636
0.00311468
0.00309772
3.84014e-05
1.02406e-05
4.1435e-05
9.95343e-05
0.000191089
0.000315914
0.00047316
0.00066142
0.000878293
0.00112014
0.00138186
0.00165666
0.00193635
0.00221081
0.00246857
0.00269735
0.00288451
0.00301839
0.00309941
0.00308126
3.47516e-06
-2.88124e-05
1.38747e-06
5.81247e-05
0.000148662
0.000272978
0.000430516
0.000620219
0.000840031
0.00108663
0.00135519
0.0016394
0.00193055
0.00221829
0.00249052
0.00273393
0.00293443
0.00307861
0.00316646
0.00314513
-6.67353e-05
-0.000102714
-7.35988e-05
-1.82337e-05
7.15335e-05
0.00019602
0.00035514
0.000548372
0.000774208
0.00102984
0.00131085
0.00161108
0.00192211
0.00223293
0.00253029
0.00279912
0.00302302
0.00318562
0.00328585
0.00326305
-0.000178462
-0.000218783
-0.000190907
-0.000136859
-4.74134e-05
7.82171e-05
0.00024058
0.000439877
0.000675354
0.000944944
0.00124486
0.00156929
0.00190991
0.00225517
0.00259045
0.00289819
0.00315839
0.00335
0.00346988
0.00344653
-0.000333142
-0.000378899
-0.000352604
-0.000300213
-0.000211165
-8.4065e-05
8.24601e-05
0.000289561
0.000537498
0.000825228
0.00114991
0.00150645
0.00188695
0.00227937
0.00266748
0.00303058
0.00334362
0.00357848
0.00372819
0.00370567
-0.00053279
-0.00058536
-0.000561272
-0.000511414
-0.000423551
-0.000295532
-0.000124933
9.06163e-05
0.000352713
0.000661725
0.00101621
0.00141225
0.0018431
0.00229658
0.00275502
0.00319407
0.00358197
0.00388022
0.00407475
0.00405619
-0.000780224
-0.0008413
-0.000820402
-0.00077458
-0.000689541
-0.00056221
-0.000388872
-0.000165636
0.000110804
0.000442695
0.000830582
0.00127247
0.00176378
0.00229313
0.00284225
0.00338318
0.00387587
0.00426695
0.00452922
0.00452215
-0.00107888
-0.0011505
-0.00113415
-0.00109458
-0.001015
-0.000891235
-0.000718023
-0.000489648
-0.00020071
0.000153443
0.000576082
0.00106807
0.00162833
0.00224824
0.00291083
0.00358575
0.00422397
0.00475214
0.00511827
0.00514091
-0.00143288
-0.00151742
-0.00150732
-0.00147699
-0.00140661
-0.00129073
-0.0011223
-0.000893494
-0.000596496
-0.000223781
0.000231375
0.000773669
0.00140795
0.00213077
0.00293029
0.00377741
0.00461547
0.00534829
0.00587666
0.00597347
-0.00184722
-0.00194742
-0.00194546
-0.00192807
-0.00187175
-0.00176964
-0.00161259
-0.00139047
-0.0010929
-0.000709192
-0.000228319
0.000361168
0.0010648
0.00189576
0.00285157
0.00391195
0.00501926
0.00605847
0.00684613
0.0071253
-0.00232833
-0.00244708
-0.00245493
-0.00245472
-0.00241842
-0.00233743
-0.00220027
-0.00199442
-0.00170702
-0.00132464
-0.000832511
-0.000214037
0.000549057
0.0014801
0.0025977
0.00390516
0.00536183
0.00685351
0.0080683
0.00878278
-0.00288509
-0.00302452
-0.00304301
-0.00306443
-0.00305498
-0.00300381
-0.00289668
-0.00271866
-0.00245493
-0.00209027
-0.00160763
-0.000986151
-0.000199227
0.000800623
0.00205503
0.00361181
0.00548622
0.00761562
0.00951196
0.0112989
-0.00353411
-0.00369211
-0.0037176
-0.00376444
-0.00378969
-0.00377843
-0.00371265
-0.00357503
-0.00334963
-0.00302123
-0.00257299
-0.00198091
-0.00120798
-0.000210885
0.00108035
0.00279475
0.00506685
0.00799868
0.0109463
0.0150891
-0.00428303
-0.00447249
-0.00449918
-0.00457709
-0.00464098
-0.0046754
-0.00465957
-0.00457314
-0.00439953
-0.00412575
-0.00374211
-0.00323639
-0.00258706
-0.00175035
-0.000629262
0.000978167
0.00333602
0.00713901
0.0112984
0.0195654
-0.0052668
-0.00526956
-0.00527668
-0.00536374
-0.0055013
-0.00563049
-0.00570918
-0.00570424
-0.0055989
-0.00538861
-0.00508005
-0.00468007
-0.00419513
-0.00360435
-0.00281305
-0.00160561
-0.000269936
0.00313559
0.00648428
0.0206893
-0.00608534
-0.00663777
-0.00656788
-0.00679937
-0.00694935
-0.00707198
-0.00714097
-0.00713288
-0.00703953
-0.00686046
-0.00662143
-0.00635712
-0.00614182
-0.00607157
-0.00630915
-0.00713139
-0.00884838
-0.00714918
-0.00570566
0.0177215
-0.00941457
-0.00702274
-0.00691817
-0.00689606
-0.00724725
-0.00763686
-0.00797825
-0.00818934
-0.00825408
-0.00816509
-0.00799391
-0.00778359
-0.00772285
-0.00796579
-0.00908117
-0.0109496
-0.0163913
-0.0170944
-0.0157838
0.0226981
-0.00683447
-0.00986198
-0.00959714
-0.0103541
-0.0105785
-0.0107471
-0.0108048
-0.0107162
-0.0105194
-0.0101838
-0.00981404
-0.00948934
-0.00939715
-0.00988025
-0.0118531
-0.0145743
-0.0230449
-0.022711
-0.0111217
0.0537723
-0.0307389
-0.0065807
-0.00638863
-0.00665121
-0.00722581
-0.00797414
-0.00869352
-0.00915274
-0.00943865
-0.00937933
-0.00935979
-0.00909225
-0.00931051
-0.00950764
-0.0107496
-0.0109022
-0.00903976
0.00841115
0.0587893
0.175253
1.72881e-05
-1.12406e-05
1.91624e-05
7.92089e-05
0.00017429
0.000303742
0.00046635
0.000660387
0.00088316
0.00113075
0.0013978
0.00167738
0.00196089
0.00223814
0.00249763
0.0027271
0.00291402
0.00304668
0.00312462
0.00310563
4.53729e-05
1.54832e-05
4.60733e-05
0.000103505
0.000194631
0.000319206
0.00047636
0.000664689
0.0008818
0.00112407
0.00138638
0.00166195
0.00194253
0.00221795
0.00247665
0.00270622
0.00289382
0.00302761
0.00310825
0.00308788
1.16518e-05
-2.24606e-05
7.13571e-06
6.31525e-05
0.000153189
0.00027717
0.000434524
0.000624205
0.000844173
0.00109112
0.00136023
0.0016452
0.00193726
0.00222602
0.00249929
0.00274359
0.00294464
0.00308877
0.00317626
0.00315246
-5.69631e-05
-9.48753e-05
-6.63881e-05
-1.18107e-05
7.73702e-05
0.000201423
0.000360257
0.000553369
0.000779279
0.00103521
0.00131675
0.00161777
0.00192981
0.0022418
0.00254039
0.00281036
0.00303502
0.00319769
0.00329762
0.00327209
-0.000166886
-0.000209275
-0.000182071
-0.000128893
-4.01201e-05
8.49863e-05
0.000246978
0.000446088
0.000681601
0.000951492
0.00125201
0.00157737
0.0019192
0.00226595
0.00260285
0.00291216
0.00317355
0.00336553
0.00348527
0.00345887
-0.000319384
-0.000367376
-0.000341813
-0.0002904
-0.000202134
-7.56659e-05
9.03932e-05
0.000297239
0.000545189
0.000833261
0.00115867
0.00151637
0.00189845
0.00229285
0.00268322
0.00304864
0.00336362
0.00359945
0.0037494
0.00372349
-0.000516276
-0.000571292
-0.000548027
-0.000499299
-0.000412376
-0.000285146
-0.000115153
0.000100038
0.000362107
0.000671508
0.00102689
0.00142443
0.00185736
0.00231355
0.00277525
0.00321785
0.00360899
0.00390931
0.00410485
0.00408269
-0.000760156
-0.000823941
-0.000804002
-0.000759541
-0.000675686
-0.000549396
-0.000376895
-0.000154199
0.000122109
0.000454405
0.000843378
0.00128718
0.00178123
0.00231434
0.0028682
0.00341457
0.00391269
0.00430789
0.00457272
0.00456228
-0.00105415
-0.00112881
-0.00111363
-0.00107578
-0.000997776
-0.000875462
-0.000703473
-0.000475962
-0.000187382
0.000167088
0.000590914
0.00108519
0.00164907
0.00227415
0.00294359
0.00362685
0.00427406
0.00481009
0.00518179
0.00520263
-0.00140193
-0.00148994
-0.00148136
-0.00145331
-0.00138513
-0.00127137
-0.0011048
-0.000877417
-0.000581205
-0.000208408
0.000248007
0.000793197
0.00143173
0.00216132
0.00297043
0.00383002
0.00468272
0.00543011
0.00596986
0.00607
-0.00180782
-0.00191205
-0.00191217
-0.00189796
-0.00184487
-0.00174594
-0.00159179
-0.00137204
-0.00107602
-0.000692804
-0.000211073
0.000380961
0.00109
0.00192955
0.00289819
0.00397655
0.00510696
0.00617234
0.00698282
0.007279
-0.00227718
-0.00240077
-0.00241161
-0.00241602
-0.0023846
-0.00230853
-0.00217593
-0.00197393
-0.00168937
-0.00130849
-0.000816248
-0.000195526
0.000572926
0.00151357
0.00264674
0.00397831
0.00546975
0.00700648
0.00826726
0.00903029
-0.00281725
-0.0029627
-0.00298566
-0.00301408
-0.00301217
-0.00296868
-0.00286874
-0.00269693
-0.00243804
-0.00207651
-0.00159539
-0.000973113
-0.000182242
0.000826459
0.00209629
0.00368095
0.00560334
0.00780492
0.00978752
0.0117101
-0.00344159
-0.00360771
-0.00364006
-0.00369778
-0.00373497
-0.00373585
-0.00368139
-0.00355363
-0.00333616
-0.00301368
-0.00256941
-0.00197909
-0.00120557
-0.00020543
0.00109368
0.00282926
0.00515625
0.0081889
0.0112889
0.015731
-0.0041547
-0.00435593
-0.00439362
-0.00448935
-0.0045717
-0.00462476
-0.00462635
-0.00455511
-0.00439398
-0.00413015
-0.00375436
-0.00325545
-0.00261399
-0.00178915
-0.000687677
0.000892554
0.00328417
0.00719762
0.0115887
0.0204056
-0.00508127
-0.00509718
-0.00512175
-0.00523506
-0.00540299
-0.00556342
-0.00567142
-0.00569183
-0.0056068
-0.00541199
-0.00511572
-0.00472769
-0.00426002
-0.00370188
-0.00298698
-0.00202154
-0.000627555
0.00272834
0.00620807
0.0211695
-0.00581148
-0.0064065
-0.00636149
-0.006645
-0.00684186
-0.00701094
-0.00711994
-0.00714496
-0.00707783
-0.00691814
-0.00669451
-0.00644597
-0.00625662
-0.00623663
-0.0065642
-0.00745166
-0.00980848
-0.00858393
-0.00706807
0.017385
-0.0090346
-0.00667575
-0.00660395
-0.00664228
-0.00706444
-0.00752767
-0.00793631
-0.00820282
-0.00831023
-0.00824959
-0.00809842
-0.00790417
-0.00787519
-0.0081842
-0.00947336
-0.0116418
-0.0178449
-0.01946
-0.017898
0.0224786
-0.00619143
-0.00938116
-0.00915589
-0.0100431
-0.0103806
-0.010657
-0.0108087
-0.0107936
-0.0106501
-0.0103425
-0.00998424
-0.00966449
-0.0095857
-0.0101297
-0.0122928
-0.0153181
-0.0245059
-0.0244849
-0.0116326
0.0564276
-0.0299924
-0.00585385
-0.00574054
-0.00614109
-0.00687291
-0.00776441
-0.00860623
-0.00915707
-0.00951586
-0.00949119
-0.00949594
-0.00923592
-0.00948319
-0.00973734
-0.0110722
-0.0113537
-0.00947927
0.00841386
0.0608797
0.181803
2.23084e-05
-6.86953e-06
2.31489e-05
8.27872e-05
0.000177598
0.000306915
0.000469529
0.000663718
0.000886789
0.00113483
0.00140249
0.00168282
0.00196718
0.00224533
0.00250569
0.0027359
0.0029233
0.0030561
0.00313396
0.00311423
5.12257e-05
2.06393e-05
5.08489e-05
0.000107834
0.000198632
0.000322999
0.000480072
0.000668457
0.000885769
0.00112839
0.00139122
0.00166746
0.00194882
0.00222508
0.00248462
0.00271491
0.00290299
0.00303693
0.00311754
0.00309646
1.83866e-05
-1.64655e-05
1.27347e-05
6.82653e-05
0.000157926
0.000281642
0.000438856
0.000628538
0.000848665
0.00109595
0.00136557
0.00165122
0.00194412
0.00223381
0.00250804
0.0027532
0.00295486
0.00309923
0.00318675
0.00316222
-4.89555e-05
-8.76584e-05
-5.95984e-05
-5.56663e-06
8.31684e-05
0.00020688
0.000365497
0.000558542
0.000784562
0.0010408
0.00132287
0.00162465
0.00193765
0.00225076
0.00255052
0.0028216
0.00304713
0.00321025
0.00331034
0.00328404
-0.000157314
-0.000200561
-0.00017383
-0.000121274
-3.30318e-05
9.16455e-05
0.000253338
0.000452314
0.000687901
0.000958112
0.00125923
0.00158548
0.00192849
0.00227666
0.00261514
0.00292602
0.00318873
0.00338152
0.00350169
0.00347449
-0.000307853
-0.000356791
-0.000331767
-0.000281082
-0.00019346
-6.75389e-05
9.81125e-05
0.000304742
0.000552725
0.000841136
0.00116725
0.00152605
0.00190964
0.00230594
0.00269851
0.00306622
0.00338329
0.00362059
0.00377143
0.00374478
-0.000502253
-0.000558322
-0.000535696
-0.000487849
-0.000401739
-0.000275231
-0.000105809
0.000109033
0.000371058
0.000680806
0.00103701
0.00143592
0.00187081
0.00232958
0.00279439
0.00324041
0.00363489
0.00393782
0.00413514
0.00411246
-0.000742913
-0.00080789
-0.000788739
-0.00074539
-0.000662606
-0.000537312
-0.000365647
-0.000143524
0.000132585
0.000465176
0.000855068
0.00130054
0.00179711
0.0023337
0.00289197
0.00344346
0.0039469
0.00434669
0.00461488
0.00460456
-0.0010327
-0.00110872
-0.00109456
-0.00105818
-0.000981646
-0.000860761
-0.000690032
-0.000463474
-0.000175391
0.000179202
0.00060395
0.00110014
0.00166719
0.00229686
0.00297244
0.00366326
0.00431889
0.00486286
0.00524082
0.00526346
-0.00137489
-0.00146451
-0.0014573
-0.00143125
-0.00136517
-0.00125352
-0.00108889
-0.000863077
-0.000567894
-0.000195365
0.000261793
0.000809008
0.00145124
0.00218662
0.003004
0.00387449
0.00474025
0.00550124
0.00605244
0.0061585
-0.00177328
-0.00187945
-0.00188148
-0.00187009
-0.00182007
-0.0017243
-0.00157314
-0.00135596
-0.00106188
-0.000679696
-0.000197783
0.000396036
0.00110893
0.00195526
0.0029344
0.00402777
0.00517786
0.00626602
0.00709761
0.00740913
-0.0022324
-0.00235839
-0.00237198
-0.00238048
-0.00235361
-0.0022823
-0.00215431
-0.00195645
-0.00167527
-0.00129676
-0.000805448
-0.000183852
0.000587793
0.00153521
0.00268036
0.00403105
0.00555072
0.00712435
0.00842429
0.00922273
-0.00275834
-0.00290685
-0.00293383
-0.00296827
-0.00297318
-0.00293688
-0.00284398
-0.00267865
-0.00242539
-0.00206852
-0.00159017
-0.000969167
-0.000177762
0.000835472
0.00211661
0.00372236
0.00568207
0.00794014
0.0099916
0.0119976
-0.00336274
-0.00353308
-0.00357127
-0.00363797
-0.0036854
-0.00369716
-0.00365336
-0.00353548
-0.00332679
-0.00301161
-0.00257315
-0.00198725
-0.00121633
-0.000217448
0.00108522
0.0028355
0.00520385
0.00831195
0.0115307
0.0161375
-0.00404874
-0.00425578
-0.00430205
-0.00441138
-0.00450874
-0.00457769
-0.00459502
-0.00453843
-0.00439026
-0.00413766
-0.00377182
-0.00328257
-0.00265188
-0.00184084
-0.000755547
0.000816203
0.00322597
0.00721964
0.0118061
0.0209112
-0.00493509
-0.00495695
-0.00499366
-0.0051259
-0.00531651
-0.0055014
-0.00563368
-0.0056765
-0.00561089
-0.00543245
-0.0051508
-0.00477792
-0.0043299
-0.00380101
-0.0031337
-0.00223821
-0.000869748
0.00247667
0.00617276
0.0215194
-0.0056164
-0.00622744
-0.00619621
-0.00651112
-0.00673957
-0.00694212
-0.00708374
-0.00713865
-0.00709702
-0.00695831
-0.00675323
-0.00652431
-0.00636257
-0.00638773
-0.00679292
-0.0078045
-0.0104528
-0.00943588
-0.00764124
0.0173258
-0.00877377
-0.00642544
-0.00637178
-0.00644402
-0.00690989
-0.00742174
-0.00787835
-0.008189
-0.00833358
-0.00830185
-0.00817451
-0.00800288
-0.00800792
-0.00837628
-0.00979185
-0.0121662
-0.0188118
-0.0209081
-0.0188718
0.0223224
-0.00587997
-0.00909217
-0.0088612
-0.00979826
-0.0101899
-0.0105321
-0.0107501
-0.010793
-0.010696
-0.0104211
-0.010086
-0.00978687
-0.00973584
-0.0103419
-0.0126431
-0.0158901
-0.0255116
-0.0256936
-0.0119814
0.0575527
-0.0295973
-0.00544091
-0.00535117
-0.00580566
-0.00661508
-0.0075931
-0.00851598
-0.0091328
-0.0095453
-0.00955849
-0.00958899
-0.00934954
-0.00962794
-0.0099396
-0.0113592
-0.0117606
-0.00993216
0.00816565
0.0618042
0.184432
2.69346e-05
-2.54072e-06
2.72198e-05
8.65722e-05
0.000181167
0.00031036
0.000472955
0.000667243
0.000890537
0.00113893
0.00140708
0.001688
0.00197304
0.00225191
0.00251299
0.00274382
0.00293167
0.0030647
0.00314263
0.00312264
5.62833e-05
2.54001e-05
5.53521e-05
0.000112036
0.000202592
0.0003268
0.000483812
0.00067225
0.000889742
0.00113268
0.00139596
0.00167278
0.00195481
0.00223181
0.00249208
0.00272303
0.0029116
0.00304581
0.0031265
0.00310516
2.41288e-05
-1.10352e-05
1.78926e-05
7.30921e-05
0.000162475
0.000285991
0.000443102
0.0006328
0.000853081
0.00110067
0.00137075
0.00165702
0.00195066
0.00224119
0.00251627
0.00276222
0.0029645
0.00310924
0.00319693
0.00317212
-4.21902e-05
-8.12264e-05
-5.34667e-05
1.86944e-07
8.85883e-05
0.000212038
0.000370492
0.000563502
0.000789641
0.00104618
0.00132874
0.00163121
0.00194507
0.00225919
0.00256004
0.00283215
0.00305856
0.00322225
0.00332266
0.00329611
-0.000149225
-0.000192835
-0.000166447
-0.000114336
-2.65038e-05
9.78301e-05
0.000259284
0.000458164
0.000693837
0.000964351
0.00126602
0.00159308
0.00193717
0.00228664
0.00262656
0.0029389
0.00320291
0.00339665
0.0035174
0.00349002
-0.000298074
-0.000347408
-0.000322793
-0.00027265
-0.000185547
-6.00844e-05
0.00010522
0.000311666
0.000559685
0.000848405
0.00117515
0.00153494
0.00191989
0.00231791
0.00271247
0.0030823
0.00340137
0.00364023
0.00379214
0.00376545
-0.000490303
-0.000546819
-0.000524697
-0.000477533
-0.000392105
-0.000266229
-9.73224e-05
0.000117197
0.000379164
0.000689199
0.00104611
0.00144622
0.00188285
0.00234391
0.00281151
0.00326063
0.0036582
0.00396374
0.00416294
0.00414054
-0.000728159
-0.00079365
-0.000775147
-0.000732691
-0.000650838
-0.000526444
-0.000355557
-0.000133992
0.000141881
0.000474669
0.000865307
0.00131218
0.00181094
0.00235056
0.00291269
0.00346871
0.00397693
0.00438103
0.00465253
0.00464319
-0.00101429
-0.00109092
-0.00107762
-0.00104245
-0.000967225
-0.000847652
-0.000678117
-0.000452503
-0.000164978
0.000189592
0.000615011
0.00111274
0.00168242
0.00231599
0.00299681
0.00369413
0.00435708
0.00490816
0.00529187
0.00531697
-0.00135167
-0.00144203
-0.001436
-0.00141164
-0.00134744
-0.00123772
-0.00107493
-0.000850678
-0.000556598
-0.000184526
0.000273021
0.000821678
0.00146692
0.00220705
0.00303127
0.00391083
0.00478756
0.00556015
0.00612133
0.00623298
-0.00174367
-0.00185076
-0.00185446
-0.00184546
-0.00179816
-0.00170528
-0.00155693
-0.00134225
-0.00105015
-0.000669189
-0.000187493
0.000407488
0.00112317
0.00197481
0.00296233
0.00406783
0.00523387
0.00634057
0.00718962
0.00751318
-0.00219425
-0.00232143
-0.00233739
-0.00234931
-0.00232641
-0.00225938
-0.00213563
-0.00194168
-0.00166382
-0.00128778
-0.000797868
-0.000176322
0.000597438
0.00154991
0.00270424
0.00407
0.00561183
0.00721426
0.00854485
0.00936813
-0.00270873
-0.0028588
-0.00288913
-0.0029285
-0.00293918
-0.00290915
-0.00282257
-0.0026632
-0.00241521
-0.00206263
-0.00158769
-0.000968754
-0.000177931
0.000838758
0.0021277
0.00375001
0.00573828
0.00803916
0.0101425
0.0122024
-0.00329766
-0.00347013
-0.00351303
-0.00358677
-0.00364255
-0.00366342
-0.00362886
-0.0035198
-0.00331913
-0.00301107
-0.00257875
-0.00199788
-0.0012302
-0.000233202
0.00107245
0.00283573
0.00523477
0.0083985
0.0117047
0.0164144
-0.00396364
-0.00417349
-0.00422622
-0.00434561
-0.00445468
-0.00453645
-0.0045669
-0.00452298
-0.00438655
-0.00414465
-0.0037888
-0.00330939
-0.00268912
-0.00188996
-0.000815995
0.000754639
0.00318003
0.00723475
0.0119636
0.0212496
-0.00482181
-0.00484649
-0.00489175
-0.00503733
-0.00524459
-0.00544809
-0.00559949
-0.00566065
-0.00561181
-0.00544847
-0.00518116
-0.00482343
-0.00439382
-0.00388896
-0.0032529
-0.0023925
-0.00103697
0.00231766
0.00617829
0.0217843
-0.0054748
-0.00609248
-0.00606955
-0.00640367
-0.00665369
-0.00688045
-0.00704659
-0.00712515
-0.00710494
-0.00698549
-0.0067988
-0.00658977
-0.00645404
-0.00651739
-0.00698236
-0.00808432
-0.0108956
-0.00996727
-0.00796969
0.0173772
-0.00858586
-0.00624152
-0.00620081
-0.00629368
-0.0067872
-0.00733187
-0.00782316
-0.00816703
-0.00834114
-0.00833449
-0.00823017
-0.00808203
-0.0081195
-0.00853796
-0.0100463
-0.0125605
-0.0194819
-0.0218275
-0.0195076
0.0222171
-0.00569294
-0.00890525
-0.00866245
-0.00962161
-0.0100427
-0.0104242
-0.0106851
-0.0107695
-0.0107081
-0.0104618
-0.0101518
-0.00987681
-0.00985691
-0.0105161
-0.01292
-0.0163181
-0.0262254
-0.0265327
-0.0124446
0.0580114
-0.0293416
-0.00517046
-0.00508918
-0.00556939
-0.00642131
-0.00745157
-0.00842877
-0.00909459
-0.00954848
-0.00958891
-0.00965237
-0.00943773
-0.0097495
-0.0101078
-0.0116051
-0.0120934
-0.0103674
0.00780678
0.0619106
0.185636
3.09518e-05
1.35519e-06
3.09551e-05
9.01196e-05
0.000184557
0.000313648
0.000476214
0.000670563
0.000894018
0.00114268
0.0014112
0.00169259
0.00197817
0.00225764
0.00251929
0.00275065
0.00293892
0.00307221
0.00315027
0.00313023
6.0545e-05
2.95337e-05
5.93203e-05
0.000115807
0.000206194
0.000330285
0.000487252
0.000675735
0.000893374
0.00113657
0.00140022
0.00167751
0.00196011
0.00223772
0.00249861
0.00273012
0.00291916
0.00305366
0.00313452
0.00311313
2.89074e-05
-6.38982e-06
2.23587e-05
7.73389e-05
0.000166525
0.000289894
0.000446932
0.00063665
0.000857062
0.00110491
0.00137538
0.00166216
0.00195642
0.00224765
0.00252346
0.0027701
0.00297296
0.00311811
0.00320603
0.0031812
-3.66119e-05
-7.57911e-05
-4.82352e-05
5.16145e-06
9.33215e-05
0.000216576
0.00037491
0.000567902
0.00079415
0.00105094
0.00133392
0.00163697
0.00195158
0.00226655
0.00256833
0.00284136
0.00306856
0.00323285
0.00333364
0.00330711
-0.000142573
-0.00018634
-0.000160194
-0.000108396
-2.08706e-05
0.000103198
0.000264466
0.000463276
0.000699027
0.000969801
0.00127193
0.00159969
0.00194468
0.00229526
0.00263641
0.00295002
0.0032152
0.00340986
0.00353123
0.00350396
-0.000290024
-0.000339539
-0.000315222
-0.000265473
-0.000178773
-5.36788e-05
0.000111341
0.000317634
0.00056568
0.000854654
0.00118192
0.00154254
0.00192864
0.0023281
0.00272435
0.003096
0.00341681
0.00365713
0.00381006
0.00378365
-0.000480453
-0.000537179
-0.000515438
-0.000468791
-0.00038391
-0.000258559
-9.00893e-05
0.000124143
0.000386042
0.000696294
0.00105378
0.00145487
0.00189293
0.00235589
0.00282582
0.00327754
0.00367775
0.00398559
0.0041865
0.00416467
-0.000715985
-0.000781728
-0.00076373
-0.000721972
-0.000640884
-0.000517251
-0.00034704
-0.000125981
0.000149648
0.000482547
0.000873748
0.00132173
0.00182226
0.00236434
0.00292964
0.00348936
0.00400156
0.00440931
0.00468363
0.00467543
-0.000999101
-0.00107605
-0.00106344
-0.00102923
-0.000955091
-0.000836639
-0.000668149
-0.000443392
-0.000156417
0.000198034
0.0006239
0.00112279
0.00169454
0.00233121
0.00301622
0.00371874
0.00438758
0.00494444
0.00533282
0.00536014
-0.00133256
-0.00142331
-0.00141824
-0.00139523
-0.00133259
-0.00122454
-0.00106334
-0.0008405
-0.000547473
-0.000175949
0.000281723
0.000831338
0.00147886
0.00222267
0.00305223
0.0039389
0.00482419
0.00560584
0.00617478
0.00629074
-0.00171941
-0.00182702
-0.00183205
-0.00182498
-0.00177993
-0.00168948
-0.00154356
-0.00133111
-0.00104085
-0.000661155
-0.000179942
0.000415671
0.00113327
0.00198886
0.00298276
0.00409751
0.00527564
0.00639622
0.00725825
0.00759007
-0.00216325
-0.0022911
-0.00230893
-0.00232357
-0.0023039
-0.00224041
-0.00212028
-0.00192975
-0.00165491
-0.00128123
-0.000792993
-0.000171856
0.000602917
0.00155906
0.00272017
0.00409719
0.00565534
0.00727851
0.00863066
0.00946948
-0.0026689
-0.00281985
-0.00285277
-0.00289595
-0.00291123
-0.00288629
-0.00280496
-0.00265069
-0.0024074
-0.00205891
-0.0015873
-0.000970699
-0.00018125
0.000837672
0.00213252
0.00376709
0.0057758
0.00810649
0.0102447
0.0123353
-0.00324635
-0.00341999
-0.0034664
-0.00354541
-0.0036076
-0.00363565
-0.00360856
-0.00350687
-0.00331315
-0.00301147
-0.00258482
-0.00200877
-0.00124424
-0.000249349
0.00105821
0.00283101
0.00525223
0.0084537
0.0118167
0.016581
-0.0038981
-0.00410936
-0.00416667
-0.0042932
-0.00441091
-0.00450245
-0.00454319
-0.00450954
-0.004383
-0.00415041
-0.00380347
-0.00333283
-0.00272146
-0.00193169
-0.000865699
0.000706171
0.00314491
0.00724141
0.0120615
0.0214414
-0.00473724
-0.00476322
-0.00481423
-0.00496886
-0.00518779
-0.00540475
-0.00557048
-0.00564584
-0.00561059
-0.00546009
-0.00520532
-0.00486078
-0.00444634
-0.00395944
-0.00334333
-0.00250243
-0.00114784
0.00222103
0.00619349
0.021937
-0.00537395
-0.00599386
-0.00597576
-0.00632141
-0.0065854
-0.00682872
-0.00701296
-0.00710926
-0.00710622
-0.00700304
-0.00683245
-0.00664084
-0.00652657
-0.00661884
-0.00712466
-0.00828215
-0.0111806
-0.0102814
-0.00814433
0.0174043
-0.00845559
-0.00611185
-0.00607904
-0.00618385
-0.00669442
-0.00726039
-0.00777595
-0.00814343
-0.00834007
-0.00835406
-0.00826952
-0.00814221
-0.00820661
-0.00866313
-0.0102338
-0.0128353
-0.019914
-0.0223805
-0.0198789
0.022108
-0.00557712
-0.00878149
-0.00852791
-0.00949618
-0.00993206
-0.0103361
-0.010627
-0.010739
-0.0107044
-0.0104823
-0.0101942
-0.00994165
-0.00994982
-0.0106508
-0.0131258
-0.0166234
-0.0267073
-0.0270977
-0.0128349
0.0580926
-0.0291843
-0.00500203
-0.00492112
-0.00541109
-0.00628388
-0.00734451
-0.0083571
-0.00905671
-0.00954153
-0.00961051
-0.00969559
-0.00950337
-0.00984436
-0.0102399
-0.0117969
-0.0123523
-0.0107114
0.00747439
0.0618106
0.186055
3.41565e-05
4.50746e-06
3.40062e-05
9.30489e-05
0.000187378
0.000316395
0.000478939
0.00067333
0.000896904
0.00114576
0.00141456
0.00169631
0.0019823
0.00226222
0.00252433
0.0027561
0.00294471
0.00307824
0.00315644
0.00313641
6.38995e-05
3.28297e-05
6.25116e-05
0.000118872
0.000209145
0.000333155
0.000490092
0.000678612
0.000896364
0.00113976
0.00140369
0.00168135
0.00196438
0.00224247
0.00250384
0.00273581
0.00292522
0.00305999
0.00314102
0.00311966
3.26381e-05
-2.71958e-06
2.59137e-05
8.07515e-05
0.000169804
0.000293071
0.000450059
0.000639796
0.000860312
0.00110835
0.00137912
0.0016663
0.00196105
0.00225283
0.00252922
0.00277641
0.00297975
0.00312526
0.00321341
0.00318863
-3.22877e-05
-7.15326e-05
-4.41109e-05
9.11518e-06
9.71078e-05
0.000220223
0.000378473
0.000571457
0.000797793
0.00105479
0.00133809
0.0016416
0.00195678
0.00227243
0.00257493
0.00284869
0.00307655
0.00324135
0.00334249
0.00331605
-0.000137434
-0.000181276
-0.000155293
-0.000103709
-1.64025e-05
0.000107473
0.000268603
0.000467362
0.000703176
0.000974152
0.00127665
0.00160493
0.00195064
0.00230207
0.0026442
0.00295881
0.00322494
0.00342037
0.00354227
0.00351517
-0.000283815
-0.000333417
-0.000309308
-0.000259838
-0.000173434
-4.86166e-05
0.000116185
0.000322358
0.000570421
0.000859587
0.00118725
0.0015485
0.00193549
0.00233607
0.00273364
0.0031067
0.0034289
0.00367039
0.00382418
0.00379806
-0.000472859
-0.000529692
-0.000508225
-0.000461952
-0.000377483
-0.000252535
-8.44098e-05
0.00012959
0.000391421
0.000701824
0.00105973
0.00146155
0.00190071
0.00236513
0.00283684
0.00329057
0.00369282
0.00400246
0.00420473
0.00418344
-0.000706608
-0.000772486
-0.000754859
-0.000713616
-0.000633111
-0.000510073
-0.000340401
-0.000119756
0.000155654
0.000488603
0.0008802
0.001329
0.00183084
0.00237479
0.00294246
0.003505
0.00402019
0.00443073
0.00470722
0.00469997
-0.000987423
-0.00106454
-0.00105245
-0.00101896
-0.000945658
-0.000828085
-0.000660431
-0.000436376
-0.000149877
0.000204421
0.000630562
0.00113026
0.00170352
0.00234248
0.00303059
0.00373698
0.00441017
0.0049713
0.00536314
0.00539213
-0.00131791
-0.00140889
-0.00140453
-0.00138254
-0.0013211
-0.00121434
-0.00105443
-0.000832725
-0.00054059
-0.000169584
0.000288078
0.000838302
0.00148743
0.0022339
0.00306735
0.00395916
0.00485062
0.00563876
0.0062132
0.00633212
-0.00170091
-0.00180882
-0.00181485
-0.00180921
-0.00176589
-0.00167732
-0.00153331
-0.00132266
-0.00103393
-0.000655353
-0.000174637
0.000421304
0.00114014
0.00199849
0.00299693
0.00411824
0.00530487
0.00643506
0.00730592
0.00764298
-0.00213978
-0.00226802
-0.00228724
-0.00230388
-0.00228665
-0.00222587
-0.00210854
-0.00192073
-0.00164836
-0.00127682
-0.000789873
-0.000169293
0.000606013
0.00156456
0.00273044
0.00411523
0.00568464
0.00732174
0.00868796
0.00953603
-0.00263907
-0.00279053
-0.00282533
-0.00287126
-0.00288992
-0.00286881
-0.00279149
-0.00264119
-0.00240165
-0.0020565
-0.00158766
-0.00097315
-0.000185169
0.00083528
0.00213413
0.00377668
0.00579957
0.00814982
0.0103099
0.0124176
-0.00320848
-0.00338277
-0.00343165
-0.00351436
-0.00358116
-0.00361447
-0.00359297
-0.0034969
-0.00330862
-0.00301202
-0.00258999
-0.00201788
-0.00125583
-0.00026281
0.0010459
0.00282523
0.00526118
0.00848699
0.0118847
0.0166779
-0.00385056
-0.00406258
-0.00412297
-0.00425431
-0.00437805
-0.00447656
-0.00452484
-0.00449885
-0.00437988
-0.00415461
-0.00381474
-0.00335104
-0.00274649
-0.00196363
-0.000903105
0.000670499
0.00311921
0.00724257
0.0121173
0.0215473
-0.00467735
-0.00470393
-0.00475867
-0.00491921
-0.00514594
-0.00537215
-0.00554803
-0.0056337
-0.00560858
-0.00546794
-0.00522301
-0.00488877
-0.00448571
-0.00401136
-0.00340759
-0.00257769
-0.00122017
0.00216097
0.00620171
0.0220199
-0.00530451
-0.00592509
-0.00590986
-0.00626234
-0.00653516
-0.00678942
-0.00698617
-0.00709517
-0.00710474
-0.00701397
-0.00685593
-0.00667789
-0.00657969
-0.00669218
-0.00722429
-0.00841482
-0.0113605
-0.010469
-0.0082504
0.0174111
-0.00836794
-0.00602391
-0.00599592
-0.00610762
-0.00662851
-0.00720781
-0.00773982
-0.00812346
-0.00833608
-0.00836545
-0.00829616
-0.00818512
-0.00826969
-0.00875286
-0.0103635
-0.0130179
-0.0201854
-0.0227116
-0.0201136
0.022007
-0.00550243
-0.00869989
-0.00843901
-0.00941097
-0.00985418
-0.0102702
-0.0105835
-0.0107124
-0.0106963
-0.0104921
-0.0102211
-0.00998656
-0.0100166
-0.0107475
-0.0132696
-0.0168295
-0.0270213
-0.0274622
-0.0131289
0.0580543
-0.029085
-0.00489586
-0.00481356
-0.00530729
-0.00619074
-0.00726859
-0.00830344
-0.00902504
-0.00953137
-0.00962016
-0.00972347
-0.00954922
-0.00991312
-0.0103355
-0.0119353
-0.0125363
-0.0109577
0.0072185
0.0616512
0.186176
3.63937e-05
6.7227e-06
3.6162e-05
9.51319e-05
0.000189393
0.000318362
0.000480892
0.00067531
0.000898961
0.00114795
0.00141693
0.00169892
0.0019852
0.00226541
0.00252783
0.0027599
0.00294875
0.00308246
0.00316077
0.00314077
6.62257e-05
3.51294e-05
6.47495e-05
0.000121034
0.000211237
0.000335195
0.000492115
0.000680659
0.000898487
0.00114201
0.00140614
0.00168404
0.00196737
0.00224578
0.00250749
0.00273978
0.00292946
0.00306444
0.00314559
0.00312427
3.52107e-05
-1.74543e-07
2.83899e-05
8.31415e-05
0.000172111
0.000295313
0.000452269
0.000642021
0.000862608
0.00111079
0.00138176
0.00166921
0.00196429
0.00225645
0.00253323
0.00278081
0.00298449
0.00313026
0.00321859
0.00319386
-2.93216e-05
-6.85972e-05
-4.12572e-05
1.18639e-05
9.97506e-05
0.000222777
0.000380972
0.000573952
0.000800349
0.00105748
0.001341
0.00164482
0.00196039
0.00227651
0.00257952
0.00285378
0.00308211
0.00324728
0.00334867
0.00332232
-0.000133921
-0.000177798
-0.000151918
-0.000100468
-1.3303e-05
0.000110445
0.000271484
0.000470208
0.000706065
0.000977178
0.00127992
0.00160857
0.00195476
0.00230678
0.00264957
0.00296488
0.00323167
0.00342764
0.00354993
0.00352297
-0.000279579
-0.000329224
-0.000305248
-0.000255956
-0.000169748
-4.51159e-05
0.000119537
0.000325627
0.000573698
0.00086299
0.00119092
0.0015526
0.00194018
0.00234153
0.00273999
0.00311402
0.00343717
0.00367948
0.00383386
0.00380798
-0.000467686
-0.000524574
-0.000503285
-0.000457257
-0.000373063
-0.000248389
-8.05013e-05
0.000133334
0.000395111
0.000705607
0.00106379
0.0014661
0.001906
0.00237139
0.0028443
0.00329938
0.00370301
0.00401389
0.00421709
0.00419618
-0.000700229
-0.00076618
-0.000748797
-0.000707896
-0.000627785
-0.000505154
-0.000335856
-0.000115505
0.00015974
0.000492705
0.00088455
0.00133388
0.0018366
0.00238177
0.00295103
0.00351543
0.00403263
0.00444502
0.00472295
0.00471634
-0.000979496
-0.00105671
-0.00104495
-0.00101195
-0.000939214
-0.000822244
-0.000655171
-0.000431613
-0.000145464
0.0002087
0.000634991
0.0011352
0.00170944
0.00234989
0.00304004
0.00374896
0.00442499
0.0049889
0.00538297
0.00541304
-0.00130799
-0.0013991
-0.00139522
-0.0013739
-0.00131328
-0.00120741
-0.00104838
-0.000827476
-0.000535983
-0.000165374
0.000292224
0.000842799
0.00149295
0.00224113
0.00307708
0.00397221
0.00486763
0.00565987
0.00623777
0.00635848
-0.00168844
-0.00179653
-0.00180321
-0.00179852
-0.00175636
-0.00166908
-0.00152638
-0.00131698
-0.00102933
-0.000651562
-0.000171269
0.000424847
0.00114435
0.00200444
0.00300578
0.00413125
0.00532322
0.00645934
0.00733556
0.00767562
-0.00212405
-0.00225253
-0.00227264
-0.0022906
-0.00227499
-0.00221604
-0.00210061
-0.00191468
-0.00164402
-0.00127389
-0.000788041
-0.000167986
0.000607528
0.00156756
0.00273647
0.00412613
0.00570244
0.0073479
0.00872235
0.00957544
-0.00261923
-0.00277099
-0.00280699
-0.00285471
-0.0028756
-0.00285702
-0.0027824
-0.00263481
-0.00239785
-0.00205504
-0.0015882
-0.000975246
-0.000188484
0.000832939
0.00213432
0.00378214
0.00581327
0.00817493
0.0103474
0.0124637
-0.00318357
-0.00335823
-0.00340866
-0.00349371
-0.00356348
-0.00360023
-0.00358242
-0.00349013
-0.00330555
-0.00301247
-0.00259366
-0.0020243
-0.00126391
-0.000272318
0.001037
0.00282038
0.00526518
0.00850477
0.0119214
0.0167284
-0.00381968
-0.00403209
-0.00409437
-0.00422868
-0.00435621
-0.00445919
-0.00451237
-0.00449148
-0.00437758
-0.00415729
-0.00382228
-0.00336333
-0.00276335
-0.001985
-0.000927916
0.000647084
0.00310206
0.00724062
0.0121448
0.0215984
-0.0046391
-0.00466596
-0.00472291
-0.004887
-0.0051185
-0.00535046
-0.00553278
-0.00562513
-0.00560671
-0.00547272
-0.00523449
-0.00490723
-0.00451166
-0.00404519
-0.00344846
-0.00262451
-0.00126394
0.00212514
0.00620293
0.0220569
-0.00526089
-0.0058816
-0.00586798
-0.00622432
-0.00650231
-0.00676316
-0.00696774
-0.00708484
-0.00710268
-0.00702022
-0.00687071
-0.00670183
-0.00661417
-0.0067393
-0.00728687
-0.00849565
-0.0114654
-0.0105746
-0.00831293
0.0174039
-0.00831398
-0.00596953
-0.00594425
-0.00605971
-0.00658647
-0.00717345
-0.00771566
-0.00810925
-0.00833204
-0.00837155
-0.00831255
-0.00821252
-0.00831031
-0.00881017
-0.0104442
-0.0131282
-0.0203421
-0.0228973
-0.0202528
0.0219294
-0.00545696
-0.00864987
-0.00838469
-0.00935808
-0.00980468
-0.0102247
-0.0105573
-0.010694
-0.0106889
-0.0104963
-0.0102369
-0.0100147
-0.0100595
-0.0108094
-0.0133597
-0.0169557
-0.0272082
-0.0276799
-0.0133219
0.0579809
-0.0290265
-0.00483352
-0.00474984
-0.00524484
-0.00613345
-0.00722044
-0.00826827
-0.00900292
-0.00952259
-0.00962403
-0.00973964
-0.00957799
-0.00995731
-0.0103972
-0.0120235
-0.0126529
-0.0111126
0.00704844
0.06152
0.186179
3.75572e-05
7.87763e-06
3.72885e-05
9.6223e-05
0.000190451
0.000319395
0.000481916
0.000676347
0.000900035
0.00114909
0.00141817
0.00170027
0.00198669
0.00226706
0.00252964
0.00276185
0.00295083
0.00308464
0.00316301
0.00314302
6.74309e-05
3.63237e-05
6.59142e-05
0.000122162
0.00021233
0.000336263
0.000493172
0.000681729
0.000899594
0.00114319
0.00140741
0.00168544
0.00196891
0.00224749
0.00250937
0.00274182
0.00293164
0.00306673
0.00314795
0.00312666
3.65371e-05
1.14056e-06
2.96719e-05
8.43818e-05
0.00017331
0.000296479
0.00045342
0.000643179
0.000863801
0.00111205
0.00138312
0.00167071
0.00196596
0.0022583
0.00253529
0.00278307
0.00298693
0.00313283
0.00322125
0.00319656
-2.78001e-05
-6.70883e-05
-3.97878e-05
1.32824e-05
0.000101117
0.000224099
0.000382266
0.000575243
0.00080167
0.00105887
0.0013425
0.00164648
0.00196225
0.0022786
0.00258187
0.00285639
0.00308496
0.00325032
0.00335184
0.00332554
-0.000132126
-0.000176018
-0.000150188
-9.88038e-05
-1.17086e-05
0.000111975
0.000272968
0.000471674
0.000707551
0.000978732
0.0012816
0.00161043
0.00195686
0.00230918
0.00265231
0.00296797
0.0032351
0.00343135
0.00355384
0.00352696
-0.000277421
-0.000327085
-0.000303174
-0.00025397
-0.000167859
-4.33212e-05
0.000121256
0.000327302
0.000575375
0.000864729
0.0011928
0.00155469
0.00194257
0.0023443
0.00274321
0.00311773
0.00344136
0.00368409
0.00383878
0.00381302
-0.000465058
-0.00052197
-0.000500768
-0.000454862
-0.000370806
-0.000246271
-7.85055e-05
0.000135245
0.00039699
0.000707529
0.00106585
0.0014684
0.00190866
0.00237455
0.00284806
0.00330381
0.00370814
0.00401964
0.00422331
0.0042026
-0.000696994
-0.000762977
-0.000745715
-0.000704985
-0.000625073
-0.000502649
-0.000333543
-0.000113346
0.000161811
0.000494778
0.000886741
0.00133633
0.00183948
0.00238527
0.00295532
0.00352065
0.00403884
0.00445214
0.00473079
0.00472451
-0.000975483
-0.00105274
-0.00104116
-0.00100839
-0.000935942
-0.00081928
-0.000652504
-0.000429204
-0.000143239
0.000210846
0.000637201
0.00113765
0.00171238
0.00235356
0.00304472
0.00375488
0.00443231
0.00499758
0.00539275
0.00542333
-0.00130298
-0.00139415
-0.00139051
-0.00136953
-0.00130932
-0.0012039
-0.00104532
-0.00082483
-0.000533673
-0.000163279
0.000294262
0.000844974
0.00149563
0.00224465
0.00308183
0.00397858
0.00487592
0.00567014
0.0062497
0.00637125
-0.00168216
-0.00179033
-0.00179734
-0.00179312
-0.00175154
-0.00166491
-0.00152288
-0.00131412
-0.00102703
-0.000649695
-0.000169663
0.000426377
0.00114633
0.00200728
0.00301001
0.00413751
0.00533203
0.00647096
0.0073497
0.00769111
-0.00211616
-0.00224475
-0.00226531
-0.00228392
-0.00226912
-0.00221108
-0.00209662
-0.00191164
-0.00164186
-0.00127247
-0.000787199
-0.00016745
0.000608134
0.00156889
0.00273919
0.00413123
0.00571081
0.00736016
0.00873838
0.00959364
-0.00260934
-0.00276123
-0.00279782
-0.00284641
-0.0028684
-0.00285109
-0.00277782
-0.00263159
-0.00239595
-0.00205434
-0.00158854
-0.000976414
-0.00019034
0.000831571
0.00213415
0.00378444
0.00581947
0.00818634
0.0103643
0.0124842
-0.00317123
-0.00334605
-0.00339722
-0.00348341
-0.00355463
-0.00359307
-0.0035771
-0.0034867
-0.00330399
-0.0030127
-0.00259554
-0.00202758
-0.00126802
-0.000277198
0.00103237
0.00281765
0.00526656
0.00851235
0.0119373
0.0167497
-0.00380449
-0.00401707
-0.00408025
-0.00421597
-0.00434533
-0.00445048
-0.00450607
-0.00448772
-0.00437636
-0.00415858
-0.00382604
-0.00336949
-0.00277178
-0.00199568
-0.000940252
0.000635488
0.00309343
0.00723879
0.0121556
0.0216184
-0.00462047
-0.00464743
-0.00470542
-0.00487118
-0.00510496
-0.00533968
-0.00552507
-0.0056207
-0.00560562
-0.00547496
-0.00524011
-0.00491635
-0.00452448
-0.00406179
-0.00346828
-0.00264697
-0.0012847
0.00210805
0.00620145
0.0220678
-0.00523982
-0.00586055
-0.00584766
-0.00620576
-0.00648621
-0.0067502
-0.00695828
-0.00707937
-0.00710133
-0.00702304
-0.00687782
-0.00671354
-0.00663108
-0.00676227
-0.00731699
-0.00853391
-0.0115139
-0.0106225
-0.00834278
0.0173966
-0.00828825
-0.00594356
-0.00591952
-0.0060367
-0.00656635
-0.00715735
-0.00770276
-0.00810159
-0.00832958
-0.00837416
-0.00832034
-0.00822583
-0.00833014
-0.008838
-0.0104828
-0.01318
-0.0204138
-0.0229809
-0.0203182
0.0218885
-0.00543527
-0.00862604
-0.00835894
-0.00933303
-0.00978205
-0.0102094
-0.0105371
-0.0106832
-0.0106845
-0.0104978
-0.0102443
-0.0100283
-0.0100804
-0.0108395
-0.013403
-0.0170155
-0.0272953
-0.0277815
-0.0134169
0.0579347
-0.0289992
-0.00480452
-0.00472012
-0.00521558
-0.00610656
-0.00719799
-0.00825003
-0.00899129
-0.00951758
-0.00962533
-0.00974735
-0.00959191
-0.00997888
-0.0104273
-0.0120662
-0.0127091
-0.011187
0.00696448
0.0614483
0.186162
3.75941e-05
7.91322e-06
3.73218e-05
9.62531e-05
0.000190477
0.000319419
0.000481936
0.000676365
0.00090005
0.00114911
0.00141818
0.00170028
0.0019867
0.00226707
0.00252964
0.00276185
0.00295084
0.00308464
0.00316301
0.00314303
6.74665e-05
3.63582e-05
6.59464e-05
0.000122192
0.000212356
0.000336286
0.000493192
0.000681746
0.000899609
0.0011432
0.00140742
0.00168545
0.00196892
0.0022475
0.00250938
0.00274182
0.00293165
0.00306673
0.00314796
0.00312666
3.65704e-05
1.1728e-06
2.97022e-05
8.44095e-05
0.000173335
0.000296501
0.000453439
0.000643195
0.000863815
0.00111206
0.00138313
0.00167072
0.00196597
0.00225831
0.00253529
0.00278307
0.00298693
0.00313284
0.00322126
0.00319656
-2.77699e-05
-6.7059e-05
-3.97601e-05
1.3308e-05
0.00010114
0.000224119
0.000382284
0.000575259
0.000801684
0.00105888
0.00134252
0.00164649
0.00196226
0.00227861
0.00258187
0.0028564
0.00308496
0.00325032
0.00335185
0.00332555
-0.000132099
-0.000175992
-0.000150163
-9.87807e-05
-1.16874e-05
0.000111994
0.000272985
0.000471689
0.000707564
0.000978743
0.0012816
0.00161044
0.00195687
0.00230919
0.00265231
0.00296798
0.0032351
0.00343135
0.00355385
0.00352697
-0.000277398
-0.000327062
-0.000303152
-0.00025395
-0.00016784
-4.33039e-05
0.000121271
0.000327315
0.000575387
0.000864739
0.00119281
0.0015547
0.00194258
0.0023443
0.00274321
0.00311773
0.00344137
0.00368409
0.00383878
0.00381303
-0.000465038
-0.00052195
-0.00050075
-0.000454844
-0.00037079
-0.000246256
-7.84918e-05
0.000135257
0.000397001
0.000707538
0.00106585
0.00146841
0.00190867
0.00237456
0.00284806
0.00330382
0.00370815
0.00401965
0.00422331
0.00420261
-0.000696977
-0.000762961
-0.000745699
-0.000704969
-0.000625058
-0.000502636
-0.000333531
-0.000113335
0.00016182
0.000494785
0.000886747
0.00133634
0.00183948
0.00238527
0.00295532
0.00352065
0.00403884
0.00445215
0.0047308
0.00472451
-0.000975469
-0.00105273
-0.00104114
-0.00100838
-0.00093593
-0.000819268
-0.000652494
-0.000429195
-0.000143232
0.000210852
0.000637207
0.00113766
0.00171238
0.00235357
0.00304472
0.00375489
0.00443231
0.00499758
0.00539275
0.00542333
-0.00130297
-0.00139414
-0.00139049
-0.00136952
-0.00130931
-0.00120389
-0.00104531
-0.000824823
-0.000533667
-0.000163273
0.000294267
0.000844979
0.00149564
0.00224466
0.00308184
0.00397858
0.00487592
0.00567014
0.0062497
0.00637125
-0.00168215
-0.00179032
-0.00179733
-0.00179311
-0.00175153
-0.00166491
-0.00152288
-0.00131411
-0.00102703
-0.00064969
-0.000169658
0.000426381
0.00114633
0.00200728
0.00301002
0.00413751
0.00533203
0.00647096
0.0073497
0.00769111
-0.00211615
-0.00224474
-0.0022653
-0.00228391
-0.00226911
-0.00221108
-0.00209662
-0.00191163
-0.00164185
-0.00127247
-0.000787195
-0.000167447
0.000608137
0.00156889
0.00273919
0.00413124
0.00571081
0.00736017
0.00873838
0.00959364
-0.00260933
-0.00276122
-0.00279781
-0.00284641
-0.00286839
-0.00285108
-0.00277781
-0.00263159
-0.00239594
-0.00205434
-0.00158854
-0.000976412
-0.000190337
0.000831574
0.00213415
0.00378445
0.00581947
0.00818634
0.0103643
0.0124842
-0.00317122
-0.00334604
-0.00339722
-0.00348341
-0.00355462
-0.00359307
-0.0035771
-0.0034867
-0.00330399
-0.0030127
-0.00259554
-0.00202758
-0.00126802
-0.000277197
0.00103237
0.00281765
0.00526656
0.00851235
0.0119373
0.0167497
-0.00380448
-0.00401706
-0.00408024
-0.00421597
-0.00434533
-0.00445048
-0.00450607
-0.00448771
-0.00437635
-0.00415857
-0.00382604
-0.00336949
-0.00277178
-0.00199568
-0.000940251
0.000635489
0.00309344
0.0072388
0.0121556
0.0216184
-0.00462046
-0.00464743
-0.00470542
-0.00487118
-0.00510495
-0.00533967
-0.00552507
-0.0056207
-0.00560562
-0.00547496
-0.00524011
-0.00491635
-0.00452448
-0.00406179
-0.00346828
-0.00264697
-0.0012847
0.00210806
0.00620145
0.0220678
-0.00523982
-0.00586054
-0.00584765
-0.00620576
-0.0064862
-0.0067502
-0.00695827
-0.00707937
-0.00710133
-0.00702304
-0.00687782
-0.00671354
-0.00663108
-0.00676227
-0.00731699
-0.0085339
-0.0115139
-0.0106225
-0.00834278
0.0173966
-0.00828825
-0.00594356
-0.00591951
-0.0060367
-0.00656635
-0.00715735
-0.00770276
-0.00810158
-0.00832957
-0.00837416
-0.00832033
-0.00822583
-0.00833014
-0.008838
-0.0104828
-0.01318
-0.0204137
-0.0229809
-0.0203182
0.0218886
-0.00543527
-0.00862603
-0.00835894
-0.00933302
-0.00978204
-0.0102094
-0.0105371
-0.0106832
-0.0106844
-0.0104978
-0.0102443
-0.0100283
-0.0100804
-0.0108395
-0.013403
-0.0170155
-0.0272953
-0.0277815
-0.0134169
0.0579347
-0.0289992
-0.00480452
-0.00472012
-0.00521557
-0.00610656
-0.00719799
-0.00825002
-0.00899128
-0.00951757
-0.00962533
-0.00974735
-0.0095919
-0.00997888
-0.0104273
-0.0120662
-0.0127091
-0.011187
0.00696448
0.0614483
0.186162
3.65066e-05
6.83165e-06
3.62634e-05
9.52235e-05
0.000189474
0.000318433
0.000480952
0.000675363
0.000899006
0.00114799
0.00141697
0.00169895
0.00198522
0.00226544
0.00252785
0.00275992
0.00294877
0.00308248
0.00316079
0.00314078
6.63348e-05
3.52347e-05
6.48477e-05
0.000121123
0.000211316
0.000335264
0.000492174
0.000680711
0.000898532
0.00114205
0.00140617
0.00168407
0.00196739
0.00224581
0.00250751
0.00273979
0.00292948
0.00306445
0.00314561
0.00312429
3.53124e-05
-7.62325e-08
2.8482e-05
8.32254e-05
0.000172186
0.000295378
0.000452326
0.000642071
0.000862651
0.00111082
0.00138179
0.00166924
0.00196431
0.00225647
0.00253325
0.00278083
0.00298451
0.00313027
0.0032186
0.00319387
-2.92298e-05
-6.85081e-05
-4.11732e-05
1.19413e-05
9.98205e-05
0.000222839
0.000381026
0.000573999
0.000800389
0.00105751
0.00134103
0.00164485
0.00196042
0.00227653
0.00257953
0.0028538
0.00308212
0.00324729
0.00334868
0.00332233
-0.00013384
-0.00017772
-0.000151843
-0.000100399
-1.32392e-05
0.000110502
0.000271535
0.000470252
0.000706103
0.00097721
0.00127994
0.00160859
0.00195478
0.0023068
0.00264958
0.00296489
0.00323168
0.00342765
0.00354994
0.00352298
-0.000279509
-0.000329156
-0.000305182
-0.000255895
-0.000169691
-4.50642e-05
0.000119583
0.000325667
0.000573733
0.00086302
0.00119095
0.00155262
0.0019402
0.00234154
0.00274
0.00311403
0.00343718
0.00367949
0.00383387
0.00380799
-0.000467627
-0.000524516
-0.000503229
-0.000457203
-0.000373013
-0.000248343
-8.04604e-05
0.00013337
0.000395142
0.000705633
0.00106381
0.00146612
0.00190601
0.00237141
0.00284431
0.00329939
0.00370302
0.0040139
0.0042171
0.00419619
-0.000700178
-0.00076613
-0.000748748
-0.000707849
-0.000627741
-0.000505114
-0.00033582
-0.000115474
0.000159767
0.000492728
0.00088457
0.0013339
0.00183661
0.00238179
0.00295104
0.00351545
0.00403264
0.00444502
0.00472296
0.00471635
-0.000979453
-0.00105667
-0.00104491
-0.00101191
-0.000939177
-0.000822211
-0.000655141
-0.000431587
-0.000145441
0.000208719
0.000635008
0.00113521
0.00170946
0.0023499
0.00304005
0.00374897
0.00442499
0.0049889
0.00538298
0.00541305
-0.00130795
-0.00139907
-0.00139518
-0.00137387
-0.00131325
-0.00120738
-0.00104835
-0.000827454
-0.000535965
-0.000165357
0.000292239
0.000842813
0.00149296
0.00224114
0.00307709
0.00397221
0.00486763
0.00565988
0.00623778
0.00635849
-0.00168841
-0.0017965
-0.00180318
-0.00179849
-0.00175633
-0.00166905
-0.00152636
-0.00131696
-0.00102931
-0.000651547
-0.000171256
0.000424859
0.00114436
0.00200445
0.00300579
0.00413126
0.00532323
0.00645934
0.00733557
0.00767563
-0.00212402
-0.0022525
-0.00227261
-0.00229058
-0.00227497
-0.00221602
-0.0021006
-0.00191466
-0.00164401
-0.00127388
-0.00078803
-0.000167977
0.000607536
0.00156757
0.00273647
0.00412614
0.00570245
0.00734791
0.00872236
0.00957544
-0.00261921
-0.00277096
-0.00280697
-0.00285469
-0.00287558
-0.00285701
-0.00278238
-0.00263479
-0.00239783
-0.00205503
-0.00158819
-0.000975239
-0.000188476
0.000832945
0.00213432
0.00378215
0.00581328
0.00817493
0.0103474
0.0124637
-0.00318355
-0.00335821
-0.00340864
-0.00349369
-0.00356346
-0.00360021
-0.00358241
-0.00349012
-0.00330554
-0.00301246
-0.00259365
-0.00202429
-0.0012639
-0.000272314
0.001037
0.00282038
0.00526519
0.00850478
0.0119214
0.0167284
-0.00381966
-0.00403207
-0.00409436
-0.00422867
-0.0043562
-0.00445918
-0.00451236
-0.00449147
-0.00437757
-0.00415728
-0.00382227
-0.00336332
-0.00276334
-0.001985
-0.000927912
0.000647088
0.00310207
0.00724063
0.0121449
0.0215984
-0.00463908
-0.00466594
-0.00472289
-0.00488699
-0.00511849
-0.00535045
-0.00553277
-0.00562512
-0.0056067
-0.00547271
-0.00523448
-0.00490722
-0.00451165
-0.00404518
-0.00344846
-0.00262451
-0.00126394
0.00212515
0.00620293
0.0220569
-0.00526088
-0.00588159
-0.00586797
-0.00622431
-0.0065023
-0.00676315
-0.00696773
-0.00708483
-0.00710267
-0.00702021
-0.0068707
-0.00670182
-0.00661417
-0.00673929
-0.00728686
-0.00849564
-0.0114654
-0.0105746
-0.00831293
0.0174039
-0.00831397
-0.00596952
-0.00594424
-0.00605969
-0.00658646
-0.00717344
-0.00771565
-0.00810924
-0.00833203
-0.00837154
-0.00831254
-0.00821251
-0.0083103
-0.00881016
-0.0104442
-0.0131282
-0.020342
-0.0228972
-0.0202528
0.0219294
-0.00545695
-0.00864986
-0.00838468
-0.00935807
-0.00980467
-0.0102247
-0.0105573
-0.0106939
-0.0106889
-0.0104963
-0.0102369
-0.0100147
-0.0100595
-0.0108094
-0.0133597
-0.0169557
-0.0272082
-0.0276799
-0.0133219
0.0579809
-0.0290265
-0.00483351
-0.00474983
-0.00524483
-0.00613344
-0.00722043
-0.00826826
-0.00900291
-0.00952258
-0.00962402
-0.00973963
-0.00957798
-0.0099573
-0.0103972
-0.0120235
-0.0126529
-0.0111125
0.00704845
0.06152
0.186179
3.43532e-05
4.69668e-06
3.41812e-05
9.32058e-05
0.000187515
0.000316513
0.00047904
0.000673417
0.000896978
0.00114583
0.00141462
0.00169635
0.00198235
0.00226225
0.00252436
0.00275613
0.00294474
0.00307827
0.00315646
0.00313643
6.40889e-05
3.3012e-05
6.26806e-05
0.000119024
0.000209279
0.00033327
0.000490192
0.000678697
0.000896437
0.00113982
0.00140375
0.00168139
0.00196442
0.0022425
0.00250388
0.00273584
0.00292525
0.00306002
0.00314104
0.00311968
3.28136e-05
-2.55033e-06
2.60716e-05
8.08945e-05
0.000169931
0.000293181
0.000450154
0.000639878
0.000860382
0.00110841
0.00137918
0.00166635
0.00196109
0.00225287
0.00252925
0.00277644
0.00297978
0.00312528
0.00321343
0.00318865
-3.21303e-05
-7.13803e-05
-4.39677e-05
9.24646e-06
9.72257e-05
0.000220327
0.000378563
0.000571535
0.00079786
0.00105484
0.00133814
0.00164164
0.00195681
0.00227246
0.00257496
0.00284871
0.00307657
0.00324137
0.00334251
0.00331607
-0.000137296
-0.000181142
-0.000155166
-0.000103592
-1.62954e-05
0.000107568
0.000268687
0.000467434
0.000703238
0.000974205
0.00127669
0.00160497
0.00195067
0.0023021
0.00264422
0.00295883
0.00322496
0.00342038
0.00354229
0.00351519
-0.000283697
-0.000333302
-0.000309198
-0.000259734
-0.000173339
-4.85306e-05
0.000116261
0.000322424
0.000570478
0.000859635
0.00118729
0.00154854
0.00193552
0.00233609
0.00273366
0.00310672
0.00342892
0.00367041
0.00382419
0.00379808
-0.000472759
-0.000529594
-0.00050813
-0.000461863
-0.0003774
-0.000252459
-8.43421e-05
0.00012965
0.000391473
0.000701868
0.00105977
0.00146158
0.00190074
0.00236516
0.00283686
0.00329059
0.00369284
0.00400248
0.00420475
0.00418346
-0.000706523
-0.000772403
-0.000754778
-0.00071354
-0.00063304
-0.000510008
-0.000340342
-0.000119705
0.000155699
0.000488641
0.000880232
0.00132903
0.00183087
0.00237481
0.00294248
0.00350502
0.00402021
0.00443074
0.00470723
0.00469998
-0.000987351
-0.00106447
-0.00105238
-0.00101889
-0.000945597
-0.000828029
-0.00066038
-0.000436332
-0.00014984
0.000204453
0.00063059
0.00113029
0.00170355
0.0023425
0.00303061
0.003737
0.00441018
0.00497131
0.00536315
0.00539214
-0.00131784
-0.00140883
-0.00140447
-0.00138249
-0.00132105
-0.0012143
-0.00105438
-0.000832688
-0.000540559
-0.000169556
0.000288102
0.000838324
0.00148745
0.00223392
0.00306736
0.00395917
0.00485064
0.00563877
0.00621322
0.00633213
-0.00170086
-0.00180877
-0.0018148
-0.00180916
-0.00176584
-0.00167728
-0.00153328
-0.00132263
-0.0010339
-0.000655329
-0.000174615
0.000421324
0.00114015
0.00199851
0.00299695
0.00411826
0.00530489
0.00643507
0.00730594
0.00764299
-0.00213973
-0.00226798
-0.00228719
-0.00230384
-0.00228661
-0.00222584
-0.00210851
-0.0019207
-0.00164834
-0.0012768
-0.000789853
-0.000169276
0.000606028
0.00156458
0.00273045
0.00411524
0.00568466
0.00732175
0.00868797
0.00953604
-0.00263903
-0.00279049
-0.00282529
-0.00287123
-0.00288989
-0.00286878
-0.00279147
-0.00264117
-0.00240162
-0.00205648
-0.00158764
-0.000973134
-0.000185155
0.00083529
0.00213414
0.0037767
0.00579958
0.00814983
0.0103099
0.0124176
-0.00320845
-0.00338274
-0.00343162
-0.00351433
-0.00358113
-0.00361445
-0.00359295
-0.00349688
-0.0033086
-0.003012
-0.00258997
-0.00201786
-0.00125582
-0.000262802
0.00104591
0.00282524
0.00526119
0.008487
0.0118847
0.0166779
-0.00385053
-0.00406255
-0.00412294
-0.00425428
-0.00437802
-0.00447654
-0.00452482
-0.00449883
-0.00437987
-0.00415459
-0.00381472
-0.00335103
-0.00274648
-0.00196363
-0.000903096
0.000670507
0.00311921
0.00724258
0.0121173
0.0215473
-0.00467733
-0.00470391
-0.00475864
-0.00491919
-0.00514592
-0.00537213
-0.00554801
-0.00563368
-0.00560856
-0.00546792
-0.005223
-0.00488876
-0.0044857
-0.00401135
-0.00340758
-0.00257768
-0.00122016
0.00216098
0.00620172
0.0220199
-0.00530449
-0.00592507
-0.00590984
-0.00626232
-0.00653514
-0.00678941
-0.00698615
-0.00709515
-0.00710472
-0.00701395
-0.00685592
-0.00667788
-0.00657968
-0.00669216
-0.00722428
-0.00841481
-0.0113605
-0.010469
-0.00825039
0.0174111
-0.00836792
-0.00602389
-0.0059959
-0.0061076
-0.0066285
-0.0072078
-0.0077398
-0.00812344
-0.00833606
-0.00836543
-0.00829615
-0.00818511
-0.00826968
-0.00875285
-0.0103635
-0.0130179
-0.0201854
-0.0227116
-0.0201136
0.022007
-0.00550241
-0.00869987
-0.00843899
-0.00941095
-0.00985416
-0.0102702
-0.0105835
-0.0107123
-0.0106963
-0.0104921
-0.010221
-0.00998655
-0.0100166
-0.0107474
-0.0132696
-0.0168295
-0.0270213
-0.0274621
-0.0131289
0.0580543
-0.029085
-0.00489584
-0.00481355
-0.00530727
-0.00619073
-0.00726858
-0.00830342
-0.00902502
-0.00953136
-0.00962014
-0.00972346
-0.0095492
-0.00991311
-0.0103355
-0.0119352
-0.0125363
-0.0109577
0.00721851
0.0616512
0.186176
3.12473e-05
1.63755e-06
3.12136e-05
9.03485e-05
0.000184755
0.000313816
0.000476357
0.000670683
0.000894121
0.00114277
0.00141127
0.00169265
0.00197823
0.00225769
0.00251934
0.00275069
0.00293896
0.00307224
0.0031503
0.00313026
6.08276e-05
2.98042e-05
5.95688e-05
0.000116028
0.000206386
0.000330449
0.000487391
0.000675854
0.000893474
0.00113665
0.00140029
0.00167757
0.00196016
0.00223777
0.00249866
0.00273016
0.00291919
0.00305369
0.00313455
0.00311316
2.91665e-05
-6.14104e-06
2.25889e-05
7.75456e-05
0.000166707
0.000290051
0.000447066
0.000636764
0.000857158
0.00110499
0.00137545
0.00166222
0.00195647
0.0022477
0.0025235
0.00277014
0.002973
0.00311814
0.00320606
0.00318123
-3.63821e-05
-7.55696e-05
-4.80283e-05
5.34967e-06
9.3489e-05
0.000216722
0.000375036
0.00056801
0.000794242
0.00105102
0.00133399
0.00163703
0.00195162
0.0022666
0.00256836
0.00284139
0.00306859
0.00323287
0.00333366
0.00330714
-0.000142374
-0.000186148
-0.000160012
-0.000108229
-2.07194e-05
0.000103332
0.000264582
0.000463376
0.000699112
0.000969873
0.00127199
0.00159974
0.00194473
0.00229529
0.00263644
0.00295005
0.00321523
0.00340988
0.00353126
0.00350398
-0.000289856
-0.000339375
-0.000315065
-0.000265326
-0.00017864
-5.35588e-05
0.000111446
0.000317726
0.000565758
0.000854721
0.00118198
0.00154258
0.00192868
0.00232813
0.00272438
0.00309602
0.00341684
0.00365715
0.00381009
0.00378367
-0.000480311
-0.00053704
-0.000515304
-0.000468665
-0.000383794
-0.000258453
-8.99956e-05
0.000124225
0.000386113
0.000696354
0.00105383
0.00145491
0.00189297
0.00235593
0.00282585
0.00327757
0.00367777
0.00398561
0.00418652
0.00416469
-0.000715865
-0.000781612
-0.000763618
-0.000721865
-0.000640784
-0.000517161
-0.000346959
-0.000125909
0.000149711
0.000482601
0.000873793
0.00132177
0.00182229
0.00236438
0.00292966
0.00348939
0.00400158
0.00440933
0.00468365
0.00467545
-0.000999001
-0.00107595
-0.00106334
-0.00102914
-0.000955007
-0.000836562
-0.00066808
-0.000443331
-0.000156364
0.00019808
0.00062394
0.00112282
0.00169457
0.00233124
0.00301624
0.00371877
0.0043876
0.00494446
0.00533284
0.00536016
-0.00133247
-0.00142323
-0.00141816
-0.00139516
-0.00133252
-0.00122447
-0.00106329
-0.000840448
-0.000547429
-0.00017591
0.000281758
0.00083137
0.00147888
0.0022227
0.00305226
0.00393892
0.00482421
0.00560587
0.0061748
0.00629076
-0.00171934
-0.00182695
-0.00183198
-0.00182491
-0.00177987
-0.00168943
-0.00154351
-0.00133107
-0.00104082
-0.000661121
-0.000179912
0.000415699
0.00113329
0.00198888
0.00298278
0.00409753
0.00527566
0.00639624
0.00725827
0.00759009
-0.00216319
-0.00229103
-0.00230887
-0.00232352
-0.00230385
-0.00224037
-0.00212023
-0.00192971
-0.00165488
-0.0012812
-0.000792965
-0.000171832
0.000602938
0.00155908
0.00272018
0.00409721
0.00565536
0.00727853
0.00863067
0.0094695
-0.00266885
-0.00281979
-0.00285272
-0.00289591
-0.00291118
-0.00288625
-0.00280492
-0.00265066
-0.00240737
-0.00205888
-0.00158727
-0.000970678
-0.000181233
0.000837689
0.00213253
0.00376711
0.00577581
0.0081065
0.0102447
0.0123353
-0.00324631
-0.00341994
-0.00346636
-0.00354537
-0.00360756
-0.00363562
-0.00360853
-0.00350684
-0.00331312
-0.00301144
-0.0025848
-0.00200875
-0.00124422
-0.000249335
0.00105823
0.00283102
0.00525224
0.00845371
0.0118167
0.016581
-0.00389806
-0.00410932
-0.00416663
-0.00429316
-0.00441088
-0.00450242
-0.00454316
-0.00450951
-0.00438297
-0.00415039
-0.00380344
-0.00333281
-0.00272144
-0.00193167
-0.000865685
0.000706182
0.00314492
0.00724142
0.0120615
0.0214414
-0.00473721
-0.00476318
-0.00481419
-0.00496883
-0.00518776
-0.00540472
-0.00557046
-0.00564582
-0.00561057
-0.00546006
-0.00520529
-0.00486077
-0.00444633
-0.00395942
-0.00334331
-0.00250242
-0.00114783
0.00222104
0.0061935
0.021937
-0.00537392
-0.00599383
-0.00597574
-0.00632138
-0.00658537
-0.0068287
-0.00701294
-0.00710923
-0.00710619
-0.00700302
-0.00683243
-0.00664082
-0.00652655
-0.00661882
-0.00712465
-0.00828213
-0.0111806
-0.0102814
-0.00814432
0.0174043
-0.00845556
-0.00611182
-0.00607902
-0.00618382
-0.0066944
-0.00726037
-0.00777593
-0.00814341
-0.00834004
-0.00835404
-0.0082695
-0.00814219
-0.00820659
-0.00866311
-0.0102338
-0.0128353
-0.019914
-0.0223805
-0.0198789
0.0221081
-0.00557709
-0.00878146
-0.00852789
-0.00949616
-0.00993204
-0.0103361
-0.010627
-0.0107389
-0.0107043
-0.0104823
-0.0101941
-0.00994163
-0.0099498
-0.0106508
-0.0131258
-0.0166234
-0.0267073
-0.0270977
-0.0128349
0.0580926
-0.0291843
-0.005002
-0.00492109
-0.00541106
-0.00628386
-0.0073445
-0.00835708
-0.00905668
-0.0095415
-0.00961049
-0.00969557
-0.00950335
-0.00984434
-0.0102398
-0.0117969
-0.0123523
-0.0107114
0.0074744
0.0618106
0.186055
2.73545e-05
-2.14371e-06
2.75772e-05
8.68828e-05
0.000181431
0.000310581
0.000473139
0.000667396
0.000890666
0.00113904
0.00140717
0.00168808
0.00197311
0.00225198
0.00251304
0.00274387
0.00293172
0.00306474
0.00314266
0.00312268
5.66806e-05
2.57768e-05
5.56931e-05
0.000112334
0.000202847
0.000327015
0.000483991
0.000672401
0.000889868
0.00113279
0.00139605
0.00167285
0.00195488
0.00223187
0.00249214
0.00272307
0.00291165
0.00304584
0.00312654
0.0031052
2.44871e-05
-1.06938e-05
1.82048e-05
7.33686e-05
0.000162714
0.000286194
0.000443274
0.000632944
0.000853202
0.00110077
0.00137084
0.00165709
0.00195072
0.00224124
0.00251631
0.00276226
0.00296454
0.00310928
0.00319696
0.00317216
-4.18784e-05
-8.09274e-05
-5.31899e-05
4.35939e-07
8.88073e-05
0.000212227
0.000370653
0.000563638
0.000789756
0.00104627
0.00132882
0.00163128
0.00194513
0.00225924
0.00256008
0.00283219
0.00305859
0.00322228
0.00332269
0.00329614
-0.00014896
-0.000192579
-0.000166207
-0.000114117
-2.63076e-05
9.80022e-05
0.000259432
0.000458291
0.000693944
0.000964441
0.00126609
0.00159314
0.00193722
0.00228668
0.0026266
0.00293893
0.00320294
0.00339668
0.00351743
0.00349005
-0.000297852
-0.000347193
-0.000322589
-0.00027246
-0.000185375
-5.99311e-05
0.000105354
0.000311781
0.000559783
0.000848488
0.00117522
0.001535
0.00191994
0.00231795
0.00271251
0.00308234
0.0034014
0.00364026
0.00379217
0.00376548
-0.000490119
-0.00054664
-0.000524524
-0.000477371
-0.000391956
-0.000266095
-9.72038e-05
0.0001173
0.000379253
0.000689275
0.00104618
0.00144628
0.0018829
0.00234395
0.00281155
0.00326067
0.00365823
0.00396377
0.00416297
0.00414057
-0.000728006
-0.0007935
-0.000775002
-0.000732555
-0.000650713
-0.00052633
-0.000355454
-0.000133901
0.000141961
0.000474737
0.000865365
0.00131223
0.00181098
0.0023506
0.00291273
0.00346874
0.00397697
0.00438106
0.00465255
0.00464322
-0.00101416
-0.0010908
-0.0010775
-0.00104234
-0.00096712
-0.000847555
-0.000678029
-0.000452424
-0.000164909
0.000189652
0.000615063
0.00111279
0.00168247
0.00231603
0.00299685
0.00369416
0.0043571
0.00490819
0.00529189
0.00531699
-0.00135157
-0.00144192
-0.0014359
-0.00141155
-0.00134735
-0.00123764
-0.00107485
-0.000850612
-0.000556539
-0.000184474
0.000273068
0.000821719
0.00146695
0.00220708
0.0030313
0.00391086
0.00478758
0.00556018
0.00612135
0.00623301
-0.00174358
-0.00185067
-0.00185437
-0.00184538
-0.00179809
-0.00170521
-0.00155686
-0.0013422
-0.0010501
-0.000669144
-0.000187453
0.000407524
0.0011232
0.00197483
0.00296236
0.00406786
0.00523389
0.00634059
0.00718965
0.0075132
-0.00219418
-0.00232135
-0.00233731
-0.00234924
-0.00232635
-0.00225932
-0.00213558
-0.00194163
-0.00166378
-0.00128774
-0.000797834
-0.000176292
0.000597464
0.00154994
0.00270426
0.00407002
0.00561186
0.00721428
0.00854487
0.00936815
-0.00270866
-0.00285873
-0.00288906
-0.00292844
-0.00293913
-0.0029091
-0.00282252
-0.00266316
-0.00241517
-0.00206259
-0.00158766
-0.000968727
-0.000177908
0.000838778
0.00212772
0.00375004
0.0057383
0.00803918
0.0101425
0.0122024
-0.00329761
-0.00347008
-0.00351297
-0.00358672
-0.0036425
-0.00366338
-0.00362882
-0.00351977
-0.00331909
-0.00301104
-0.00257872
-0.00199785
-0.00123018
-0.000233183
0.00107248
0.00283575
0.00523479
0.00839852
0.0117048
0.0164144
-0.00396359
-0.00417344
-0.00422618
-0.00434557
-0.00445464
-0.00453642
-0.00456686
-0.00452295
-0.00438652
-0.00414462
-0.00378877
-0.00330937
-0.00268911
-0.00188994
-0.000815979
0.000754653
0.00318005
0.00723477
0.0119636
0.0212496
-0.00482177
-0.00484645
-0.00489171
-0.00503729
-0.00524455
-0.00544806
-0.00559946
-0.00566062
-0.00561178
-0.00544844
-0.00518113
-0.00482341
-0.00439379
-0.00388894
-0.00325288
-0.00239249
-0.00103695
0.00231767
0.00617831
0.0217844
-0.00547476
-0.00609245
-0.00606951
-0.00640364
-0.00665365
-0.00688042
-0.00704656
-0.00712512
-0.00710491
-0.00698546
-0.00679877
-0.00658974
-0.00645401
-0.00651737
-0.00698235
-0.0080843
-0.0108956
-0.00996725
-0.00796967
0.0173772
-0.00858582
-0.00624149
-0.00620077
-0.00629365
-0.00678717
-0.00733184
-0.00782313
-0.008167
-0.0083411
-0.00833446
-0.00823015
-0.00808201
-0.00811947
-0.00853794
-0.0100463
-0.0125604
-0.0194819
-0.0218275
-0.0195076
0.0222172
-0.00569291
-0.00890522
-0.00866242
-0.00962158
-0.0100426
-0.0104242
-0.0106851
-0.0107695
-0.0107081
-0.0104618
-0.0101518
-0.00987679
-0.00985688
-0.0105161
-0.01292
-0.0163181
-0.0262254
-0.0265327
-0.0124445
0.0580115
-0.0293416
-0.00517043
-0.00508916
-0.00556936
-0.00642129
-0.00745155
-0.00842874
-0.00909456
-0.00954846
-0.00958889
-0.00965235
-0.00943771
-0.00974947
-0.0101078
-0.0116051
-0.0120934
-0.0103674
0.0078068
0.0619106
0.185636
2.28983e-05
-6.32246e-06
2.36283e-05
8.31926e-05
0.000177934
0.000307191
0.000469755
0.000663903
0.000886942
0.00113496
0.0014026
0.00168291
0.00196726
0.0022454
0.00250575
0.00273595
0.00292335
0.00305614
0.003134
0.00311427
5.17731e-05
2.11503e-05
5.13011e-05
0.00010822
0.000198955
0.000323266
0.000480292
0.000668638
0.000885918
0.00112852
0.00139133
0.00166755
0.00194889
0.00222515
0.00248468
0.00271496
0.00290304
0.00303698
0.00311758
0.0030965
1.8867e-05
-1.60127e-05
1.31415e-05
6.86186e-05
0.000158226
0.000281894
0.000439066
0.000628711
0.000848809
0.00109607
0.00136567
0.00165131
0.00194419
0.00223388
0.00250809
0.00275325
0.0029549
0.00309927
0.00318679
0.00316225
-4.85485e-05
-8.72711e-05
-5.92445e-05
-5.25301e-06
8.34403e-05
0.000207112
0.000365692
0.000558705
0.000784697
0.00104091
0.00132297
0.00162473
0.00193771
0.00225081
0.00255057
0.00282164
0.00304717
0.00321028
0.00331038
0.00328408
-0.000156976
-0.000200237
-0.000173529
-0.000121002
-3.27909e-05
9.18547e-05
0.000253517
0.000452465
0.000688028
0.000958217
0.00125932
0.00158555
0.00192855
0.00227672
0.00261518
0.00292606
0.00318877
0.00338156
0.00350172
0.00347453
-0.000307576
-0.000356522
-0.000331515
-0.00028085
-0.000193251
-6.73539e-05
9.82731e-05
0.000304879
0.000552841
0.000841234
0.00116733
0.00152612
0.0019097
0.00230599
0.00269855
0.00306626
0.00338333
0.00362062
0.00377147
0.00374482
-0.000502026
-0.000558102
-0.000535485
-0.000487653
-0.000401559
-0.00027507
-0.000105668
0.000109157
0.000371164
0.000680895
0.00103709
0.00143599
0.00187087
0.00232963
0.00279444
0.00324045
0.00363493
0.00393786
0.00413518
0.00411249
-0.000742727
-0.000807708
-0.000788565
-0.000745226
-0.000662455
-0.000537176
-0.000365524
-0.000143416
0.000132679
0.000465256
0.000855137
0.0013006
0.00179716
0.00233375
0.00289202
0.0034435
0.00394694
0.00434672
0.00461492
0.00460459
-0.00103254
-0.00110857
-0.00109442
-0.00105804
-0.00098152
-0.000860645
-0.000689928
-0.000463381
-0.000175309
0.000179274
0.000604013
0.0011002
0.00166724
0.00229691
0.00297248
0.0036633
0.00431892
0.00486289
0.00524085
0.00526349
-0.00137476
-0.00146439
-0.00145718
-0.00143114
-0.00136506
-0.00125342
-0.0010888
-0.000862997
-0.000567823
-0.000195302
0.000261851
0.000809059
0.00145129
0.00218666
0.00300403
0.00387452
0.00474028
0.00550127
0.00605247
0.00615854
-0.00177317
-0.00187934
-0.00188137
-0.00186999
-0.00181998
-0.00172422
-0.00157306
-0.00135589
-0.00106182
-0.00067964
-0.000197733
0.00039608
0.00110896
0.0019553
0.00293443
0.0040278
0.00517789
0.00626605
0.00709764
0.00740915
-0.00223231
-0.0023583
-0.0023719
-0.0023804
-0.00235353
-0.00228224
-0.00215425
-0.00195639
-0.00167522
-0.00129671
-0.000805406
-0.000183815
0.000587826
0.00153524
0.00268038
0.00403108
0.00555075
0.00712437
0.00842431
0.00922275
-0.00275826
-0.00290677
-0.00293375
-0.0029682
-0.00297311
-0.00293682
-0.00284393
-0.0026786
-0.00242535
-0.00206848
-0.00159014
-0.000969134
-0.000177733
0.000835498
0.00211663
0.00372239
0.00568209
0.00794016
0.00999163
0.0119976
-0.00336268
-0.00353301
-0.00357121
-0.00363791
-0.00368534
-0.00369711
-0.00365331
-0.00353544
-0.00332675
-0.00301157
-0.00257312
-0.00198722
-0.0012163
-0.000217424
0.00108525
0.00283552
0.00520387
0.00831197
0.0115308
0.0161376
-0.00404868
-0.00425572
-0.004302
-0.00441133
-0.0045087
-0.00457765
-0.00459497
-0.00453839
-0.00439022
-0.00413762
-0.00377179
-0.00328254
-0.00265185
-0.00184081
-0.000755529
0.000816222
0.00322599
0.00721966
0.0118061
0.0209112
-0.00493504
-0.0049569
-0.00499361
-0.00512586
-0.00531647
-0.00550136
-0.00563364
-0.00567646
-0.00561086
-0.00543241
-0.00515077
-0.00477789
-0.00432987
-0.00380099
-0.00313368
-0.00223819
-0.000869727
0.00247668
0.00617277
0.0215194
-0.00561635
-0.0062274
-0.00619617
-0.00651108
-0.00673953
-0.00694208
-0.0070837
-0.00713862
-0.00709698
-0.00695828
-0.0067532
-0.00652428
-0.00636254
-0.00638771
-0.0067929
-0.00780448
-0.0104528
-0.00943587
-0.00764121
0.0173259
-0.00877373
-0.0064254
-0.00637174
-0.00644398
-0.00690985
-0.00742171
-0.00787832
-0.00818897
-0.00833354
-0.00830182
-0.00817449
-0.00800284
-0.00800789
-0.00837625
-0.00979183
-0.0121662
-0.0188118
-0.0209081
-0.0188718
0.0223224
-0.00587993
-0.00909213
-0.00886117
-0.00979823
-0.0101899
-0.010532
-0.01075
-0.010793
-0.010696
-0.0104211
-0.010086
-0.00978683
-0.00973581
-0.0103418
-0.0126431
-0.0158901
-0.0255116
-0.0256935
-0.0119814
0.0575527
-0.0295972
-0.00544088
-0.00535114
-0.00580563
-0.00661505
-0.00759307
-0.00851596
-0.00913277
-0.00954527
-0.00955846
-0.00958896
-0.0093495
-0.00962791
-0.00993958
-0.0113592
-0.0117605
-0.00993213
0.00816567
0.0618042
0.184432
1.81328e-05
-1.04844e-05
1.97968e-05
7.97244e-05
0.000174704
0.000304072
0.000466615
0.0006606
0.000883335
0.00113089
0.00139792
0.00167749
0.00196098
0.00223822
0.0024977
0.00272716
0.00291407
0.00304673
0.00312467
0.00310568
4.61294e-05
1.61712e-05
4.66613e-05
0.00010399
0.000195025
0.000319525
0.000476617
0.000664898
0.000881971
0.00112421
0.0013865
0.00166205
0.00194261
0.00221802
0.00247672
0.00270627
0.00289387
0.00302766
0.0031083
0.00308792
1.22873e-05
-2.18719e-05
7.65155e-06
6.35892e-05
0.000153552
0.000277468
0.000434768
0.000624404
0.000844336
0.00109126
0.00136035
0.00164529
0.00193734
0.00222609
0.00249935
0.00274365
0.00294468
0.00308881
0.0031763
0.0031525
-5.64457e-05
-9.43881e-05
-6.59505e-05
-1.143e-05
7.76944e-05
0.000201695
0.000360483
0.000553556
0.000779433
0.00103534
0.00131686
0.00161786
0.00192988
0.00224187
0.00254045
0.0028104
0.00303506
0.00319773
0.00329766
0.00327213
-0.00016647
-0.000208879
-0.000181706
-0.000128568
-3.98363e-05
8.52298e-05
0.000247184
0.00044626
0.000681745
0.000951612
0.00125211
0.00157745
0.00191927
0.00226601
0.0026029
0.00291221
0.00317359
0.00336557
0.00348531
0.0034589
-0.000319051
-0.000367055
-0.000341513
-0.000290127
-0.000201889
-7.5452e-05
9.05775e-05
0.000297396
0.000545322
0.000833372
0.00115877
0.00151645
0.00189852
0.0022929
0.00268327
0.00304869
0.00336367
0.00359949
0.00374944
0.00372353
-0.000516008
-0.000571032
-0.00054778
-0.000499071
-0.000412168
-0.000284961
-0.000114991
0.000100179
0.000362227
0.00067161
0.00102698
0.00142451
0.00185742
0.0023136
0.0027753
0.00321789
0.00360903
0.00390935
0.00410489
0.00408273
-0.000759938
-0.000823729
-0.000803799
-0.000759352
-0.000675512
-0.000549239
-0.000376755
-0.000154076
0.000122216
0.000454496
0.000843456
0.00128725
0.00178129
0.0023144
0.00286825
0.00341461
0.00391273
0.00430793
0.00457275
0.00456232
-0.00105397
-0.00112863
-0.00111346
-0.00107563
-0.000997632
-0.00087533
-0.000703354
-0.000475856
-0.000187288
0.00016717
0.000590987
0.00108526
0.00164913
0.00227421
0.00294364
0.00362689
0.00427409
0.00481012
0.00518183
0.00520267
-0.00140178
-0.00148979
-0.00148122
-0.00145318
-0.00138501
-0.00127126
-0.0011047
-0.000877326
-0.000581124
-0.000208335
0.000248073
0.000793257
0.00143178
0.00216137
0.00297047
0.00383006
0.00468276
0.00543014
0.00596989
0.00607004
-0.00180769
-0.00191193
-0.00191205
-0.00189785
-0.00184477
-0.00174585
-0.00159171
-0.00137196
-0.00107595
-0.000692739
-0.000211014
0.000381013
0.00109004
0.0019296
0.00289823
0.00397658
0.005107
0.00617237
0.00698285
0.00727903
-0.00227708
-0.00240067
-0.00241152
-0.00241593
-0.00238451
-0.00230845
-0.00217586
-0.00197386
-0.00168931
-0.00130844
-0.000816198
-0.000195482
0.000572966
0.0015136
0.00264678
0.00397834
0.00546979
0.00700651
0.00826729
0.00903032
-0.00281717
-0.00296261
-0.00298558
-0.003014
-0.0030121
-0.00296861
-0.00286867
-0.00269687
-0.00243799
-0.00207646
-0.00159534
-0.000973075
-0.000182207
0.00082649
0.00209632
0.00368098
0.00560336
0.00780495
0.00978755
0.0117101
-0.00344151
-0.00360763
-0.00363999
-0.00369772
-0.00373491
-0.0037358
-0.00368134
-0.00355358
-0.00333611
-0.00301364
-0.00256937
-0.00197905
-0.00120554
-0.000205402
0.00109371
0.00282928
0.00515627
0.00818893
0.011289
0.015731
-0.00415463
-0.00435587
-0.00439356
-0.00448929
-0.00457165
-0.00462471
-0.0046263
-0.00455507
-0.00439394
-0.00413011
-0.00375432
-0.00325542
-0.00261396
-0.00178913
-0.000687654
0.000892574
0.00328419
0.00719765
0.0115887
0.0204056
-0.00508122
-0.00509713
-0.0051217
-0.00523501
-0.00540294
-0.00556337
-0.00567137
-0.00569179
-0.00560676
-0.00541195
-0.00511569
-0.00472766
-0.00425999
-0.00370185
-0.00298696
-0.00202152
-0.000627533
0.00272835
0.00620809
0.0211695
-0.00581143
-0.00640645
-0.00636145
-0.00664495
-0.00684182
-0.0070109
-0.0071199
-0.00714492
-0.00707779
-0.0069181
-0.00669449
-0.00644594
-0.00625659
-0.0062366
-0.00656418
-0.00745164
-0.00980846
-0.00858391
-0.00706805
0.017385
-0.00903456
-0.00667571
-0.00660391
-0.00664223
-0.0070644
-0.00752763
-0.00793628
-0.00820278
-0.00831019
-0.00824956
-0.00809839
-0.00790414
-0.00787515
-0.00818418
-0.00947334
-0.0116418
-0.0178449
-0.0194599
-0.017898
0.0224786
-0.0061914
-0.00938112
-0.00915585
-0.0100431
-0.0103805
-0.010657
-0.0108086
-0.0107935
-0.0106501
-0.0103424
-0.0099842
-0.00966445
-0.00958567
-0.0101297
-0.0122928
-0.015318
-0.0245059
-0.0244848
-0.0116326
0.0564276
-0.0299924
-0.00585382
-0.0057405
-0.00614106
-0.00687288
-0.00776438
-0.00860619
-0.00915704
-0.00951582
-0.00949116
-0.00949591
-0.00923589
-0.00948316
-0.00973731
-0.0110722
-0.0113537
-0.00947925
0.00841388
0.0608797
0.181803
1.3447e-05
-1.34523e-05
1.73854e-05
7.78058e-05
0.000173006
0.000302386
0.000464758
0.000658372
0.000880561
0.00112739
0.00139353
0.00167208
0.00195444
0.00223051
0.00248886
0.00271739
0.00290374
0.00303642
0.00311473
0.00309777
3.94666e-05
1.11664e-05
4.2186e-05
0.000100128
0.000191555
0.000316281
0.000473451
0.000661653
0.000878481
0.00112029
0.00138199
0.00165677
0.00193644
0.00221089
0.00246864
0.00269742
0.00288456
0.00301844
0.00309946
0.0030813
4.30823e-06
-2.80606e-05
2.02434e-06
5.86471e-05
0.000149085
0.000273319
0.00043079
0.00062044
0.000840211
0.00108678
0.00135531
0.00163951
0.00193064
0.00221836
0.00249059
0.00273399
0.00293448
0.00307865
0.0031665
0.00314517
-6.60934e-05
-0.000102118
-7.30751e-05
-1.77879e-05
7.19061e-05
0.000196328
0.000355393
0.000548579
0.000774377
0.00102998
0.00131096
0.00161118
0.00192219
0.002233
0.00253034
0.00279918
0.00302307
0.00318566
0.00328589
0.00326309
-0.000177965
-0.000218313
-0.000190482
-0.000136486
-4.70915e-05
7.84901e-05
0.000240809
0.000440067
0.000675511
0.000945074
0.00124497
0.00156938
0.00190998
0.00225524
0.0025905
0.00289824
0.00315844
0.00335004
0.00346992
0.00344658
-0.000332755
-0.000378528
-0.000352259
-0.000299903
-0.000210891
-8.3827e-05
8.26638e-05
0.000289733
0.000537644
0.00082535
0.00115001
0.00150653
0.00188702
0.00227943
0.00266753
0.00303063
0.00334366
0.00357852
0.00372823
0.00370571
-0.000532484
-0.000585064
-0.000560994
-0.000511158
-0.00042332
-0.000295328
-0.000124754
9.07706e-05
0.000352845
0.000661836
0.0010163
0.00141233
0.00184317
0.00229664
0.00275507
0.00319412
0.00358202
0.00388026
0.00407479
0.00405622
-0.00077998
-0.000841063
-0.000820176
-0.00077437
-0.000689349
-0.000562038
-0.000388718
-0.0001655
0.000110922
0.000442796
0.000830668
0.00127255
0.00176385
0.00229319
0.0028423
0.00338322
0.00387592
0.00426699
0.00452925
0.00452219
-0.00107869
-0.0011503
-0.00113396
-0.00109441
-0.00101484
-0.00089109
-0.000717892
-0.000489531
-0.000200606
0.000153534
0.000576161
0.00106814
0.0016284
0.00224829
0.00291088
0.0035858
0.00422401
0.00475218
0.0051183
0.00514095
-0.00143272
-0.00151726
-0.00150717
-0.00147685
-0.00140647
-0.00129061
-0.00112219
-0.000893394
-0.000596406
-0.000223701
0.000231447
0.000773734
0.00140801
0.00213082
0.00293034
0.00377745
0.00461551
0.00534832
0.0058767
0.00597351
-0.00184708
-0.00194729
-0.00194533
-0.00192795
-0.00187164
-0.00176954
-0.0016125
-0.00139039
-0.00109283
-0.000709121
-0.000228254
0.000361225
0.00106485
0.00189581
0.00285162
0.00391199
0.00501929
0.00605851
0.00684617
0.00712534
-0.00232821
-0.00244697
-0.00245483
-0.00245462
-0.00241832
-0.00233735
-0.00220019
-0.00199434
-0.00170696
-0.00132458
-0.000832455
-0.000213987
0.000549102
0.00148014
0.00259774
0.00390519
0.00536187
0.00685354
0.00806833
0.00878281
-0.002885
-0.00302443
-0.00304292
-0.00306435
-0.0030549
-0.00300374
-0.00289661
-0.0027186
-0.00245488
-0.00209021
-0.00160758
-0.000986107
-0.000199187
0.000800659
0.00205506
0.00361185
0.00548625
0.00761564
0.009512
0.011299
-0.00353403
-0.00369203
-0.00371752
-0.00376436
-0.00378963
-0.00377837
-0.00371259
-0.00357498
-0.00334957
-0.00302119
-0.00257295
-0.00198087
-0.00120795
-0.000210854
0.00108038
0.00279478
0.00506688
0.00799871
0.0109463
0.0150891
-0.00428296
-0.00447243
-0.00449912
-0.00457703
-0.00464092
-0.00467534
-0.00465952
-0.00457309
-0.00439948
-0.00412571
-0.00374207
-0.00323635
-0.00258703
-0.00175032
-0.000629235
0.000978186
0.00333605
0.00713904
0.0112984
0.0195654
-0.00526674
-0.0052695
-0.00527662
-0.00536368
-0.00550124
-0.00563044
-0.00570913
-0.0057042
-0.00559886
-0.00538856
-0.00508001
-0.00468004
-0.00419509
-0.00360432
-0.00281303
-0.00160558
-0.000269904
0.0031356
0.0064843
0.0206893
-0.00608529
-0.00663772
-0.00656783
-0.00679932
-0.00694931
-0.00707194
-0.00714093
-0.00713283
-0.00703949
-0.00686042
-0.0066214
-0.00635709
-0.00614178
-0.00607154
-0.00630913
-0.00713136
-0.00884836
-0.00714916
-0.00570563
0.0177216
-0.00941452
-0.00702269
-0.00691813
-0.00689601
-0.00724721
-0.00763682
-0.00797822
-0.0081893
-0.00825403
-0.00816505
-0.00799388
-0.00778355
-0.00772281
-0.00796577
-0.00908115
-0.0109496
-0.0163912
-0.0170944
-0.0157838
0.0226981
-0.00683443
-0.00986194
-0.0095971
-0.0103541
-0.0105785
-0.0107471
-0.0108048
-0.0107161
-0.0105193
-0.0101837
-0.00981401
-0.00948931
-0.00939712
-0.00988022
-0.0118531
-0.0145743
-0.0230449
-0.0227109
-0.0111217
0.0537724
-0.0307389
-0.00658066
-0.00638859
-0.00665117
-0.00722577
-0.00797411
-0.00869349
-0.00915269
-0.00943861
-0.00937929
-0.00935975
-0.00909221
-0.00931047
-0.00950761
-0.0107496
-0.0109021
-0.00903974
0.00841118
0.0587893
0.175253
9.22908e-06
-1.49575e-05
1.6405e-05
7.73945e-05
0.000172762
0.000302037
0.000464094
0.000657251
0.000878765
0.00112477
0.00138984
0.00166709
0.00194805
0.00222266
0.00247964
0.00270701
0.00289266
0.00302543
0.00310435
0.00309118
3.17181e-05
6.54694e-06
3.80883e-05
9.67411e-05
0.000188599
0.000313588
0.00047088
0.000659062
0.000875702
0.00111716
0.00137831
0.00165237
0.00193118
0.00220466
0.00246145
0.00268939
0.0028761
0.00301023
0.00309182
0.00307728
-5.05154e-06
-3.39473e-05
-3.27971e-06
5.41563e-05
0.000145121
0.000269718
0.000427417
0.000617149
0.000836833
0.00108312
0.00135118
0.00163468
0.00192495
0.00221167
0.00248286
0.00272533
0.00292529
0.0030697
0.00315814
0.00314091
-7.73555e-05
-0.00010962
-7.9949e-05
-2.37378e-05
6.65893e-05
0.000191488
0.000350898
0.000544276
0.000770084
0.00102549
0.00130603
0.00160554
0.00191563
0.00222534
0.00252149
0.00278922
0.00301241
0.00317516
0.00327598
0.00325775
-0.000191196
-0.000227451
-0.000198955
-0.000143944
-5.38329e-05
7.23085e-05
0.000235048
0.000434558
0.000670046
0.000939398
0.00123879
0.00156238
0.00190187
0.00224576
0.00257949
0.00288575
0.0031449
0.00333647
0.00345686
0.00343863
-0.000348291
-0.000389562
-0.000362595
-0.000309129
-0.000219313
-9.16081e-05
7.53722e-05
0.000282737
0.000530693
0.000818133
0.00114216
0.0014976
0.00187668
0.00226727
0.00265325
0.00301419
0.00332554
0.00355997
0.00371
0.00369332
-0.000550896
-0.000598476
-0.000573666
-0.000522595
-0.000433833
-0.000305084
-0.000133927
8.19516e-05
0.000344074
0.000652714
0.00100632
0.00140089
0.00182987
0.00228083
0.00273622
0.003172
0.00355706
0.00385403
0.00404844
0.00403658
-0.000802083
-0.000857553
-0.00083586
-0.000788632
-0.000702497
-0.000574243
-0.000400177
-0.000176491
0.000100021
0.000431475
0.000818238
0.00125805
0.00174697
0.0022728
0.00281741
0.00335322
0.00384105
0.00422918
0.00449037
0.00449138
-0.00110561
-0.00117086
-0.0011536
-0.00111232
-0.00103133
-0.000906315
-0.000732078
-0.000503012
-0.000213853
0.000139902
0.000561365
0.00105121
0.00160773
0.00222249
0.00287838
0.00354526
0.00417513
0.00469701
0.00505989
0.00509098
-0.00146605
-0.00154329
-0.00153206
-0.00149953
-0.0014272
-0.00130953
-0.00113955
-0.000909611
-0.000612087
-0.000239688
0.000213884
0.000751888
0.00138298
0.00209904
0.00288889
0.00372356
0.0045475
0.00526763
0.00578809
0.00589023
-0.00188913
-0.00198081
-0.00197732
-0.00195693
-0.00189777
-0.00179292
-0.00163343
-0.0014094
-0.00111068
-0.000726864
-0.000247085
0.000340853
0.0010371
0.0018587
0.00280097
0.00384268
0.0049268
0.0059416
0.0067119
0.00698389
-0.00238242
-0.00249104
-0.00249665
-0.00249205
-0.00245138
-0.00236608
-0.00222498
-0.00201588
-0.00172625
-0.00134296
-0.000851648
-0.000236192
0.000520303
0.00144028
0.00254031
0.00382143
0.00524182
0.00668916
0.00786668
0.0085373
-0.0029568
-0.0030838
-0.00309872
-0.00311337
-0.00309694
-0.00303881
-0.00292525
-0.00274178
-0.00247397
-0.00210695
-0.00162406
-0.00100522
-0.000226496
0.000763204
0.00199796
0.0035219
0.00534456
0.00740059
0.00922439
0.0108664
-0.00363248
-0.00377455
-0.00379429
-0.00383016
-0.00384374
-0.0038209
-0.00374452
-0.00359787
-0.00336542
-0.00303231
-0.00258181
-0.0019903
-0.00121947
-0.000232872
0.00104265
0.00272583
0.0049382
0.00776215
0.0105806
0.014401
-0.00442242
-0.00458885
-0.00460564
-0.00466436
-0.00470929
-0.00472527
-0.00469252
-0.00459161
-0.00440644
-0.0041246
-0.00373539
-0.00322676
-0.00257459
-0.00173593
-0.000613943
0.000987845
0.00332869
0.0070163
0.0110134
0.0187313
-0.00547409
-0.00545454
-0.00544227
-0.00549952
-0.00560286
-0.00569837
-0.00574595
-0.00571518
-0.00559041
-0.00536691
-0.00504996
-0.00464411
-0.00415149
-0.003546
-0.00272798
-0.00150296
4.51212e-05
0.00354505
0.00697123
0.0205555
-0.00641862
-0.00690738
-0.00680552
-0.00697209
-0.00706491
-0.00713426
-0.00715337
-0.00710694
-0.00698688
-0.00679178
-0.00654361
-0.00627255
-0.00604295
-0.0059312
-0.00605449
-0.00657271
-0.00776242
-0.00544659
-0.00395842
0.0189982
-0.00984679
-0.00741003
-0.00728175
-0.00718404
-0.00744134
-0.00774125
-0.00800062
-0.00814812
-0.00816729
-0.00805284
-0.00786861
-0.00765599
-0.00758055
-0.00777725
-0.00870835
-0.0102268
-0.0148021
-0.0142568
-0.0134864
0.0233924
-0.0078948
-0.0106751
-0.0102459
-0.0108114
-0.0108569
-0.0108433
-0.0107486
-0.0105566
-0.0102956
-0.00993653
-0.00957025
-0.00926202
-0.0091833
-0.00963173
-0.0113722
-0.0137628
-0.021435
-0.0208604
-0.0128162
0.0501695
-0.0315904
-0.0074284
-0.00716027
-0.00722513
-0.00758872
-0.00816349
-0.00874125
-0.00910619
-0.00932075
-0.00923927
-0.00920276
-0.00895539
-0.00914326
-0.00928831
-0.0104157
-0.0104597
-0.00922569
0.00712915
0.0519555
0.164436
6.41909e-06
-9.1173e-06
2.31824e-05
8.46615e-05
0.000179671
0.00030813
0.000469068
0.000660807
0.000880643
0.00112463
0.00138753
0.00166247
0.00194094
0.00221298
0.00246746
0.00269262
0.00287677
0.00300956
0.00308963
0.00308732
1.94217e-05
2.94365e-06
3.51396e-05
9.47567e-05
0.000187069
0.000312286
0.000469697
0.000657875
0.00087437
0.00111551
0.00137614
0.00164944
0.00192736
0.00219981
0.00245549
0.00268244
0.00286862
0.00300339
0.00308601
0.0030831
-1.9885e-05
-3.91432e-05
-7.78863e-06
5.0749e-05
0.000142311
0.000267303
0.000425295
0.000615196
0.00083489
0.001081
0.00134867
0.00163154
0.00192096
0.00220663
0.00247666
0.00271805
0.00291743
0.00306254
0.00315214
0.00314807
-9.46961e-05
-0.000116616
-8.62476e-05
-2.88289e-05
6.22161e-05
0.000187649
0.000347505
0.00054121
0.000767184
0.00102254
0.0013028
0.0016017
0.00191098
0.00221962
0.00251456
0.0027811
0.00300364
0.00316718
0.00326933
0.0032659
-0.000210765
-0.000235895
-0.000206716
-0.000150435
-5.95552e-05
6.71685e-05
0.000230399
0.000430271
0.000665942
0.00093524
0.00123429
0.00155716
0.00189572
0.00223835
0.00257061
0.00287539
0.00313364
0.00332606
0.00344802
0.00344683
-0.000370346
-0.000399537
-0.000371924
-0.000317145
-0.000226536
-9.82373e-05
6.92317e-05
0.000276937
0.000525025
0.000812317
0.00113583
0.00149027
0.00186818
0.00225715
0.00264117
0.0030001
0.00331007
0.00354527
0.00369717
0.00370063
-0.000576034
-0.000610359
-0.000584963
-0.000532529
-0.000442948
-0.000313591
-0.000141951
7.42301e-05
0.000336401
0.000644738
0.000997542
0.00139053
0.00181809
0.00226685
0.00271944
0.0031522
0.00353497
0.00383234
0.00402889
0.00404139
-0.000831128
-0.00087191
-0.000849713
-0.000801048
-0.000714041
-0.000585133
-0.000410567
-0.000186608
8.9861e-05
0.000420826
0.00080632
0.00124246
0.00173078
0.00225351
0.0027939
0.0033249
0.00380867
0.00419607
0.00445939
0.00448891
-0.00113966
-0.00118848
-0.00117081
-0.00112797
-0.00104598
-0.000920205
-0.000745394
-0.000516044
-0.000226988
0.000126209
0.000546878
0.00103754
0.00158715
0.00219629
0.00284543
0.00350435
0.00412664
0.00464517
0.00500967
0.00507444
-0.00150659
-0.00156527
-0.00155374
-0.00151942
-0.00144583
-0.00132715
-0.00115641
-0.000926095
-0.000628725
-0.000257171
0.000194893
0.000732001
0.00135538
0.00206355
0.0028429
0.00366422
0.00447394
0.00518458
0.00570469
0.00584382
-0.00193828
-0.00200877
-0.00200503
-0.00198239
-0.00192148
-0.00181511
-0.00165445
-0.00142978
-0.00113117
-0.000748531
-0.000271693
0.000309076
0.00100066
0.00181162
0.00273771
0.00375711
0.00481479
0.00580587
0.00657011
0.0068673
-0.00244343
-0.00252737
-0.00253267
-0.00252496
-0.00248156
-0.00239378
-0.00225068
-0.00204033
-0.00175047
-0.00136831
-0.000880023
-0.000270077
0.000479206
0.00138109
0.00245619
0.00370085
0.00507356
0.00646789
0.00762134
0.00825615
-0.00303512
-0.0031325
-0.00314661
-0.00315639
-0.00313535
-0.00307292
-0.0029558
-0.00276988
-0.00250103
-0.00213476
-0.00165501
-0.0010422
-0.000271775
0.000688373
0.00188929
0.00335922
0.0051027
0.00705546
0.00880747
0.0101983
-0.00373783
-0.00384254
-0.00386055
-0.00388797
-0.00389298
-0.00386211
-0.00377913
-0.00362775
-0.00339275
-0.00305958
-0.00261249
-0.00203015
-0.00128067
-0.000313588
0.000932999
0.00254593
0.00464653
0.00729484
0.00994563
0.0129586
-0.00457646
-0.00468375
-0.0046958
-0.00473692
-0.00476717
-0.00477002
-0.00472636
-0.00461727
-0.00442692
-0.00414311
-0.00375643
-0.00325311
-0.00261235
-0.00178686
-0.000691607
0.000839611
0.00311916
0.00659566
0.0104773
0.016518
-0.00571766
-0.00564883
-0.00561019
-0.00563424
-0.00569969
-0.00576085
-0.00578006
-0.00572814
-0.00558967
-0.00536052
-0.00504477
-0.0046459
-0.00416385
-0.00356893
-0.00277102
-0.00150723
0.000501744
0.004189
0.0087199
0.0197768
-0.00688845
-0.00712791
-0.00700308
-0.00707147
-0.00710643
-0.00712661
-0.00711254
-0.00704396
-0.00691123
-0.00671315
-0.00646887
-0.00620621
-0.00597822
-0.00583092
-0.00579754
-0.00574018
-0.0058798
-0.00204053
0.00264897
0.0220128
-0.0106006
-0.00798449
-0.00774622
-0.00750306
-0.00759874
-0.00777316
-0.00794019
-0.00802629
-0.00800955
-0.00788666
-0.00770908
-0.00752162
-0.00745629
-0.00761247
-0.00824218
-0.00905407
-0.0113904
-0.00806368
-0.00351317
0.0271795
-0.0108122
-0.0118355
-0.0108906
-0.0109019
-0.0106316
-0.0104242
-0.0102193
-0.00998601
-0.0097264
-0.00941752
-0.00912749
-0.00890136
-0.00891738
-0.00938116
-0.0107868
-0.0126637
-0.0178853
-0.014219
-0.00887568
0.0476065
-0.0343083
-0.00949871
-0.00873676
-0.00811906
-0.00802243
-0.00833589
-0.00872715
-0.00896606
-0.00909281
-0.00902562
-0.00896583
-0.00880517
-0.00894796
-0.00911698
-0.00995571
-0.00961518
-0.00845269
0.00726561
0.0403371
0.137978
)
;

boundaryField
{
    movingWall
    {
        type            zeroGradient;
    }
    fixedWalls
    {
        type            zeroGradient;
    }
}


// ************************************************************************* //
