/*--------------------------------*- C++ -*----------------------------------*\
  =========                 |
  \\      /  F ield         | OpenFOAM: The Open Source CFD Toolbox
   \\    /   O peration     | Website:  https://openfoam.org
    \\  /    A nd           | Version:  10
     \\/     M anipulation  |
\*---------------------------------------------------------------------------*/
FoamFile
{
    format      ascii;
    class       volScalarField;
    location    "2.675";
    object      p;
}
// * * * * * * * * * * * * * * * * * * * * * * * * * * * * * * * * * * * * * //

dimensions      [0 2 -2 0 0 0 0];

internalField   nonuniform List<scalar> 
8000
(
5.58525e-07
-1.17032e-05
2.79933e-05
0.000100581
0.000209728
0.000354899
0.000534455
0.000745935
0.000985807
0.00124929
0.00153036
0.00182147
0.00211371
0.00239692
0.00266007
0.00289174
0.00308079
0.00321749
0.00330027
0.0033004
1.13099e-05
-2.33e-06
3.70546e-05
0.000107858
0.000214548
0.00035686
0.000533393
0.000741917
0.000979121
0.00124046
0.00151994
0.00181014
0.00210241
0.00238646
0.00265111
0.00288471
0.00307581
0.0032144
0.0032995
0.00329906
-3.42576e-05
-5.0561e-05
-1.17151e-05
5.86385e-05
0.000165457
0.000308663
0.000487097
0.000698809
0.000940744
0.00120856
0.00149651
0.00179739
0.00210196
0.00239968
0.00267872
0.0029265
0.00313034
0.00327885
0.00337055
0.00336922
-0.000119242
-0.000138056
-9.96224e-05
-2.93363e-05
7.84212e-05
0.000223919
0.0004064
0.00062434
0.000875097
0.00115468
0.00145752
0.00177643
0.00210224
0.00242363
0.00272758
0.00299997
0.0032261
0.00339219
0.00349571
0.00349519
-0.00024913
-0.000270968
-0.000232883
-0.000162259
-5.26307e-05
9.67483e-05
0.00028567
0.000513195
0.000777251
0.00107435
0.0013993
0.00174496
0.00210201
0.00245838
0.00279962
0.00310924
0.00336951
0.00356291
0.00368496
0.00368673
-0.000426656
-0.000452348
-0.000414736
-0.000343694
-0.000231667
-7.72872e-05
0.000119964
0.000359929
0.000641315
0.000961351
0.00131541
0.00169665
0.00209578
0.00249988
0.00289274
0.00325488
0.00356425
0.00379774
0.00394746
0.00395369
-0.00065502
-0.000685643
-0.000648913
-0.00057784
-0.000463476
-0.000303666
-9.69502e-05
0.000157535
0.000459539
0.000807306
0.0011971
0.00162269
0.00207528
0.00254122
0.00300253
0.00343612
0.00381407
0.00410515
0.00429559
0.00430998
-0.000938281
-0.000975206
-0.000940133
-0.000869994
-0.000754093
-0.000589294
-0.000372948
-0.000102898
0.000221963
0.000601267
0.00103263
0.0015109
0.00202853
0.00257171
0.00312106
0.00364965
0.00412216
0.00449564
0.00474613
0.00477568
-0.00128139
-0.00132632
-0.0012941
-0.00122654
-0.00111078
-0.000942491
-0.000717555
-0.000432225
-8.37033e-05
0.00032946
0.000806817
0.001345
0.00193858
0.00257499
0.00323464
0.00388726
0.00448908
0.00498101
0.00532101
0.00537897
-0.00169038
-0.0017454
-0.00171762
-0.00165504
-0.00154211
-0.00137302
-0.00114193
-0.000843219
-0.000472087
-2.48634e-05
0.000500662
0.00110487
0.00178195
0.00252658
0.00332035
0.00413166
0.00490861
0.00557241
0.00604815
0.00616398
-0.0021728
-0.00224031
-0.0022189
-0.00216439
-0.00205798
-0.00189207
-0.00165877
-0.00135034
-0.000959844
-0.000481218
9.06688e-05
0.000759473
0.00152667
0.00239101
0.00334126
0.00434984
0.00536024
0.00627482
0.00695997
0.00719671
-0.00273861
-0.00282101
-0.00280791
-0.00276508
-0.00266978
-0.00251217
-0.00228195
-0.00196918
-0.00156484
-0.0010606
-0.000448297
0.000280469
0.00113385
0.00211911
0.00323993
0.00448233
0.00579526
0.007073
0.00808819
0.00858028
-0.00340212
-0.00350062
-0.00349708
-0.00346952
-0.00339044
-0.00324701
-0.00302612
-0.00271553
-0.00230464
-0.00178372
-0.00114251
-0.000368574
0.00055462
0.00164519
0.00293192
0.00442871
0.00611336
0.00790467
0.00943896
0.0104773
-0.00418917
-0.00429952
-0.00430327
-0.00429302
-0.00423487
-0.00411137
-0.00390585
-0.00360387
-0.00319407
-0.00266708
-0.00201287
-0.00121664
-0.00025436
0.000908946
0.00231022
0.00403035
0.00612112
0.00859954
0.0109183
0.0131845
-0.00512012
-0.00524052
-0.00524783
-0.0052553
-0.00522051
-0.00512009
-0.00493378
-0.00464451
-0.00424124
-0.00371768
-0.00306919
-0.00228841
-0.00135798
-0.000238039
0.00115485
0.00298446
0.00540242
0.00876482
0.0122363
0.0169269
-0.00638461
-0.00635245
-0.00632774
-0.00633079
-0.00632786
-0.00626748
-0.00611281
-0.00583962
-0.00544186
-0.00492133
-0.00428484
-0.00353423
-0.0026609
-0.00162173
-0.000307145
0.0014695
0.00382832
0.00782758
0.0122887
0.0212324
-0.00766601
-0.00794793
-0.00785178
-0.00789991
-0.00787169
-0.00776245
-0.00755547
-0.00723791
-0.00680869
-0.0062752
-0.00565983
-0.00498721
-0.00429396
-0.00359604
-0.0028876
-0.00198975
-0.000758865
0.00380884
0.00883038
0.025271
-0.0114374
-0.00893189
-0.00880017
-0.00860964
-0.00866565
-0.00870578
-0.00864735
-0.00843347
-0.00805719
-0.0075346
-0.00692128
-0.00626126
-0.00565705
-0.00516861
-0.00496236
-0.0047936
-0.00528911
-0.000716035
0.00448074
0.0314448
-0.0119095
-0.0130615
-0.0122299
-0.0122764
-0.0119672
-0.0115792
-0.011094
-0.0105092
-0.0098463
-0.00910615
-0.00836602
-0.00766219
-0.00717273
-0.00703433
-0.00765959
-0.00865555
-0.0123615
-0.00735254
-0.00353304
0.0478762
-0.0351896
-0.0107235
-0.0102117
-0.00975973
-0.00966688
-0.00982652
-0.00991938
-0.00979499
-0.00947135
-0.0089261
-0.00835852
-0.00766473
-0.00725869
-0.00680545
-0.00695657
-0.0059819
-0.0040961
0.0112135
0.0418368
0.132429
3.75457e-06
-1.70763e-05
2.16936e-05
9.37979e-05
0.000203275
0.000349214
0.00052982
0.000742598
0.000984053
0.00124938
0.00153241
0.00182561
0.00212006
0.00240555
0.00267088
0.00290446
0.00309479
0.00323146
0.00331325
0.00330342
2.30864e-05
1.09906e-06
3.97567e-05
0.000109594
0.000215825
0.000357907
0.000534321
0.000742842
0.000980181
0.0012418
0.00152176
0.0018126
0.00210563
0.00239057
0.00265613
0.00289056
0.00308205
0.00322003
0.00330415
0.00329307
-2.02691e-05
-4.56802e-05
-7.5767e-06
6.16925e-05
0.000167919
0.000310738
0.000488893
0.000700441
0.00094236
0.00121033
0.0014986
0.00180001
0.00210528
0.00240386
0.00268384
0.00293247
0.00313672
0.00328454
0.00337516
0.00336181
-0.000102935
-0.000131497
-9.38239e-05
-2.47326e-05
8.23149e-05
0.000227291
0.000409345
0.00062697
0.000877557
0.00115715
0.0014602
0.00177958
0.00210604
0.00242827
0.00273317
0.00300646
0.00323303
0.00339832
0.0035006
0.00348664
-0.000230676
-0.000263011
-0.000225687
-0.000156335
-4.74787e-05
0.000101319
0.000289757
0.000516918
0.000780769
0.00107786
0.00140303
0.00174921
0.00210699
0.00246433
0.00280669
0.0031174
0.00337824
0.00357077
0.00369136
0.00367779
-0.000405755
-0.00044288
-0.000406014
-0.00033631
-0.000225101
-7.13366e-05
0.000125409
0.000365004
0.0006462
0.000966272
0.00132064
0.00170255
0.00210261
0.00250794
0.00290226
0.00326587
0.00357612
0.00380872
0.00395675
0.00394517
-0.000631056
-0.000674272
-0.00063826
-0.000568606
-0.00045512
-0.000295968
-8.97814e-05
0.000164337
0.000466188
0.000814076
0.00120434
0.00163087
0.00208469
0.00255232
0.00301567
0.00345139
0.00383085
0.00412122
0.00430969
0.00430274
-0.000910399
-0.000961339
-0.000926945
-0.000858343
-0.000743421
-0.00057936
-0.000363597
-9.39256e-05
0.000230826
0.000610364
0.00104241
0.00152201
0.00204137
0.00258698
0.00313937
0.0036713
0.00414651
0.00451993
0.00476826
0.00477176
-0.00124844
-0.00130913
-0.00127754
-0.00121171
-0.00109711
-0.000929721
-0.000705487
-0.000420592
-7.21553e-05
0.000341363
0.000819633
0.00135963
0.00195576
0.00259581
0.00326016
0.00391827
0.00452511
0.00501872
0.00535683
0.00538444
-0.00165079
-0.00172369
-0.00169654
-0.001636
-0.00152456
-0.0013567
-0.00112656
-0.000828431
-0.000457413
-9.72741e-06
0.000516872
0.00112224
0.00180437
0.00255458
0.00335575
0.00417628
0.00496273
0.00563222
0.00610728
0.00618845
-0.00212428
-0.00221235
-0.00219164
-0.00213976
-0.00203546
-0.00187137
-0.0016395
-0.00133199
-0.000941741
-0.000462512
0.000110967
0.000782014
0.00155551
0.00242789
0.00338969
0.00441372
0.00544189
0.00637129
0.00705939
0.00726359
-0.00267766
-0.00278416
-0.00277204
-0.00273294
-0.0026409
-0.0024862
-0.00225834
-0.00194714
-0.00154338
-0.00103846
-0.000423648
0.000310953
0.00116933
0.0021659
0.00330438
0.00457205
0.00591729
0.00722945
0.0082574
0.00874763
-0.0033228
-0.0034504
-0.00344877
-0.00342713
-0.00335353
-0.00321503
-0.00299814
-0.00269034
-0.00228078
-0.00175948
-0.00111571
-0.000336365
0.000595072
0.00170215
0.0030138
0.00454909
0.00628861
0.00815014
0.00972742
0.0108781
-0.00408122
-0.00422864
-0.00423617
-0.00423625
-0.00418795
-0.00407324
-0.00387475
-0.00357769
-0.00317055
-0.00264379
-0.00198676
-0.00118346
-0.000205432
0.000962391
0.00239642
0.0041702
0.0063412
0.00894316
0.0113813
0.0141262
-0.00495827
-0.0051382
-0.00515397
-0.0051819
-0.00516477
-0.00507927
-0.00490454
-0.0046237
-0.00422532
-0.00370329
-0.00305345
-0.00226904
-0.00133695
-0.000199254
0.00124117
0.00310243
0.00560044
0.00914654
0.01278
0.0186303
-0.00613026
-0.00615258
-0.00616086
-0.00620395
-0.00624322
-0.00621919
-0.00609181
-0.00583823
-0.00545056
-0.00493305
-0.00429408
-0.00353598
-0.00265066
-0.00158486
-0.000255491
0.00139918
0.00364457
0.00763367
0.0116752
0.0226841
-0.00718156
-0.00772865
-0.00766094
-0.00781614
-0.00785135
-0.00779051
-0.00761344
-0.00731286
-0.00689024
-0.00635493
-0.00573356
-0.00505301
-0.00435974
-0.00369169
-0.00311598
-0.00248485
-0.00210686
0.00166912
0.00461852
0.0244345
-0.0106253
-0.00831454
-0.00833606
-0.00831897
-0.00854985
-0.00871681
-0.00874751
-0.00858413
-0.00823089
-0.00770643
-0.00708028
-0.00639523
-0.00578687
-0.00534669
-0.00539704
-0.00584013
-0.0081632
-0.00562101
-0.00330696
0.0288821
-0.00901789
-0.011985
-0.0116965
-0.0123438
-0.0123425
-0.0121346
-0.01172
-0.0111362
-0.0104314
-0.00961177
-0.00878985
-0.00800449
-0.00745031
-0.00733644
-0.00824435
-0.00985439
-0.0158436
-0.013596
-0.00769449
0.0490322
-0.0323714
-0.00866891
-0.00872076
-0.00900181
-0.00937877
-0.00979006
-0.0100685
-0.010034
-0.0097622
-0.00918359
-0.00862391
-0.00783883
-0.00749321
-0.0070234
-0.00752481
-0.0070233
-0.00551451
0.0104048
0.0517832
0.156032
7.67629e-06
-1.56356e-05
2.25601e-05
9.41222e-05
0.000203411
0.000349404
0.000530259
0.000743459
0.000985405
0.00125139
0.00153528
0.00182952
0.00212508
0.00241169
0.00267808
0.00291253
0.00310335
0.00323988
0.00332114
0.00330807
2.99837e-05
5.21042e-06
4.3319e-05
0.000112475
0.00021828
0.000360094
0.000536372
0.000744885
0.00098234
0.00124422
0.00152459
0.00181598
0.00210966
0.00239532
0.0026616
0.0028966
0.00308836
0.00322605
0.00330965
0.00329547
-1.20342e-05
-4.047e-05
-2.95614e-06
6.55366e-05
0.000171248
0.000313707
0.000491624
0.000703063
0.000945007
0.00121316
0.00150176
0.00180367
0.00210957
0.00240889
0.00268961
0.00293887
0.00314344
0.00329096
0.00338105
0.00336446
-9.30407e-05
-0.000124864
-8.78169e-05
-1.95974e-05
8.68311e-05
0.000231335
0.000413036
0.000630438
0.000880951
0.00116064
0.00146397
0.00178382
0.00211093
0.00243393
0.00273967
0.00301368
0.00324065
0.00340567
0.00350742
0.00348991
-0.000219008
-0.000254892
-0.000218238
-0.000149848
-4.16996e-05
0.000106536
0.000294534
0.000521396
0.000785116
0.00108228
0.00140773
0.00175445
0.00211298
0.00247127
0.00281465
0.00312633
0.00338778
0.00358012
0.00370018
0.00368263
-0.000391975
-0.000433008
-0.000396862
-0.00032823
-0.000217829
-6.47228e-05
0.000131496
0.000370726
0.000651752
0.000971893
0.00132661
0.00170919
0.00211021
0.00251677
0.00291249
0.00327749
0.00358874
0.00382138
0.0039689
0.00395243
-0.000614612
-0.000662182
-0.000626959
-0.000558524
-0.000445987
-0.00028763
-8.20916e-05
0.000171569
0.000473204
0.000821174
0.00121188
0.00163927
0.00209437
0.00256369
0.00302905
0.00346688
0.00384808
0.00413899
0.00432718
0.00431452
-0.000890507
-0.000946358
-0.000912855
-0.000845689
-0.000731936
-0.000568889
-0.00035397
-8.49084e-05
0.000239536
0.00061915
0.00105174
0.00153247
0.00205355
0.00260154
0.0031569
0.00369214
0.00417038
0.00454539
0.00479405
0.00479099
-0.00122401
-0.0012903
-0.00125977
-0.00119571
-0.00108264
-0.000916623
-0.000693561
-0.000409544
-6.15937e-05
0.000351935
0.000830832
0.00137225
0.00197071
0.00261412
0.00328288
0.0039462
0.00455831
0.0050556
0.00539542
0.0054153
-0.00162026
-0.00169967
-0.00167385
-0.00161563
-0.0015063
-0.0013404
-0.00111199
-0.000815198
-0.000444998
2.52471e-06
0.000529765
0.00113678
0.00182202
0.00257688
0.00338447
0.00421313
0.00500857
0.00568581
0.00616553
0.00623978
-0.00208541
-0.00218114
-0.00216227
-0.0021136
-0.00201239
-0.00185125
-0.00162201
-0.00131661
-0.000927768
-0.000449046
0.000125093
0.000798583
0.00157527
0.00245365
0.00342446
0.00446077
0.00550388
0.00644853
0.00714724
0.00735123
-0.00262702
-0.00274279
-0.0027334
-0.00269901
-0.00261171
-0.0024616
-0.00223787
-0.00193004
-0.00152869
-0.001025
-0.000410107
0.000325779
0.00118868
0.00219294
0.0033434
0.0046286
0.00599748
0.00733788
0.00838834
0.00890017
-0.00325501
-0.00339419
-0.00339691
-0.00338264
-0.00331656
-0.00318537
-0.00297504
-0.00267264
-0.00226707
-0.00174822
-0.00110536
-0.000324793
0.000610507
0.00172611
0.00305172
0.0046095
0.00638352
0.00829322
0.00991522
0.0111441
-0.00398736
-0.00415008
-0.00416482
-0.00417697
-0.00414103
-0.00403819
-0.00385023
-0.00356174
-0.00316104
-0.00263853
-0.00198412
-0.00118086
-0.000201211
0.000973916
0.00242007
0.00421667
0.00643021
0.00910582
0.0116316
0.0145857
-0.00482363
-0.00502645
-0.00505423
-0.00510287
-0.00510619
-0.00503981
-0.0048817
-0.00461401
-0.00422552
-0.00371004
-0.00306418
-0.00228183
-0.00134887
-0.000213165
0.00122852
0.00309386
0.00562035
0.00926343
0.0130352
0.0192955
-0.00592838
-0.00597444
-0.00600616
-0.0060832
-0.00615966
-0.00617032
-0.00607282
-0.00584128
-0.00546898
-0.00496053
-0.00432653
-0.00357151
-0.00269017
-0.00163232
-0.000321594
0.0012848
0.00345736
0.00745366
0.0115159
0.0231236
-0.00686197
-0.00748019
-0.00744791
-0.0076733
-0.00776828
-0.00776029
-0.00762687
-0.00735625
-0.00695213
-0.00642604
-0.00580908
-0.00513241
-0.00445123
-0.00381748
-0.00332562
-0.00286353
-0.00285991
0.000576633
0.00337732
0.0239731
-0.0101874
-0.00793228
-0.00799518
-0.00806698
-0.00840121
-0.00865924
-0.00876356
-0.00865283
-0.0083322
-0.00782191
-0.00720086
-0.00651535
-0.00592193
-0.00552742
-0.0057253
-0.00644286
-0.00946488
-0.00774557
-0.00517254
0.0282322
-0.00799531
-0.0112305
-0.0111184
-0.011971
-0.0121783
-0.0121513
-0.0118644
-0.0113502
-0.0106773
-0.00985471
-0.00901647
-0.00820975
-0.0076515
-0.00758549
-0.00868525
-0.0106317
-0.0174296
-0.0157698
-0.00715934
0.0510537
-0.0314928
-0.00784088
-0.00800736
-0.00851805
-0.00912268
-0.00970679
-0.0101001
-0.0101381
-0.00991314
-0.00933605
-0.00878077
-0.00797466
-0.00766791
-0.00724949
-0.00791038
-0.00756924
-0.00575126
0.0109553
0.057301
0.165162
1.189e-05
-1.30215e-05
2.46304e-05
9.57026e-05
0.000204747
0.000350687
0.000531649
0.000745104
0.000987492
0.00125405
0.00153863
0.00183365
0.00213007
0.00241757
0.0026848
0.00291993
0.00311112
0.00324753
0.00332842
0.00331358
3.59414e-05
9.63768e-06
4.72076e-05
0.000115768
0.000221173
0.000362737
0.000538898
0.000747424
0.000985034
0.00124721
0.00152802
0.00181995
0.00211428
0.00240063
0.00266757
0.00290311
0.00309512
0.00323262
0.00331583
0.00329972
-4.92148e-06
-3.49953e-05
1.95169e-06
6.97855e-05
0.000175019
0.000317141
0.00049485
0.000706212
0.000948223
0.00121659
0.00150556
0.00180799
0.00211453
0.00241456
0.00269598
0.00294582
0.00315068
0.00329803
0.00338772
0.0033689
-8.44386e-05
-0.000118012
-8.1579e-05
-1.4102e-05
9.17551e-05
0.00023582
0.000417205
0.000634427
0.000884913
0.00116474
0.0014684
0.00178877
0.00211655
0.00244033
0.00274688
0.0030216
0.00324898
0.00341388
0.00351524
0.00349526
-0.000208723
-0.000246492
-0.000210513
-0.000142963
-3.54867e-05
0.000112206
0.000299789
0.000526385
0.000790014
0.00108729
0.00141308
0.00176037
0.0021197
0.00247894
0.00282338
0.00313604
0.00339815
0.00359053
0.00371027
0.00368994
-0.000379652
-0.000422739
-0.000387348
-0.000319678
-0.000210076
-5.76396e-05
0.000138048
0.000376916
0.000657789
0.000978026
0.00133312
0.00171641
0.00211844
0.00252628
0.00292346
0.00328991
0.00360229
0.0038353
0.00398271
0.00396323
-0.000599709
-0.000649546
-0.000615188
-0.000547888
-0.000436331
-0.000278825
-7.39829e-05
0.000179183
0.000480581
0.00082863
0.00121979
0.00164807
0.0021045
0.00257558
0.00304304
0.0034831
0.00386623
0.00415818
0.00434671
0.00433074
-0.000872261
-0.000930645
-0.000898175
-0.000832401
-0.0007199
-0.00055798
-0.000344011
-7.5654e-05
0.000248412
0.000628057
0.00106117
0.00154303
0.00206586
0.0026163
0.00317472
0.00371341
0.00419497
0.00457227
0.0048222
0.00481579
-0.00120135
-0.00127052
-0.00124128
-0.00117901
-0.00106761
-0.000903156
-0.000681449
-0.000398478
-5.11542e-05
0.000362281
0.000841741
0.00138452
0.00198528
0.00263205
0.00330524
0.00397389
0.0045916
0.00509351
0.00543642
0.00545366
-0.00159168
-0.00167441
-0.0016503
-0.00159448
-0.0014875
-0.00132386
-0.00109744
-0.000802251
-0.0004331
1.40706e-05
0.000541817
0.00115039
0.00183852
0.00259784
0.0034117
0.00424842
0.00505313
0.00573919
0.00622557
0.00629993
-0.00204872
-0.00214838
-0.00213188
-0.0020866
-0.00198883
-0.00183104
-0.00160483
-0.00130191
-0.000914812
-0.000436922
0.000137498
0.000812638
0.00159263
0.00247661
0.00345592
0.004504
0.00556192
0.00652283
0.00723512
0.00744702
-0.00257899
-0.00269957
-0.00269364
-0.00266425
-0.00258213
-0.00243712
-0.00221802
-0.00191406
-0.00151556
-0.00101353
-0.000398905
0.000338318
0.00120457
0.00221522
0.00337633
0.00467768
0.00606911
0.00743806
0.0085159
0.00905484
-0.00319074
-0.00333606
-0.00334407
-0.00333743
-0.00327936
-0.00315604
-0.00295286
-0.00265644
-0.00225542
-0.00173953
-0.00109782
-0.000316893
0.000620876
0.00174246
0.00307951
0.00465691
0.00646257
0.00841913
0.0100936
0.0113994
-0.00389892
-0.00407021
-0.00409326
-0.00411746
-0.00409415
-0.00400362
-0.00382671
-0.00354741
-0.00315375
-0.00263634
-0.00198488
-0.00118293
-0.000202598
0.000974875
0.00242964
0.0042445
0.006495
0.00923885
0.0118627
0.0150064
-0.00469947
-0.00491518
-0.00495605
-0.00502426
-0.00504765
-0.00500044
-0.00485923
-0.00460543
-0.00422766
-0.00372019
-0.00308023
-0.00230273
-0.00137499
-0.000244693
0.00119454
0.003059
0.00560611
0.00933461
0.0132705
0.019918
-0.00574726
-0.00580889
-0.00586221
-0.00596977
-0.00607955
-0.00612232
-0.00605302
-0.00584367
-0.00548771
-0.00499062
-0.00436497
-0.00361772
-0.0027469
-0.0017032
-0.000408435
0.00113848
0.00325217
0.00726652
0.0114845
0.0237069
-0.00659551
-0.00726187
-0.00726009
-0.00754344
-0.00768852
-0.00772689
-0.00763009
-0.00738721
-0.00700274
-0.00648966
-0.00588273
-0.00521734
-0.00455761
-0.00396938
-0.00357587
-0.0032554
-0.00354892
-0.000329511
0.00254435
0.0240697
-0.00980515
-0.0075888
-0.00769861
-0.00784434
-0.00825863
-0.00859257
-0.00876017
-0.00869705
-0.00840846
-0.00791632
-0.00730691
-0.00663174
-0.00606511
-0.00572897
-0.0060656
-0.00702912
-0.0105577
-0.00940644
-0.00677658
0.0281237
-0.00736226
-0.0107733
-0.0107195
-0.0117306
-0.0120572
-0.0121385
-0.0119344
-0.0114768
-0.0108361
-0.0100231
-0.00918557
-0.00837689
-0.00783384
-0.00782922
-0.00909004
-0.0113394
-0.0187453
-0.0175354
-0.00793713
0.052803
-0.030723
-0.00711629
-0.00739361
-0.00807249
-0.00885282
-0.00958379
-0.0100891
-0.0102069
-0.0100286
-0.00946763
-0.00892506
-0.00811833
-0.00784117
-0.00747599
-0.00824571
-0.00804958
-0.0062858
0.0107031
0.058835
0.170587
1.6105e-05
-9.37508e-06
2.79391e-05
9.86463e-05
0.000207429
0.000353217
0.000534137
0.000747666
0.00099025
0.00125712
0.00154213
0.00183768
0.00213471
0.00242285
0.00269068
0.00292629
0.00311776
0.0032542
0.00333495
0.00331946
4.09399e-05
1.40162e-05
5.12361e-05
0.000119386
0.00022447
0.000365811
0.00054185
0.000750364
0.000988078
0.00125048
0.00153163
0.00182402
0.00211887
0.0024058
0.0026733
0.00290929
0.00310157
0.00323909
0.00332219
0.00330544
9.09511e-07
-2.98311e-05
6.73772e-06
7.41135e-05
0.000178972
0.00032081
0.000498334
0.000709624
0.000951686
0.00122024
0.00150953
0.00181241
0.0021195
0.00242014
0.00270218
0.00295255
0.00315776
0.00330516
0.00339477
0.00337526
-7.74265e-05
-0.00011172
-7.57098e-05
-8.75974e-06
9.66446e-05
0.000240341
0.000421457
0.000638528
0.000889
0.00116897
0.00147293
0.00179377
0.00212216
0.00244665
0.00275395
0.00302935
0.00325722
0.00342229
0.00352363
0.00350291
-0.000200258
-0.000238817
-0.000203318
-0.000136383
-2.94564e-05
0.000117767
0.000304983
0.000531343
0.000794895
0.00109227
0.00141838
0.00176621
0.00212627
0.00248642
0.00283184
0.00314545
0.00340833
0.0036011
0.00372098
0.00369986
-0.000369365
-0.000413332
-0.000378501
-0.000311565
-0.000202643
-5.0812e-05
0.00014438
0.000382904
0.000663624
0.000983939
0.00133938
0.00172331
0.00212627
0.00253531
0.00293386
0.00330172
0.00361534
0.00384914
0.00399698
0.00397673
-0.000587096
-0.000637926
-0.000604245
-0.00053785
-0.000427162
-0.000270457
-6.62962e-05
0.000186366
0.000487498
0.000835576
0.00122711
0.00165618
0.00211381
0.00258651
0.00305593
0.00349812
0.00388327
0.00417671
0.00436621
0.00434958
-0.000856631
-0.000916155
-0.000884534
-0.000819918
-0.000708571
-0.000547748
-0.000334745
-6.71388e-05
0.000256475
0.000636047
0.00106955
0.00155234
0.00207673
0.00262936
0.00319057
0.00373248
0.00421731
0.00459733
0.00484921
0.00484248
-0.00118175
-0.00125226
-0.00122413
-0.0011634
-0.00105359
-0.000890687
-0.000670385
-0.000388553
-4.19926e-05
0.000371166
0.000850951
0.00139478
0.00199748
0.00264715
0.00332426
0.00399772
0.0046207
0.00512743
0.00547407
0.00549192
-0.00156679
-0.00165112
-0.00162852
-0.00157483
-0.00147011
-0.00130872
-0.00108439
-0.000790949
-0.000423077
2.34324e-05
0.000551286
0.00116091
0.0018513
0.00261431
0.00343351
0.00427723
0.00509022
0.00578471
0.00627804
0.00635537
-0.00201668
-0.00211831
-0.00210395
-0.00206171
-0.00196722
-0.00181275
-0.00158966
-0.00128945
-0.000904448
-0.00042788
0.000146175
0.000822087
0.00160447
0.00249277
0.00347891
0.00453679
0.00560734
0.00658263
0.00730779
0.00752822
-0.00253713
-0.00266022
-0.00265742
-0.00263246
-0.0025552
-0.00241515
-0.00220074
-0.00190092
-0.00150578
-0.00100616
-0.000392787
0.000344634
0.00121269
0.00222767
0.00339676
0.00471089
0.0061207
0.0075132
0.00861495
0.00917481
-0.00313524
-0.00328388
-0.00329653
-0.00329649
-0.0032457
-0.0031298
-0.00293366
-0.00264351
-0.00224772
-0.00173594
-0.00109705
-0.000317465
0.000620722
0.00174522
0.00309006
0.00468227
0.00651284
0.00850596
0.0102226
0.0115778
-0.00382409
-0.00400006
-0.00403005
-0.00406422
-0.00405187
-0.00397246
-0.00380605
-0.00353609
-0.00315029
-0.00263909
-0.00199244
-0.00119396
-0.000215066
0.000960805
0.00241902
0.00424667
0.00652644
0.00932142
0.0120188
0.0152679
-0.00459798
-0.00482024
-0.00487131
-0.00495466
-0.00499445
-0.00496376
-0.00483798
-0.00459776
-0.00423125
-0.00373297
-0.0031008
-0.00233079
-0.00141218
-0.000291059
0.00114273
0.00300881
0.005577
0.00936634
0.0134268
0.0202732
-0.00560632
-0.0056755
-0.00574381
-0.00587348
-0.00600833
-0.0060765
-0.00603062
-0.00584163
-0.00550182
-0.00501739
-0.00440242
-0.00366581
-0.00280771
-0.00177688
-0.000481756
0.00102202
0.00312166
0.00715487
0.0115211
0.024051
-0.00640737
-0.00709279
-0.00710907
-0.00742829
-0.00760791
-0.00768056
-0.007615
-0.00739832
-0.00703434
-0.00653687
-0.00594317
-0.00529214
-0.00465395
-0.00410388
-0.00379075
-0.00353028
-0.00387666
-0.00082802
0.00222421
0.0241923
-0.0095492
-0.00734574
-0.00748076
-0.00766879
-0.00813348
-0.00851878
-0.00873341
-0.00870956
-0.00845082
-0.00797957
-0.00738643
-0.00672712
-0.0061869
-0.00589754
-0.00632755
-0.00745544
-0.0113493
-0.0103585
-0.00747189
0.028062
-0.00705309
-0.0104932
-0.0104455
-0.0115214
-0.0119105
-0.0120624
-0.0119231
-0.0115143
-0.0109079
-0.0101156
-0.00929222
-0.00849611
-0.00797689
-0.00802696
-0.0094004
-0.0118514
-0.0195981
-0.0185949
-0.00838841
0.0535172
-0.0303192
-0.00670457
-0.00702359
-0.00777584
-0.00864826
-0.00947056
-0.0100516
-0.0102251
-0.0100873
-0.00955001
-0.00902488
-0.00823073
-0.0079817
-0.00766637
-0.00851941
-0.00843817
-0.00673876
0.0103884
0.0594284
0.172625
2.00197e-05
-5.73338e-06
3.13407e-05
0.000101778
0.000210342
0.000355981
0.000536836
0.00075039
0.000993098
0.00126019
0.00154552
0.00184147
0.00213895
0.00242757
0.00269587
0.00293187
0.00312361
0.00326014
0.00334088
0.00332514
4.52689e-05
1.80708e-05
5.50443e-05
0.000122904
0.00022774
0.000368895
0.000544826
0.000753321
0.000991114
0.0012537
0.00153514
0.00182789
0.00212319
0.00241059
0.00267856
0.00291496
0.00310752
0.00324514
0.00332824
0.00331123
5.88147e-06
-2.51522e-05
1.11482e-05
7.81987e-05
0.000182767
0.000324373
0.000501741
0.000712967
0.00095507
0.00122378
0.00151334
0.0018166
0.00212416
0.00242533
0.00270791
0.00295877
0.00316432
0.00331189
0.00340154
0.00338175
-7.15055e-05
-0.000106118
-7.04119e-05
-3.84201e-06
0.000101208
0.000244602
0.000425493
0.000642437
0.000892899
0.00117299
0.00147722
0.00179846
0.00212739
0.00245252
0.00276048
0.00303652
0.00326488
0.00343024
0.00353171
0.0035107
-0.000193109
-0.00023202
-0.000196878
-0.000130399
-2.39154e-05
0.000122913
0.000309814
0.000535968
0.000799451
0.00109693
0.00142331
0.0017716
0.00213232
0.00249326
0.00283958
0.00315408
0.00341772
0.00361099
0.00373116
0.00370979
-0.000360646
-0.000405006
-0.000370607
-0.000304236
-0.00019588
-4.45747e-05
0.000150176
0.000388384
0.000668956
0.000989328
0.00134506
0.00172955
0.00213333
0.00254342
0.00294321
0.00331236
0.00362717
0.00386187
0.00401028
0.00398987
-0.000576356
-0.000627635
-0.000594496
-0.000528822
-0.000418881
-0.000262893
-5.93599e-05
0.000192824
0.000493684
0.000841751
0.00123359
0.00166331
0.00212198
0.00259609
0.00306724
0.00351135
0.00389839
0.00419337
0.00438395
0.00436734
-0.000843268
-0.000903322
-0.000872404
-0.00080874
-0.000698408
-0.000538589
-0.000326494
-5.96169e-05
0.000263524
0.000642957
0.00107673
0.00156027
0.00208595
0.00264044
0.00320407
0.00374881
0.00423661
0.00461925
0.00487309
0.00486679
-0.00116495
-0.0012361
-0.00120892
-0.00114948
-0.0010411
-0.000879624
-0.000660655
-0.000379943
-3.41815e-05
0.000378602
0.00085854
0.00140316
0.0020074
0.00265947
0.00333988
0.00401745
0.00464502
0.00515614
0.00550627
0.00552545
-0.00154545
-0.00163058
-0.00160929
-0.00155742
-0.00145472
-0.0012954
-0.00107305
-0.000781319
-0.00041476
3.09663e-05
0.000558694
0.001169
0.00186111
0.00262705
0.00345058
0.00430011
0.00512007
0.00582181
0.0063213
0.00640183
-0.00198928
-0.00209194
-0.00207944
-0.00203978
-0.00194821
-0.00179678
-0.00157662
-0.001279
-0.000896102
-0.000420986
0.000152401
0.000828571
0.00161264
0.00250419
0.00349569
0.00456143
0.00564227
0.00662935
0.00736527
0.00759284
-0.00250158
-0.00262604
-0.0026259
-0.00260467
-0.00253166
-0.00239605
-0.00218596
-0.00189004
-0.00149818
-0.00100103
-0.000389211
0.000347888
0.00121679
0.00223465
0.00340963
0.00473381
0.00615821
0.00756926
0.00868996
0.00926486
-0.0030887
-0.00323918
-0.00325567
-0.00326104
-0.00321643
-0.00310702
-0.00291719
-0.00263281
-0.002242
-0.0017342
-0.00109837
-0.000320735
0.000616844
0.0017425
0.00309237
0.00469638
0.00654647
0.00856761
0.0103164
0.0117041
-0.00376259
-0.00394117
-0.00397668
-0.00401871
-0.00401533
-0.00394531
-0.00378804
-0.00352641
-0.00314789
-0.00264287
-0.0020014
-0.00120706
-0.000230489
0.000941135
0.00239943
0.00423918
0.00654297
0.00937673
0.0121284
0.0154435
-0.00451686
-0.00474261
-0.00480137
-0.00489605
-0.00494869
-0.0049314
-0.0048186
-0.0045902
-0.00423403
-0.00374471
-0.00312065
-0.00235901
-0.00145156
-0.000343543
0.00107414
0.00295473
0.00554573
0.0093836
0.0135343
0.0205034
-0.00549775
-0.00557101
-0.0056499
-0.00579527
-0.00594866
-0.00603632
-0.00600924
-0.00583693
-0.0055114
-0.00503905
-0.00443505
-0.00370987
-0.0028661
-0.00185721
-0.000628046
0.000912513
0.00301553
0.00708016
0.0115621
0.0242841
-0.0062706
-0.00696477
-0.00699259
-0.00733454
-0.00753839
-0.00763648
-0.00759502
-0.00739945
-0.00705339
-0.00657094
-0.00599087
-0.00535419
-0.00473368
-0.00420311
-0.00388211
-0.00372676
-0.00413962
-0.00113732
0.00205065
0.0243124
-0.00936601
-0.00716798
-0.00732039
-0.00753487
-0.00803269
-0.00845368
-0.0087029
-0.00870903
-0.00847478
-0.00802271
-0.00744598
-0.00680313
-0.0062855
-0.00602845
-0.0065111
-0.00775112
-0.0118305
-0.0109367
-0.00789704
0.0280437
-0.00686408
-0.0103086
-0.0102576
-0.0113656
-0.0117927
-0.01199
-0.0118933
-0.0115206
-0.010943
-0.0101716
-0.00936499
-0.00858511
-0.00808969
-0.00818236
-0.00963358
-0.012213
-0.0201679
-0.019268
-0.00881705
0.0538145
-0.0300578
-0.00643259
-0.00677159
-0.00756259
-0.00848853
-0.00936853
-0.0100033
-0.0102209
-0.0101176
-0.00960354
-0.00909714
-0.00831918
-0.00809626
-0.0078193
-0.00873745
-0.00873121
-0.00711816
0.0100664
0.0594241
0.173522
2.34299e-05
-2.44162e-06
3.44759e-05
0.000104728
0.000213122
0.000358633
0.000539414
0.000752964
0.000995742
0.00126298
0.00154853
0.00184478
0.00214262
0.00243162
0.00270028
0.00293661
0.00312858
0.00326524
0.00334603
0.00333022
4.89185e-05
2.15955e-05
5.84045e-05
0.000126066
0.000230718
0.000371726
0.000547565
0.000756036
0.00099388
0.0012566
0.00153826
0.0018313
0.00212695
0.00241475
0.0026831
0.00291984
0.00311266
0.00325044
0.0033336
0.00331652
1.0015e-05
-2.11518e-05
1.49658e-05
8.17908e-05
0.000186142
0.000327567
0.000504808
0.000715977
0.000958107
0.00122693
0.00151671
0.00182028
0.00212822
0.00242983
0.00271286
0.00296413
0.00317002
0.00331781
0.00340756
0.00338771
-6.66303e-05
-0.000101389
-6.58966e-05
4.03645e-07
0.000105185
0.000248341
0.00042905
0.000645888
0.00089634
0.00117653
0.00148097
0.00180256
0.00213193
0.00245758
0.00276611
0.0030427
0.00327153
0.00343721
0.00353887
0.00351783
-0.000187239
-0.000226316
-0.000191432
-0.000125286
-1.91458e-05
0.000127364
0.000314004
0.000539984
0.000803406
0.00110095
0.00142755
0.00177624
0.00213749
0.00249911
0.00284618
0.00316145
0.00342578
0.00361958
0.00374009
0.00371874
-0.00035348
-0.000398033
-0.000363957
-0.000298011
-0.000190107
-3.92351e-05
0.000155142
0.000393075
0.00067351
0.000993913
0.00134987
0.00173481
0.00213926
0.00255023
0.00295105
0.00332132
0.00363718
0.00387273
0.00402174
0.00400145
-0.000567515
-0.000619026
-0.000586303
-0.000521188
-0.000411856
-0.000256473
-5.34809e-05
0.000198278
0.00049888
0.000846907
0.00123896
0.0016692
0.0021287
0.00260397
0.00307655
0.00352227
0.00391092
0.00420729
0.00439889
0.00438259
-0.000832258
-0.000892598
-0.000862234
-0.000799325
-0.000689836
-0.000530872
-0.00031957
-5.3349e-05
0.000269343
0.000648601
0.00108254
0.00156663
0.00209333
0.00264932
0.00321491
0.00376197
0.00425223
0.00463711
0.00489269
0.00488705
-0.00115112
-0.00122263
-0.0011962
-0.00113781
-0.00103061
-0.000870369
-0.000652568
-0.000372863
-2.78551e-05
0.000384516
0.000864471
0.00140962
0.00201504
0.00266898
0.00335201
0.00403286
0.00466415
0.00517887
0.00553191
0.00555242
-0.00152792
-0.00161352
-0.00159329
-0.00154288
-0.00144187
-0.00128433
-0.0010637
-0.000773503
-0.000408172
3.67429e-05
0.000564191
0.00117486
0.0018682
0.00263635
0.00346322
0.00431727
0.00514271
0.00585019
0.00635453
0.0064377
-0.00196689
-0.00207018
-0.00205916
-0.00202158
-0.00193242
-0.00178356
-0.00156593
-0.00127062
-0.000889667
-0.000415999
0.000156565
0.000832635
0.00161781
0.00251167
0.00350715
0.00457888
0.00566758
0.0066636
0.00740764
0.00764033
-0.00247278
-0.00259807
-0.00260004
-0.00258177
-0.00251222
-0.00238031
-0.00217389
-0.00188138
-0.0014925
-0.000997763
-0.00038759
0.000348809
0.00121794
0.00223755
0.00341675
0.00474838
0.0061837
0.00760834
0.00874264
0.00932722
-0.00305146
-0.00320307
-0.00322252
-0.0032321
-0.00319241
-0.00308827
-0.0029037
-0.00262426
-0.00223787
-0.00173383
-0.00110099
-0.000325472
0.000610959
0.00173664
0.0030897
0.00470216
0.00656682
0.00860795
0.0103788
0.0117857
-0.0037143
-0.00389442
-0.00393404
-0.00398197
-0.0039855
-0.0039229
-0.00377305
-0.00351843
-0.00314625
-0.00264682
-0.00201021
-0.00121989
-0.000245417
0.00092121
0.00237853
0.00422716
0.00654851
0.00940965
0.0121968
0.0155478
-0.00445466
-0.00468234
-0.00474658
-0.00484937
-0.00491153
-0.00490447
-0.0048019
-0.00458318
-0.00423581
-0.00375442
-0.00313783
-0.00238408
-0.00148734
-0.000390011
0.00101504
0.00290755
0.00551697
0.0093889
0.0135973
0.0206295
-0.00541718
-0.0054926
-0.0055786
-0.00573469
-0.00590114
-0.00600292
-0.00598995
-0.00583083
-0.00551714
-0.00505533
-0.00446124
-0.00374654
-0.00291593
-0.00192893
-0.000768249
0.000822068
0.00293709
0.00702938
0.0115873
0.0244069
-0.00617334
-0.00687104
-0.00690596
-0.00726194
-0.00748181
-0.00759753
-0.00757357
-0.00739483
-0.00706365
-0.00659432
-0.00602651
-0.00540231
-0.00479526
-0.00427387
-0.00392327
-0.00385754
-0.00431261
-0.00132047
0.0019602
0.0243717
-0.00924
-0.00704337
-0.00720632
-0.00743654
-0.00795527
-0.00839962
-0.00867252
-0.00870121
-0.00848643
-0.00805069
-0.00748863
-0.00686046
-0.00636061
-0.00612572
-0.00663983
-0.00794677
-0.0121218
-0.0112717
-0.00813093
0.0280028
-0.00674617
-0.0101853
-0.0101291
-0.0112525
-0.0117006
-0.011925
-0.0118552
-0.0115109
-0.0109565
-0.0102037
-0.0094133
-0.00864939
-0.00817434
-0.00829797
-0.00979922
-0.0124572
-0.0205322
-0.0196896
-0.00913625
0.053853
-0.0298978
-0.0062629
-0.00660893
-0.00741789
-0.00837246
-0.00928776
-0.00995797
-0.0102068
-0.0101295
-0.00963538
-0.00914646
-0.0083846
-0.00818333
-0.00793496
-0.00889891
-0.00894588
-0.00739877
0.00979639
0.059299
0.173796
2.61508e-05
2.23279e-07
3.7038e-05
0.000107164
0.000215436
0.000360849
0.00054157
0.000755107
0.000997928
0.00126527
0.00155098
0.00184745
0.00214554
0.00243482
0.00270376
0.00294034
0.00313251
0.0032693
0.00335016
0.00333433
5.17884e-05
2.44042e-05
6.11052e-05
0.000128634
0.000233155
0.000374055
0.000549823
0.000758271
0.00099615
0.00125897
0.00154079
0.00183404
0.00212996
0.00241805
0.0026867
0.00292371
0.00311676
0.00325468
0.00333792
0.00332084
1.32365e-05
-1.79957e-05
1.80003e-05
8.46723e-05
0.00018887
0.00033016
0.000507305
0.000718429
0.000960576
0.00122949
0.00151943
0.00182322
0.00213146
0.00243341
0.00271678
0.00296839
0.00317456
0.00332255
0.00341241
0.00339258
-6.28585e-05
-9.76911e-05
-6.2343e-05
3.77113e-06
0.000108359
0.000251339
0.000431909
0.000648665
0.000899105
0.00117937
0.00148397
0.00180581
0.00213552
0.00246158
0.00277055
0.00304758
0.0032768
0.00344278
0.00354463
0.00352363
-0.000182713
-0.000221876
-0.000187171
-0.000121261
-1.53727e-05
0.000130897
0.000317337
0.000543179
0.000806549
0.00110415
0.00143091
0.00177989
0.00214155
0.00250369
0.00285135
0.00316722
0.00343212
0.00362638
0.00374719
0.00372592
-0.000347961
-0.000392619
-0.000358772
-0.000293133
-0.000185568
-3.50296e-05
0.000159055
0.000396769
0.000677086
0.000997502
0.00135362
0.0017389
0.00214386
0.0025555
0.00295712
0.00332825
0.00364496
0.00388122
0.00403073
0.00401061
-0.000560711
-0.000612352
-0.000579932
-0.000515229
-0.000406362
-0.000251448
-4.88855e-05
0.000202529
0.000502912
0.000850884
0.00124309
0.00167369
0.00213382
0.00260996
0.00308363
0.00353059
0.0039205
0.00421798
0.00441041
0.00439443
-0.000823793
-0.000884299
-0.000854345
-0.000792002
-0.00068316
-0.000524868
-0.000314198
-4.85116e-05
0.0002738
0.000652885
0.00108691
0.00157139
0.00209883
0.00265593
0.00322298
0.00377179
0.00426393
0.00465055
0.00490747
0.00490241
-0.0011405
-0.00121223
-0.00118637
-0.00112877
-0.00102248
-0.000863204
-0.000646335
-0.00036745
-2.30764e-05
0.000388918
0.00086882
0.00141431
0.00202055
0.00267586
0.0033608
0.00404408
0.00467813
0.00519554
0.00555075
0.00557231
-0.00151452
-0.00160041
-0.00158096
-0.00153166
-0.00143195
-0.0012758
-0.00105653
-0.000767582
-0.00040327
4.09343e-05
0.000568068
0.00117891
0.00187307
0.00264278
0.00347205
0.00432937
0.00515878
0.00587038
0.00637822
0.00646327
-0.00194985
-0.00205354
-0.00204362
-0.0020076
-0.00192029
-0.00177342
-0.00155778
-0.00126432
-0.000884953
-0.000412511
0.000159285
0.000835097
0.00162094
0.00251651
0.00351468
0.00459064
0.00568488
0.00668714
0.00743678
0.00767281
-0.00245103
-0.00257686
-0.00258037
-0.00256429
-0.00249734
-0.00236826
-0.00216469
-0.00187489
-0.0014884
-0.000995635
-0.000386898
0.000348787
0.00121792
0.0022386
0.00342061
0.00475744
0.00620025
0.00763409
0.0087774
0.00936789
-0.00302364
-0.00317597
-0.00319755
-0.00321016
-0.00317411
-0.00307393
-0.00289339
-0.0026178
-0.00223491
-0.00173393
-0.00110359
-0.00032985
0.000605632
0.00173108
0.00308633
0.00470459
0.00657885
0.00863309
0.010418
0.0118359
-0.00367877
-0.00385983
-0.00390231
-0.0039544
-0.00396291
-0.00390576
-0.00376147
-0.00351222
-0.00314501
-0.00265006
-0.00201742
-0.00123026
-0.000256725
0.000905834
0.00236305
0.0042168
0.00654965
0.00942819
0.0122374
0.0156078
-0.00440971
-0.00463851
-0.00470645
-0.00481474
-0.00488356
-0.00488383
-0.00478876
-0.00457731
-0.00423674
-0.00376165
-0.00315108
-0.0024037
-0.0015154
-0.000423021
0.000979283
0.00287446
0.00549476
0.00938818
0.0136314
0.0206971
-0.00536035
-0.00543695
-0.00552758
-0.00569069
-0.00586592
-0.00597747
-0.00597454
-0.00582505
-0.00552029
-0.00506672
-0.00448057
-0.00377413
-0.002953
-0.00197684
-0.000828309
0.0007628
0.00288354
0.00699434
0.0115978
0.0244691
-0.00610645
-0.00680565
-0.00684493
-0.00720945
-0.00743971
-0.00756734
-0.00755586
-0.00738895
-0.00706883
-0.00660968
-0.00605161
-0.00543734
-0.004841
-0.00433041
-0.00399269
-0.00395008
-0.00442398
-0.00143178
0.00190312
0.0243945
-0.00915557
-0.00695916
-0.00712853
-0.00736811
-0.00789978
-0.00835928
-0.00864836
-0.00869236
-0.0084916
-0.00806829
-0.0075178
-0.0069013
-0.00641504
-0.00619709
-0.00673588
-0.00807677
-0.0123015
-0.01147
-0.0082748
0.0279575
-0.00666996
-0.0101038
-0.0100437
-0.0111749
-0.0116349
-0.0118762
-0.0118255
-0.0114988
-0.0109607
-0.0102222
-0.00944483
-0.00869397
-0.00823458
-0.00837997
-0.00991365
-0.0126173
-0.0207622
-0.0199503
-0.00935975
0.0538184
-0.0297971
-0.00615582
-0.0065044
-0.00732224
-0.00829261
-0.00922878
-0.00992154
-0.0101914
-0.0101327
-0.00965376
-0.00917899
-0.00843032
-0.00824557
-0.0080172
-0.00901239
-0.00909321
-0.00759211
0.00959966
0.059155
0.173859
2.80445e-05
2.09083e-06
3.88436e-05
0.000108892
0.000217086
0.000362433
0.000543111
0.000756635
0.000999481
0.00126689
0.0015527
0.00184931
0.00214757
0.00243704
0.00270617
0.00294292
0.00313524
0.00327212
0.00335304
0.00333723
5.37716e-05
2.63574e-05
6.2993e-05
0.00013044
0.000234877
0.000375706
0.000551425
0.000759856
0.000997756
0.00126064
0.00154256
0.00183596
0.00213205
0.00242034
0.0026892
0.0029264
0.0031196
0.00325764
0.00334095
0.00332389
1.54502e-05
-1.58146e-05
2.01068e-05
8.66836e-05
0.000190782
0.000331984
0.000509064
0.000720155
0.000962312
0.00123128
0.00152133
0.00182528
0.00213371
0.00243588
0.0027195
0.00297134
0.00317771
0.00332585
0.00341581
0.003396
-6.02796e-05
-9.51498e-05
-5.98919e-05
6.10468e-06
0.000110566
0.000253429
0.000433906
0.000650604
0.000901035
0.00118134
0.00148605
0.00180807
0.00213801
0.00246435
0.00277362
0.00305096
0.00328045
0.00344665
0.00354864
0.00352768
-0.000179627
-0.000218835
-0.000184244
-0.000118486
-1.27636e-05
0.000133345
0.000319648
0.000545395
0.000808725
0.00110635
0.00143323
0.0017824
0.00214434
0.00250683
0.00285489
0.00317119
0.00343648
0.00363106
0.0037521
0.00373092
-0.000344205
-0.000388919
-0.000355221
-0.000289783
-0.000182443
-3.21307e-05
0.000161752
0.000399312
0.000679543
0.00099996
0.00135619
0.00174168
0.00214698
0.00255908
0.00296124
0.00333296
0.00365025
0.00388701
0.00403688
0.0040169
-0.000556086
-0.000607799
-0.000575577
-0.000511148
-0.000402593
-0.000248
-4.57353e-05
0.000205436
0.000505659
0.000853583
0.00124587
0.00167672
0.00213726
0.00261398
0.00308838
0.00353617
0.00392694
0.00422518
0.00441818
0.00440244
-0.000818045
-0.000878648
-0.000848965
-0.000786999
-0.000678596
-0.000520764
-0.000310534
-4.52254e-05
0.00027681
0.000655759
0.00108982
0.00157454
0.00210246
0.00266029
0.00322831
0.00377829
0.00427168
0.00465946
0.00491728
0.00491263
-0.00113331
-0.00120517
-0.00117968
-0.00112261
-0.00101694
-0.000858327
-0.000642105
-0.000363797
-1.98787e-05
0.00039183
0.000871663
0.00141735
0.00202411
0.00268028
0.00336648
0.00405136
0.00468721
0.00520638
0.00556302
0.00558526
-0.00150546
-0.00159152
-0.0015726
-0.00152404
-0.00142521
-0.00127001
-0.00105169
-0.000763608
-0.000400024
4.36556e-05
0.000570524
0.00118142
0.00187607
0.00264673
0.00347757
0.00433702
0.00516897
0.00588322
0.00639327
0.00647948
-0.00193839
-0.00204231
-0.00203313
-0.00199815
-0.00191208
-0.00176656
-0.00155228
-0.0012601
-0.000881864
-0.000410311
0.000160891
0.000836472
0.00162266
0.00251892
0.00351911
0.00459779
0.00569553
0.00670168
0.00745476
0.00769276
-0.00243648
-0.00256264
-0.00256715
-0.00255252
-0.00248731
-0.00236013
-0.0021585
-0.00187055
-0.00148574
-0.00099438
-0.000386688
0.00034847
0.00121749
0.00223874
0.00342253
0.00476257
0.00620999
0.00764939
0.00879807
0.00939183
-0.00300519
-0.00315794
-0.00318089
-0.00319547
-0.0031618
-0.00306426
-0.00288642
-0.00261346
-0.002233
-0.00173416
-0.00110557
-0.000333086
0.000601834
0.00172699
0.00308356
0.00470524
0.00658525
0.00864722
0.0104402
0.0118638
-0.00365545
-0.00383706
-0.00388135
-0.00393607
-0.00394779
-0.00389421
-0.0037536
-0.00350796
-0.00314415
-0.00265231
-0.00202241
-0.00123731
-0.000263725
0.000895753
0.00235302
0.00420949
0.0065489
0.00943744
0.0122587
0.0156387
-0.00438059
-0.00461001
-0.00468022
-0.00479192
-0.00486493
-0.0048699
-0.00477973
-0.0045731
-0.00423713
-0.00376637
-0.00315998
-0.00241701
-0.0015347
-0.000444069
0.000957946
0.00285371
0.00547984
0.00938539
0.0136472
0.0207289
-0.00532416
-0.00540138
-0.00549477
-0.00566211
-0.00584272
-0.00596037
-0.00596382
-0.00582062
-0.00552181
-0.00507387
-0.00449318
-0.00379238
-0.00297734
-0.00200675
-0.000862565
0.000726576
0.00285024
0.00697179
0.0115994
0.0244952
-0.00606449
-0.00676431
-0.0068061
-0.00717553
-0.00741196
-0.00754685
-0.00754313
-0.00738392
-0.00707114
-0.00661891
-0.00606754
-0.0054601
-0.00487112
-0.00436834
-0.00404095
-0.00400814
-0.00449009
-0.00149561
0.00186817
0.0243974
-0.00910374
-0.00690721
-0.0070802
-0.007325
-0.00786415
-0.00833258
-0.00863142
-0.0086851
-0.00849344
-0.00807849
-0.00753593
-0.00692746
-0.00645036
-0.00624362
-0.00679771
-0.00815571
-0.0124047
-0.0115808
-0.00835869
0.0279173
-0.00662364
-0.0100539
-0.00999147
-0.0111265
-0.011593
-0.0118438
-0.011804
-0.0114885
-0.010961
-0.0102322
-0.0094638
-0.008722
-0.00827313
-0.00843232
-0.00998516
-0.0127138
-0.0208963
-0.0201019
-0.00950019
0.0537627
-0.029738
-0.006093
-0.00644235
-0.00726437
-0.00824296
-0.00919065
-0.00989656
-0.0101793
-0.0101324
-0.00966398
-0.00919858
-0.00845909
-0.00828533
-0.00806979
-0.00908392
-0.00918489
-0.00771079
0.00947297
0.0590461
0.173841
2.90168e-05
3.05233e-06
3.97758e-05
0.000109786
0.000217942
0.000363256
0.000543911
0.000757429
0.00100028
0.00126772
0.00155359
0.00185026
0.00214861
0.00243817
0.0027074
0.00294424
0.00313663
0.00327357
0.00335452
0.00333872
5.47863e-05
2.73594e-05
6.3964e-05
0.000131371
0.000235768
0.000376561
0.000552255
0.000760676
0.000998585
0.0012615
0.00154348
0.00183695
0.00213313
0.00242152
0.00269048
0.00292777
0.00312106
0.00325916
0.00334251
0.00332546
1.6579e-05
-1.46996e-05
2.11862e-05
8.77169e-05
0.000191767
0.000332924
0.00050997
0.000721045
0.000963206
0.0012322
0.0015223
0.00182633
0.00213487
0.00243715
0.00272089
0.00297285
0.00317932
0.00332754
0.00341756
0.00339777
-5.89684e-05
-9.38549e-05
-5.86406e-05
7.29875e-06
0.000111698
0.000254502
0.000434931
0.0006516
0.000902025
0.00118236
0.00148712
0.00180922
0.00213927
0.00246576
0.00277519
0.00305268
0.00328231
0.00344863
0.00355069
0.00352977
-0.000178061
-0.00021729
-0.000182754
-0.00011707
-1.14304e-05
0.000134597
0.00032083
0.000546527
0.000809836
0.00110748
0.00143441
0.00178367
0.00214576
0.00250842
0.00285669
0.0031732
0.0034387
0.00363345
0.00375461
0.00373347
-0.000342303
-0.000387042
-0.000353416
-0.000288078
-0.000180851
-3.06525e-05
0.000163127
0.000400606
0.000680791
0.00100121
0.00135749
0.00174309
0.00214856
0.00256089
0.00296332
0.00333534
0.00365293
0.00388994
0.00404
0.00402009
-0.000553745
-0.000605492
-0.000573368
-0.000509074
-0.000400677
-0.000246247
-4.41349e-05
0.000206909
0.000507049
0.000854944
0.00124727
0.00167824
0.00213898
0.00261599
0.00309076
0.00353897
0.00393017
0.0042288
0.00442209
0.00440647
-0.00081514
-0.000875787
-0.000846239
-0.000784462
-0.00067628
-0.000518683
-0.000308679
-4.35655e-05
0.000278326
0.0006572
0.00109127
0.00157611
0.00210426
0.00266245
0.00323096
0.00378151
0.00427553
0.00466389
0.00492216
0.00491772
-0.00112968
-0.0012016
-0.0011763
-0.00111949
-0.00101414
-0.000855859
-0.000639969
-0.000361959
-1.82773e-05
0.000393279
0.000873068
0.00141884
0.00202585
0.00268246
0.00336927
0.00405493
0.00469167
0.00521171
0.00556904
0.00559162
-0.00150089
-0.00158704
-0.00156838
-0.00152019
-0.00142181
-0.00126709
-0.00104925
-0.000761614
-0.000398407
4.49961e-05
0.000571719
0.00118264
0.00187752
0.00264866
0.00348024
0.00434071
0.0051739
0.00588943
0.00640055
0.00648731
-0.00193263
-0.00203667
-0.00202784
-0.00199338
-0.00190794
-0.0017631
-0.00154951
-0.001258
-0.000880333
-0.000409243
0.000161645
0.000837097
0.00162347
0.00252028
0.00352121
0.00460117
0.00570058
0.00670858
0.00746329
0.00770219
-0.0024292
-0.00255551
-0.00256053
-0.0025466
-0.00248226
-0.00235603
-0.00215538
-0.00186838
-0.00148442
-0.000993792
-0.000386643
0.000348229
0.00121721
0.00223873
0.00342335
0.00476489
0.00621448
0.00765649
0.00880763
0.00940286
-0.002996
-0.00314895
-0.00317257
-0.00318812
-0.00315563
-0.0030594
-0.00288291
-0.00261128
-0.00223205
-0.00173431
-0.00110662
-0.000334737
0.000599932
0.0017249
0.00308208
0.00470533
0.00658801
0.00865353
0.0104502
0.0118762
-0.00364392
-0.00382577
-0.00387094
-0.00392693
-0.00394022
-0.0038884
-0.00374962
-0.00350579
-0.0031437
-0.00265345
-0.00202493
-0.00124082
-0.000266864
0.000890835
0.00234812
0.00420577
0.00654813
0.00944118
0.0122678
0.0156517
-0.00436629
-0.00459599
-0.00466728
-0.00478061
-0.00485564
-0.0048629
-0.00477513
-0.00457091
-0.00423725
-0.00376868
-0.00316443
-0.00242371
-0.00154464
-0.000454336
0.000947904
0.00284372
0.00547238
0.00938329
0.0136532
0.0207412
-0.00530656
-0.00538405
-0.00547873
-0.00564806
-0.00583122
-0.00595179
-0.00595835
-0.00581825
-0.00552241
-0.0050773
-0.00449939
-0.00380144
-0.00298939
-0.00202114
-0.000878015
0.000709375
0.0028342
0.00696059
0.0115987
0.0245041
-0.00604424
-0.0067443
-0.00678724
-0.00715891
-0.00739822
-0.00753655
-0.00753654
-0.00738111
-0.00707199
-0.00662324
-0.00607526
-0.00547129
-0.00488603
-0.00438725
-0.00406552
-0.00403612
-0.00452108
-0.00152505
0.00185106
0.0243956
-0.00907908
-0.00688243
-0.00705705
-0.0073042
-0.00784677
-0.00831933
-0.00862276
-0.00868113
-0.00849394
-0.00808316
-0.00754461
-0.00694022
-0.00646771
-0.00626651
-0.00682786
-0.00819305
-0.0124519
-0.0116309
-0.00839801
0.0278951
-0.0066016
-0.0100301
-0.00996664
-0.0111032
-0.0115727
-0.0118278
-0.0117931
-0.0114829
-0.0109606
-0.0102366
-0.00947273
-0.00873553
-0.00829191
-0.00845778
-0.0100195
-0.0127592
-0.0209582
-0.0201718
-0.00956783
0.0537287
-0.0297104
-0.0060638
-0.00641335
-0.00723706
-0.00821919
-0.009172
-0.00988394
-0.0101728
-0.0101316
-0.00966843
-0.00920782
-0.00847298
-0.0083047
-0.00809539
-0.00911846
-0.00922871
-0.00776719
0.00941137
0.0589889
0.17382
2.90206e-05
3.05568e-06
3.97787e-05
0.000109789
0.000217944
0.000363256
0.000543911
0.000757427
0.00100028
0.00126772
0.00155359
0.00185026
0.00214861
0.00243817
0.0027074
0.00294424
0.00313663
0.00327357
0.00335452
0.00333872
5.47898e-05
2.73626e-05
6.39668e-05
0.000131373
0.000235769
0.000376561
0.000552254
0.000760674
0.000998583
0.00126149
0.00154347
0.00183695
0.00213313
0.00242152
0.00269048
0.00292777
0.00312106
0.00325916
0.00334252
0.00332547
1.65823e-05
-1.46966e-05
2.11886e-05
8.77186e-05
0.000191767
0.000332924
0.000509969
0.000721043
0.000963204
0.0012322
0.0015223
0.00182633
0.00213486
0.00243715
0.00272089
0.00297285
0.00317932
0.00332754
0.00341756
0.00339777
-5.89655e-05
-9.38524e-05
-5.86385e-05
7.30019e-06
0.000111699
0.000254502
0.00043493
0.000651598
0.000902023
0.00118235
0.00148712
0.00180922
0.00213927
0.00246575
0.00277519
0.00305268
0.00328232
0.00344863
0.0035507
0.00352977
-0.000178059
-0.000217288
-0.000182752
-0.000117068
-1.14295e-05
0.000134598
0.00032083
0.000546526
0.000809833
0.00110747
0.0014344
0.00178367
0.00214576
0.00250842
0.00285669
0.0031732
0.0034387
0.00363345
0.00375461
0.00373347
-0.000342301
-0.000387041
-0.000353415
-0.000288077
-0.00018085
-3.06521e-05
0.000163126
0.000400604
0.000680788
0.0010012
0.00135748
0.00174309
0.00214856
0.00256089
0.00296332
0.00333534
0.00365293
0.00388994
0.00404
0.00402009
-0.000553744
-0.000605491
-0.000573368
-0.000509074
-0.000400676
-0.000246247
-4.4136e-05
0.000206907
0.000507046
0.000854941
0.00124727
0.00167824
0.00213898
0.00261599
0.00309076
0.00353897
0.00393017
0.0042288
0.00442209
0.00440647
-0.00081514
-0.000875788
-0.000846239
-0.000784462
-0.00067628
-0.000518684
-0.00030868
-4.35679e-05
0.000278323
0.000657198
0.00109127
0.00157611
0.00210426
0.00266245
0.00323096
0.00378151
0.00427553
0.00466389
0.00492216
0.00491772
-0.00112968
-0.0012016
-0.0011763
-0.00111949
-0.00101414
-0.000855861
-0.000639971
-0.00036196
-1.82789e-05
0.000393277
0.000873067
0.00141884
0.00202585
0.00268245
0.00336927
0.00405493
0.00469167
0.00521171
0.00556904
0.00559162
-0.00150089
-0.00158705
-0.00156838
-0.00152019
-0.00142181
-0.00126709
-0.00104925
-0.000761615
-0.000398407
4.49958e-05
0.000571718
0.00118264
0.00187752
0.00264866
0.00348024
0.00434071
0.0051739
0.00588943
0.00640055
0.00648731
-0.00193263
-0.00203667
-0.00202784
-0.00199338
-0.00190794
-0.00176311
-0.00154952
-0.001258
-0.000880333
-0.000409243
0.000161644
0.000837096
0.00162347
0.00252027
0.00352121
0.00460117
0.00570058
0.00670858
0.00746329
0.00770219
-0.0024292
-0.00255551
-0.00256053
-0.0025466
-0.00248226
-0.00235603
-0.00215538
-0.00186838
-0.00148442
-0.000993792
-0.000386643
0.000348229
0.00121721
0.00223873
0.00342334
0.00476489
0.00621448
0.00765648
0.00880763
0.00940286
-0.002996
-0.00314895
-0.00317257
-0.00318812
-0.00315563
-0.0030594
-0.00288291
-0.00261128
-0.00223205
-0.00173431
-0.00110662
-0.000334737
0.000599931
0.0017249
0.00308208
0.00470533
0.00658801
0.00865353
0.0104502
0.0118762
-0.00364392
-0.00382577
-0.00387094
-0.00392693
-0.00394022
-0.0038884
-0.00374962
-0.00350579
-0.0031437
-0.00265345
-0.00202493
-0.00124082
-0.000266864
0.000890837
0.00234812
0.00420577
0.00654813
0.00944118
0.0122678
0.0156517
-0.00436629
-0.00459599
-0.00466729
-0.00478061
-0.00485564
-0.0048629
-0.00477513
-0.00457091
-0.00423725
-0.00376868
-0.00316443
-0.00242371
-0.00154463
-0.000454333
0.000947906
0.00284373
0.00547238
0.00938329
0.0136532
0.0207412
-0.00530656
-0.00538406
-0.00547873
-0.00564807
-0.00583122
-0.00595179
-0.00595834
-0.00581825
-0.00552241
-0.0050773
-0.00449939
-0.00380143
-0.00298939
-0.00202114
-0.000878013
0.000709377
0.0028342
0.00696059
0.0115987
0.0245041
-0.00604424
-0.0067443
-0.00678724
-0.00715891
-0.00739822
-0.00753655
-0.00753654
-0.00738111
-0.00707199
-0.00662324
-0.00607526
-0.00547129
-0.00488603
-0.00438725
-0.00406552
-0.00403612
-0.00452108
-0.00152505
0.00185106
0.0243956
-0.00907908
-0.00688243
-0.00705705
-0.0073042
-0.00784677
-0.00831933
-0.00862276
-0.00868113
-0.00849394
-0.00808316
-0.00754461
-0.00694022
-0.00646771
-0.00626651
-0.00682786
-0.00819305
-0.0124519
-0.0116309
-0.00839801
0.0278951
-0.0066016
-0.0100301
-0.00996664
-0.0111032
-0.0115727
-0.0118278
-0.0117931
-0.0114829
-0.0109606
-0.0102366
-0.00947273
-0.00873553
-0.00829191
-0.00845778
-0.0100195
-0.0127592
-0.0209582
-0.0201718
-0.00956783
0.0537287
-0.0297104
-0.0060638
-0.00641335
-0.00723706
-0.00821919
-0.009172
-0.00988394
-0.0101728
-0.0101316
-0.00966843
-0.00920782
-0.00847298
-0.0083047
-0.00809539
-0.00911846
-0.00922871
-0.00776719
0.00941137
0.0589889
0.17382
2.80568e-05
2.10209e-06
3.88534e-05
0.000108899
0.000217091
0.000362435
0.00054311
0.000756632
0.000999476
0.00126688
0.0015527
0.00184931
0.00214757
0.00243704
0.00270617
0.00294292
0.00313523
0.00327213
0.00335304
0.00333723
5.37833e-05
2.63682e-05
6.30022e-05
0.000130446
0.00023488
0.000375707
0.000551423
0.000759852
0.000997751
0.00126063
0.00154256
0.00183596
0.00213205
0.00242034
0.0026892
0.0029264
0.0031196
0.00325764
0.00334096
0.0033239
1.5461e-05
-1.58047e-05
2.01147e-05
8.66887e-05
0.000190784
0.000331983
0.000509061
0.000720151
0.000962307
0.00123128
0.00152132
0.00182527
0.00213371
0.00243588
0.0027195
0.00297134
0.00317771
0.00332585
0.00341582
0.00339601
-6.02701e-05
-9.51415e-05
-5.98856e-05
6.10868e-06
0.000110568
0.000253428
0.000433903
0.0006506
0.00090103
0.00118134
0.00148605
0.00180806
0.002138
0.00246434
0.00277362
0.00305096
0.00328045
0.00344665
0.00354864
0.00352769
-0.000179619
-0.000218829
-0.000184239
-0.000118482
-1.2762e-05
0.000133345
0.000319646
0.00054539
0.000808719
0.00110634
0.00143322
0.00178239
0.00214434
0.00250682
0.00285489
0.00317119
0.00343648
0.00363107
0.00375211
0.00373092
-0.0003442
-0.000388915
-0.000355218
-0.000289781
-0.000182442
-3.21307e-05
0.000161749
0.000399306
0.000679535
0.000999952
0.00135618
0.00174168
0.00214698
0.00255908
0.00296124
0.00333296
0.00365026
0.00388701
0.00403689
0.0040169
-0.000556083
-0.000607797
-0.000575576
-0.000511146
-0.000402592
-0.000248001
-4.57389e-05
0.000205429
0.000505651
0.000853576
0.00124587
0.00167672
0.00213726
0.00261398
0.00308838
0.00353617
0.00392694
0.00422518
0.00441818
0.00440244
-0.000818045
-0.000878648
-0.000848965
-0.000786999
-0.000678596
-0.000520766
-0.000310539
-4.5232e-05
0.000276804
0.000655754
0.00108982
0.00157454
0.00210245
0.00266028
0.00322831
0.00377828
0.00427168
0.00465946
0.00491728
0.00491263
-0.00113331
-0.00120517
-0.00117968
-0.00112261
-0.00101694
-0.00085833
-0.00064211
-0.000363802
-1.98828e-05
0.000391827
0.000871662
0.00141735
0.0020241
0.00268028
0.00336648
0.00405136
0.00468721
0.00520638
0.00556301
0.00558526
-0.00150546
-0.00159153
-0.00157261
-0.00152404
-0.00142522
-0.00127002
-0.00105169
-0.000763611
-0.000400026
4.36553e-05
0.000570524
0.00118142
0.00187607
0.00264673
0.00347757
0.00433701
0.00516896
0.00588321
0.00639327
0.00647948
-0.00193839
-0.00204231
-0.00203313
-0.00199815
-0.00191208
-0.00176657
-0.00155228
-0.00126011
-0.000881864
-0.000410311
0.00016089
0.000836471
0.00162266
0.00251891
0.0035191
0.00459778
0.00569552
0.00670167
0.00745476
0.00769275
-0.00243648
-0.00256264
-0.00256716
-0.00255252
-0.00248731
-0.00236013
-0.0021585
-0.00187055
-0.00148574
-0.000994382
-0.00038669
0.000348469
0.00121749
0.00223874
0.00342253
0.00476256
0.00620999
0.00764939
0.00879806
0.00939183
-0.00300519
-0.00315794
-0.00318089
-0.00319548
-0.00316181
-0.00306426
-0.00288642
-0.00261346
-0.002233
-0.00173416
-0.00110558
-0.000333087
0.000601834
0.00172699
0.00308356
0.00470524
0.00658525
0.00864722
0.0104402
0.0118638
-0.00365545
-0.00383706
-0.00388135
-0.00393607
-0.00394779
-0.00389421
-0.0037536
-0.00350796
-0.00314415
-0.00265231
-0.00202241
-0.00123731
-0.000263721
0.000895758
0.00235303
0.0042095
0.0065489
0.00943744
0.0122587
0.0156387
-0.0043806
-0.00461001
-0.00468023
-0.00479193
-0.00486494
-0.0048699
-0.00477973
-0.0045731
-0.00423713
-0.00376637
-0.00315998
-0.002417
-0.0015347
-0.000444064
0.000957951
0.00285371
0.00547985
0.00938538
0.0136472
0.0207289
-0.00532416
-0.00540138
-0.00549477
-0.00566212
-0.00584272
-0.00596036
-0.00596382
-0.00582062
-0.00552181
-0.00507387
-0.00449318
-0.00379238
-0.00297734
-0.00200675
-0.000862561
0.000726579
0.00285024
0.00697179
0.0115994
0.0244952
-0.00606449
-0.00676432
-0.0068061
-0.00717553
-0.00741195
-0.00754685
-0.00754313
-0.00738391
-0.00707115
-0.00661892
-0.00606754
-0.0054601
-0.00487112
-0.00436834
-0.00404095
-0.00400814
-0.00449009
-0.00149561
0.00186817
0.0243974
-0.00910375
-0.00690722
-0.0070802
-0.007325
-0.00786415
-0.00833257
-0.00863141
-0.0086851
-0.00849344
-0.00807849
-0.00753592
-0.00692746
-0.00645036
-0.00624362
-0.00679771
-0.00815571
-0.0124047
-0.0115808
-0.00835869
0.0279173
-0.00662365
-0.0100539
-0.00999147
-0.0111265
-0.011593
-0.0118438
-0.011804
-0.0114885
-0.010961
-0.0102322
-0.0094638
-0.008722
-0.00827313
-0.00843232
-0.00998517
-0.0127138
-0.0208963
-0.020102
-0.00950019
0.0537627
-0.029738
-0.006093
-0.00644235
-0.00726437
-0.00824296
-0.00919065
-0.00989655
-0.0101793
-0.0101323
-0.00966397
-0.00919858
-0.00845909
-0.00828533
-0.00806979
-0.00908393
-0.00918489
-0.00771079
0.00947297
0.0590461
0.173841
2.61748e-05
2.45601e-07
3.7057e-05
0.000107178
0.000215445
0.000360853
0.00054157
0.000755104
0.000997922
0.00126526
0.00155097
0.00184744
0.00214554
0.00243482
0.00270376
0.00294034
0.00313251
0.0032693
0.00335016
0.00333434
5.18114e-05
2.44255e-05
6.11227e-05
0.000128646
0.000233161
0.000374057
0.000549821
0.000758267
0.000996144
0.00125896
0.00154078
0.00183404
0.00212996
0.00241805
0.0026867
0.00292371
0.00311676
0.00325469
0.00333793
0.00332085
1.32575e-05
-1.79768e-05
1.80148e-05
8.46811e-05
0.000188873
0.000330159
0.000507301
0.000718424
0.00096057
0.00122948
0.00151942
0.00182322
0.00213146
0.0024334
0.00271678
0.00296839
0.00317456
0.00332255
0.00341242
0.00339259
-6.28407e-05
-9.76758e-05
-6.2332e-05
3.77716e-06
0.00010836
0.000251336
0.000431904
0.000648659
0.000899099
0.00117936
0.00148396
0.0018058
0.00213551
0.00246158
0.00277055
0.00304758
0.00327681
0.00344279
0.00354464
0.00352363
-0.000182699
-0.000221864
-0.000187163
-0.000121257
-1.53724e-05
0.000130894
0.000317332
0.000543173
0.000806541
0.00110414
0.0014309
0.00177988
0.00214155
0.00250368
0.00285135
0.00316723
0.00343213
0.00362638
0.0037472
0.00372593
-0.000347951
-0.00039261
-0.000358766
-0.000293131
-0.000185568
-3.50321e-05
0.000159049
0.00039676
0.000677075
0.000997491
0.00135362
0.00173889
0.00214385
0.0025555
0.00295712
0.00332825
0.00364496
0.00388122
0.00403074
0.00401061
-0.000560704
-0.000612346
-0.000579928
-0.000515227
-0.000406362
-0.000251451
-4.88919e-05
0.000202519
0.000502901
0.000850874
0.00124308
0.00167369
0.00213382
0.00260996
0.00308363
0.00353058
0.0039205
0.00421798
0.00441041
0.00439443
-0.000823789
-0.000884296
-0.000854343
-0.000792001
-0.000683161
-0.000524871
-0.000314205
-4.85212e-05
0.00027379
0.000652877
0.0010869
0.00157138
0.00209882
0.00265592
0.00322297
0.00377179
0.00426393
0.00465055
0.00490747
0.00490241
-0.0011405
-0.00121223
-0.00118637
-0.00112877
-0.00102248
-0.000863209
-0.000646342
-0.000367458
-2.30825e-05
0.000388914
0.000868818
0.00141431
0.00202055
0.00267585
0.00336079
0.00404408
0.00467813
0.00519554
0.00555075
0.0055723
-0.00151452
-0.00160041
-0.00158097
-0.00153166
-0.00143195
-0.0012758
-0.00105654
-0.000767586
-0.000403273
4.09342e-05
0.000568068
0.00117891
0.00187306
0.00264278
0.00347204
0.00432936
0.00515877
0.00587038
0.00637821
0.00646326
-0.00194986
-0.00205354
-0.00204362
-0.0020076
-0.0019203
-0.00177343
-0.00155778
-0.00126432
-0.000884953
-0.00041251
0.000159285
0.000835094
0.00162094
0.0025165
0.00351467
0.00459063
0.00568487
0.00668714
0.00743677
0.0076728
-0.00245103
-0.00257686
-0.00258037
-0.0025643
-0.00249735
-0.00236827
-0.0021647
-0.00187489
-0.0014884
-0.000995636
-0.0003869
0.000348785
0.00121791
0.0022386
0.00342061
0.00475744
0.00620025
0.00763408
0.0087774
0.00936788
-0.00302364
-0.00317597
-0.00319755
-0.00321016
-0.00317411
-0.00307394
-0.00289339
-0.0026178
-0.00223492
-0.00173394
-0.00110359
-0.000329851
0.000605631
0.00173108
0.00308633
0.00470459
0.00657884
0.00863308
0.010418
0.0118359
-0.00367877
-0.00385983
-0.00390232
-0.0039544
-0.00396291
-0.00390577
-0.00376147
-0.00351222
-0.00314501
-0.00265007
-0.00201742
-0.00123026
-0.000256721
0.00090584
0.00236306
0.0042168
0.00654964
0.00942819
0.0122373
0.0156077
-0.00440972
-0.00463851
-0.00470645
-0.00481475
-0.00488356
-0.00488383
-0.00478876
-0.00457731
-0.00423674
-0.00376165
-0.00315108
-0.0024037
-0.0015154
-0.000423014
0.000979288
0.00287446
0.00549476
0.00938817
0.0136313
0.0206971
-0.00536036
-0.00543696
-0.00552759
-0.0056907
-0.00586592
-0.00597747
-0.00597453
-0.00582505
-0.00552028
-0.00506672
-0.00448057
-0.00377413
-0.00295299
-0.00197683
-0.000828304
0.000762805
0.00288354
0.00699434
0.0115978
0.0244691
-0.00610646
-0.00680566
-0.00684493
-0.00720945
-0.0074397
-0.00756734
-0.00755586
-0.00738894
-0.00706883
-0.00660969
-0.00605161
-0.00543733
-0.004841
-0.00433041
-0.00399268
-0.00395008
-0.00442398
-0.00143178
0.00190311
0.0243945
-0.00915557
-0.00695916
-0.00712853
-0.00736811
-0.00789977
-0.00835927
-0.00864835
-0.00869236
-0.0084916
-0.00806829
-0.0075178
-0.0069013
-0.00641504
-0.00619709
-0.00673588
-0.00807677
-0.0123015
-0.01147
-0.0082748
0.0279575
-0.00666997
-0.0101038
-0.0100437
-0.0111749
-0.0116349
-0.0118762
-0.0118255
-0.0114988
-0.0109606
-0.0102222
-0.00944483
-0.00869396
-0.00823458
-0.00837997
-0.00991365
-0.0126173
-0.0207622
-0.0199503
-0.00935976
0.0538184
-0.0297971
-0.00615583
-0.0065044
-0.00732225
-0.00829261
-0.00922878
-0.00992153
-0.0101914
-0.0101326
-0.00965376
-0.00917898
-0.00843032
-0.00824556
-0.0080172
-0.00901239
-0.00909322
-0.00759211
0.00959966
0.059155
0.173859
2.34703e-05
-2.40431e-06
3.45068e-05
0.00010475
0.000213136
0.000358641
0.000539418
0.000752963
0.000995736
0.00126297
0.00154852
0.00184477
0.00214261
0.00243161
0.00270028
0.00293661
0.00312858
0.00326524
0.00334604
0.00333023
4.89568e-05
2.16305e-05
5.84324e-05
0.000126085
0.000230728
0.000371732
0.000547567
0.000756033
0.000993874
0.00125659
0.00153825
0.00183129
0.00212694
0.00241474
0.0026831
0.00291984
0.00311266
0.00325044
0.00333361
0.00331654
1.00489e-05
-2.11218e-05
1.49882e-05
8.18043e-05
0.000186148
0.000327567
0.000504805
0.000715973
0.000958101
0.00122693
0.00151671
0.00182027
0.00212822
0.00242983
0.00271286
0.00296413
0.00317003
0.00331782
0.00340757
0.00338772
-6.66024e-05
-0.000101366
-6.588e-05
4.11989e-07
0.000105186
0.000248338
0.000429044
0.000645882
0.000896334
0.00117652
0.00148096
0.00180255
0.00213192
0.00245758
0.00276611
0.0030427
0.00327154
0.00343723
0.00353888
0.00351785
-0.000187217
-0.000226297
-0.00019142
-0.000125282
-1.91476e-05
0.000127358
0.000313997
0.000539976
0.000803398
0.00110094
0.00142755
0.00177623
0.00213748
0.00249911
0.00284618
0.00316145
0.00342579
0.00361959
0.00374009
0.00371874
-0.000353462
-0.000398018
-0.000363947
-0.000298008
-0.000190109
-3.92412e-05
0.000155133
0.000393065
0.000673498
0.000993902
0.00134986
0.0017348
0.00213925
0.00255023
0.00295106
0.00332132
0.00363719
0.00387274
0.00402175
0.00400145
-0.000567501
-0.000619015
-0.000586296
-0.000521186
-0.000411858
-0.000256478
-5.34896e-05
0.000198266
0.000498867
0.000846894
0.00123895
0.00166919
0.0021287
0.00260396
0.00307655
0.00352227
0.00391092
0.00420729
0.0043989
0.00438259
-0.000832249
-0.000892591
-0.000862229
-0.000799324
-0.000689837
-0.000530877
-0.000319579
-5.33605e-05
0.000269331
0.000648591
0.00108253
0.00156663
0.00209332
0.00264931
0.0032149
0.00376196
0.00425223
0.00463711
0.00489269
0.00488705
-0.00115112
-0.00122263
-0.0011962
-0.00113781
-0.00103061
-0.000870374
-0.000652576
-0.000372872
-2.78626e-05
0.000384512
0.000864467
0.00140961
0.00201503
0.00266897
0.003352
0.00403285
0.00466414
0.00517886
0.0055319
0.00555241
-0.00152793
-0.00161353
-0.00159329
-0.00154288
-0.00144187
-0.00128434
-0.0010637
-0.000773509
-0.000408176
3.67425e-05
0.00056419
0.00117486
0.00186819
0.00263634
0.00346321
0.00431726
0.0051427
0.00585017
0.00635452
0.00643769
-0.0019669
-0.00207018
-0.00205916
-0.00202158
-0.00193243
-0.00178357
-0.00156593
-0.00127062
-0.000889668
-0.000415998
0.000156564
0.000832631
0.0016178
0.00251166
0.00350715
0.00457887
0.00566756
0.00666359
0.00740763
0.00764032
-0.00247278
-0.00259808
-0.00260004
-0.00258178
-0.00251222
-0.00238031
-0.00217389
-0.00188139
-0.0014925
-0.000997767
-0.000387593
0.000348808
0.00121794
0.00223754
0.00341675
0.00474838
0.00618369
0.00760833
0.00874263
0.0093272
-0.00305146
-0.00320308
-0.00322253
-0.0032321
-0.00319241
-0.00308827
-0.0029037
-0.00262426
-0.00223787
-0.00173384
-0.001101
-0.000325473
0.000610959
0.00173664
0.0030897
0.00470216
0.00656682
0.00860794
0.0103788
0.0117857
-0.0037143
-0.00389443
-0.00393404
-0.00398197
-0.0039855
-0.0039229
-0.00377305
-0.00351843
-0.00314625
-0.00264682
-0.00201021
-0.00121989
-0.000245414
0.000921216
0.00237854
0.00422716
0.00654851
0.00940964
0.0121968
0.0155478
-0.00445467
-0.00468235
-0.00474659
-0.00484937
-0.00491153
-0.00490447
-0.0048019
-0.00458318
-0.00423581
-0.00375442
-0.00313783
-0.00238408
-0.00148734
-0.000390005
0.00101504
0.00290755
0.00551698
0.00938889
0.0135973
0.0206295
-0.00541718
-0.00549261
-0.00557861
-0.00573469
-0.00590114
-0.00600291
-0.00598994
-0.00583083
-0.00551714
-0.00505533
-0.00446124
-0.00374653
-0.00291593
-0.00192893
-0.000768242
0.000822077
0.0029371
0.00702938
0.0115873
0.0244069
-0.00617335
-0.00687105
-0.00690597
-0.00726194
-0.00748181
-0.00759752
-0.00757357
-0.00739482
-0.00706365
-0.00659432
-0.00602651
-0.0054023
-0.00479525
-0.00427387
-0.00392326
-0.00385754
-0.00431261
-0.00132047
0.00196019
0.0243717
-0.00924001
-0.00704338
-0.00720633
-0.00743654
-0.00795526
-0.00839962
-0.00867251
-0.0087012
-0.00848643
-0.00805069
-0.00748862
-0.00686046
-0.00636061
-0.00612572
-0.00663983
-0.00794677
-0.0121218
-0.0112717
-0.00813093
0.0280027
-0.00674618
-0.0101853
-0.0101291
-0.0112525
-0.0117006
-0.011925
-0.0118552
-0.0115109
-0.0109565
-0.0102037
-0.0094133
-0.00864939
-0.00817434
-0.00829797
-0.00979922
-0.0124572
-0.0205322
-0.0196896
-0.00913625
0.053853
-0.0298978
-0.0062629
-0.00660893
-0.00741789
-0.00837246
-0.00928776
-0.00995796
-0.0102068
-0.0101295
-0.00963537
-0.00914646
-0.0083846
-0.00818333
-0.00793496
-0.00889891
-0.00894588
-0.00739878
0.00979638
0.059299
0.173796
2.0083e-05
-5.67628e-06
3.13868e-05
0.000101812
0.000210364
0.000355996
0.000536845
0.000750393
0.000993092
0.00126018
0.0015455
0.00184145
0.00213894
0.00242757
0.00269587
0.00293187
0.00312361
0.00326014
0.00334089
0.00332515
4.53272e-05
1.81228e-05
5.50852e-05
0.000122933
0.000227758
0.000368906
0.000544832
0.000753321
0.000991107
0.00125369
0.00153512
0.00182788
0.00212318
0.00241059
0.00267856
0.00291495
0.00310752
0.00324515
0.00332825
0.00331125
5.93113e-06
-2.51089e-05
1.11807e-05
7.82192e-05
0.000182777
0.000324376
0.000501741
0.000712963
0.000955064
0.00122377
0.00151333
0.00181659
0.00212415
0.00242533
0.00270791
0.00295877
0.00316433
0.00331191
0.00340155
0.00338177
-7.14655e-05
-0.000106084
-7.03879e-05
-3.82952e-06
0.00010121
0.000244598
0.000425487
0.000642431
0.000892894
0.00117299
0.00147721
0.00179846
0.00212738
0.00245252
0.00276048
0.00303652
0.00326489
0.00343025
0.00353172
0.00351072
-0.000193077
-0.000231993
-0.000196861
-0.000130393
-2.39179e-05
0.000122905
0.000309805
0.00053596
0.000799444
0.00109692
0.0014233
0.0017716
0.00213231
0.00249327
0.00283958
0.00315409
0.00341772
0.003611
0.00373116
0.0037098
-0.000360619
-0.000404983
-0.000370593
-0.000304232
-0.000195884
-4.45827e-05
0.000150166
0.000388372
0.000668944
0.000989316
0.00134505
0.00172954
0.00213332
0.00254342
0.00294321
0.00331237
0.00362718
0.00386187
0.00401028
0.00398987
-0.000576334
-0.000627617
-0.000594485
-0.000528818
-0.000418883
-0.000262899
-5.93699e-05
0.00019281
0.000493668
0.000841737
0.00123358
0.0016633
0.00212197
0.00259609
0.00306724
0.00351135
0.00389839
0.00419337
0.00438395
0.00436734
-0.000843252
-0.000903309
-0.000872396
-0.000808736
-0.000698408
-0.000538594
-0.000326504
-5.96307e-05
0.000263509
0.000642946
0.00107672
0.00156026
0.00208594
0.00264043
0.00320406
0.00374881
0.00423661
0.00461925
0.00487309
0.00486679
-0.00116495
-0.00123609
-0.00120891
-0.00114948
-0.0010411
-0.000879629
-0.000660665
-0.000379954
-3.41913e-05
0.000378596
0.000858534
0.00140315
0.00200738
0.00265946
0.00333987
0.00401744
0.00464501
0.00515613
0.00550626
0.00552544
-0.00154545
-0.00163058
-0.00160929
-0.00155742
-0.00145472
-0.00129541
-0.00107305
-0.000781327
-0.000414765
3.09639e-05
0.000558691
0.00116899
0.0018611
0.00262704
0.00345057
0.00430009
0.00512006
0.0058218
0.00632128
0.00640182
-0.00198929
-0.00209195
-0.00207944
-0.00203978
-0.00194821
-0.00179678
-0.00157662
-0.001279
-0.000896105
-0.000420988
0.000152397
0.000828566
0.00161263
0.00250419
0.00349568
0.00456142
0.00564225
0.00662933
0.00736526
0.00759283
-0.00250159
-0.00262604
-0.0026259
-0.00260467
-0.00253166
-0.00239605
-0.00218596
-0.00189004
-0.00149818
-0.00100103
-0.000389215
0.000347887
0.00121678
0.00223464
0.00340962
0.0047338
0.0061582
0.00756925
0.00868995
0.00926485
-0.00308871
-0.00323918
-0.00325567
-0.00326104
-0.00321644
-0.00310702
-0.00291719
-0.00263281
-0.00224201
-0.00173421
-0.00109837
-0.000320736
0.000616843
0.0017425
0.00309237
0.00469638
0.00654646
0.00856759
0.0103164
0.0117041
-0.0037626
-0.00394118
-0.00397668
-0.00401872
-0.00401533
-0.00394531
-0.00378803
-0.00352642
-0.0031479
-0.00264288
-0.0020014
-0.00120706
-0.000230487
0.000941141
0.00239944
0.00423919
0.00654297
0.00937672
0.0121283
0.0154435
-0.00451687
-0.00474261
-0.00480138
-0.00489606
-0.00494869
-0.0049314
-0.0048186
-0.00459021
-0.00423403
-0.00374471
-0.00312066
-0.00235901
-0.00145155
-0.000343533
0.00107415
0.00295474
0.00554573
0.0093836
0.0135343
0.0205034
-0.00549776
-0.00557103
-0.00564991
-0.00579528
-0.00594866
-0.00603632
-0.00600924
-0.00583693
-0.0055114
-0.00503905
-0.00443505
-0.00370986
-0.00286609
-0.0018572
-0.000628041
0.000912521
0.00301553
0.00708016
0.0115621
0.0242841
-0.00627061
-0.00696478
-0.0069926
-0.00733454
-0.00753838
-0.00763648
-0.00759502
-0.00739945
-0.00705339
-0.00657094
-0.00599087
-0.00535419
-0.00473368
-0.00420311
-0.0038821
-0.00372676
-0.00413962
-0.00113732
0.00205065
0.0243124
-0.00936603
-0.00716799
-0.0073204
-0.00753487
-0.00803268
-0.00845368
-0.00870289
-0.00870903
-0.00847478
-0.00802271
-0.00744598
-0.00680313
-0.0062855
-0.00602845
-0.00651109
-0.00775112
-0.0118305
-0.0109367
-0.00789705
0.0280437
-0.00686409
-0.0103086
-0.0102576
-0.0113656
-0.0117927
-0.01199
-0.0118933
-0.0115206
-0.010943
-0.0101716
-0.00936498
-0.00858511
-0.00808969
-0.00818235
-0.00963358
-0.012213
-0.0201679
-0.019268
-0.00881705
0.0538145
-0.0300579
-0.0064326
-0.00677159
-0.00756259
-0.00848853
-0.00936853
-0.0100033
-0.0102209
-0.0101176
-0.00960354
-0.00909714
-0.00831918
-0.00809626
-0.0078193
-0.00873745
-0.00873121
-0.00711816
0.0100664
0.0594241
0.173522
1.62026e-05
-9.28987e-06
2.80064e-05
9.86952e-05
0.000207463
0.000353241
0.000534152
0.000747671
0.000990243
0.0012571
0.00154211
0.00183767
0.0021347
0.00242285
0.00269068
0.00292629
0.00311777
0.00325421
0.00333497
0.00331948
4.10264e-05
1.40917e-05
5.12952e-05
0.000119428
0.000224498
0.000365829
0.00054186
0.000750366
0.000988071
0.00125047
0.00153162
0.001824
0.00211886
0.0024058
0.00267329
0.00290929
0.00310158
0.0032391
0.0033222
0.00330546
9.80407e-07
-2.97696e-05
6.78458e-06
7.41445e-05
0.00017899
0.000320818
0.000498336
0.000709621
0.00095168
0.00122023
0.00150952
0.0018124
0.00211949
0.00242013
0.00270217
0.00295255
0.00315776
0.00330518
0.00339479
0.00337528
-7.73707e-05
-0.000111672
-7.56751e-05
-8.74015e-06
9.66512e-05
0.000240339
0.000421452
0.000638523
0.000888995
0.00116896
0.00147292
0.00179376
0.00212215
0.00244665
0.00275394
0.00302936
0.00325723
0.0034223
0.00352365
0.00350292
-0.000200213
-0.000238779
-0.000203293
-0.000136372
-2.94566e-05
0.00011776
0.000304976
0.000531336
0.000794888
0.00109227
0.00141837
0.0017662
0.00212627
0.00248642
0.00283185
0.00314546
0.00340834
0.00360111
0.00372099
0.00369987
-0.000369329
-0.0004133
-0.000378481
-0.000311558
-0.000202645
-5.08187e-05
0.000144371
0.000382892
0.000663611
0.000983927
0.00133937
0.00172331
0.00212627
0.00253531
0.00293387
0.00330172
0.00361534
0.00384914
0.00399698
0.00397674
-0.000587066
-0.0006379
-0.000604229
-0.000537843
-0.000427162
-0.000270462
-6.63064e-05
0.000186351
0.00048748
0.000835561
0.0012271
0.00165617
0.00211381
0.00258651
0.00305593
0.00349812
0.00388327
0.00417671
0.00436621
0.00434958
-0.000856609
-0.000916137
-0.000884522
-0.000819911
-0.000708569
-0.000547752
-0.000334756
-6.71543e-05
0.000256459
0.000636035
0.00106955
0.00155233
0.00207672
0.00262934
0.00319056
0.00373247
0.00421731
0.00459733
0.00484921
0.00484247
-0.00118174
-0.00125225
-0.00122412
-0.00116339
-0.00105359
-0.000890691
-0.000670395
-0.000388566
-4.20043e-05
0.000371157
0.000850943
0.00139477
0.00199746
0.00264713
0.00332425
0.0039977
0.00462068
0.00512742
0.00547405
0.00549191
-0.00156679
-0.00165112
-0.00162852
-0.00157483
-0.00147011
-0.00130872
-0.0010844
-0.000790958
-0.000423084
2.34265e-05
0.000551279
0.0011609
0.00185129
0.0026143
0.00343349
0.00427721
0.00509021
0.00578469
0.00627803
0.00635536
-0.00201669
-0.00211831
-0.00210395
-0.0020617
-0.00196722
-0.00181275
-0.00158967
-0.00128945
-0.000904453
-0.000427886
0.000146168
0.00082208
0.00160446
0.00249276
0.0034789
0.00453677
0.00560732
0.00658261
0.00730778
0.00752821
-0.00253714
-0.00266022
-0.00265742
-0.00263246
-0.0025552
-0.00241515
-0.00220074
-0.00190092
-0.00150579
-0.00100617
-0.000392793
0.00034463
0.00121269
0.00222767
0.00339675
0.00471088
0.00612069
0.00751319
0.00861494
0.0091748
-0.00313525
-0.00328389
-0.00329653
-0.00329649
-0.0032457
-0.0031298
-0.00293366
-0.00264351
-0.00224772
-0.00173595
-0.00109706
-0.000317468
0.000620719
0.00174522
0.00309006
0.00468227
0.00651283
0.00850594
0.0102226
0.0115778
-0.0038241
-0.00400007
-0.00403006
-0.00406422
-0.00405187
-0.00397246
-0.00380605
-0.00353609
-0.0031503
-0.0026391
-0.00199245
-0.00119396
-0.000215065
0.00096081
0.00241903
0.00424667
0.00652644
0.00932141
0.0120188
0.0152679
-0.00459798
-0.00482025
-0.00487132
-0.00495467
-0.00499445
-0.00496376
-0.00483798
-0.00459776
-0.00423126
-0.00373298
-0.00310081
-0.00233079
-0.00141218
-0.000291049
0.00114274
0.00300882
0.005577
0.00936634
0.0134268
0.0202732
-0.00560633
-0.00567551
-0.00574382
-0.00587348
-0.00600833
-0.0060765
-0.00603062
-0.00584163
-0.00550182
-0.0050174
-0.00440242
-0.00366581
-0.0028077
-0.00177687
-0.000481752
0.00102202
0.00312167
0.00715487
0.0115211
0.024051
-0.00640738
-0.00709281
-0.00710908
-0.00742829
-0.0076079
-0.00768056
-0.007615
-0.00739831
-0.00703435
-0.00653687
-0.00594317
-0.00529213
-0.00465395
-0.00410388
-0.00379074
-0.00353027
-0.00387666
-0.000828019
0.0022242
0.0241923
-0.00954921
-0.00734576
-0.00748077
-0.0076688
-0.00813348
-0.00851878
-0.0087334
-0.00870955
-0.00845082
-0.00797957
-0.00738643
-0.00672712
-0.0061869
-0.00589753
-0.00632755
-0.00745544
-0.0113493
-0.0103585
-0.00747189
0.028062
-0.00705311
-0.0104932
-0.0104456
-0.0115214
-0.0119105
-0.0120624
-0.0119231
-0.0115143
-0.0109079
-0.0101156
-0.00929221
-0.00849611
-0.00797689
-0.00802695
-0.0094004
-0.0118514
-0.0195981
-0.0185949
-0.00838842
0.0535172
-0.0303192
-0.00670458
-0.0070236
-0.00777585
-0.00864826
-0.00947056
-0.0100516
-0.0102251
-0.0100872
-0.00955001
-0.00902488
-0.00823072
-0.0079817
-0.00766637
-0.0085194
-0.00843817
-0.00673877
0.0103884
0.0594284
0.172625
1.20449e-05
-1.28913e-05
2.47295e-05
9.57732e-05
0.000204795
0.000350719
0.000531668
0.000745111
0.000987485
0.00125403
0.00153861
0.00183363
0.00213006
0.00241756
0.0026848
0.00291993
0.00311112
0.00324754
0.00332843
0.0033136
3.60728e-05
9.74984e-06
4.72938e-05
0.000115829
0.000221213
0.000362763
0.000538912
0.000747428
0.000985028
0.0012472
0.001528
0.00181994
0.00211427
0.00240062
0.00266757
0.00290311
0.00309513
0.00323263
0.00331585
0.00329974
-4.81903e-06
-3.49067e-05
2.01929e-06
6.98309e-05
0.000175045
0.000317154
0.000494854
0.000706211
0.000948219
0.00121658
0.00150555
0.00180798
0.00211452
0.00241455
0.00269598
0.00294582
0.00315069
0.00329804
0.00338774
0.00336893
-8.43612e-05
-0.000117944
-8.15296e-05
-1.40723e-05
9.17682e-05
0.000235822
0.000417203
0.000634424
0.00088491
0.00116474
0.0014684
0.00178876
0.00211654
0.00244033
0.00274688
0.00302161
0.00324899
0.00341389
0.00351526
0.00349528
-0.000208664
-0.000246441
-0.000210477
-0.000142944
-3.54815e-05
0.000112204
0.000299784
0.000526379
0.000790007
0.00108728
0.00141307
0.00176037
0.0021197
0.00247895
0.00282338
0.00313604
0.00339816
0.00359054
0.00371029
0.00368995
-0.000379605
-0.000422699
-0.000387321
-0.000319665
-0.000210073
-5.76426e-05
0.00013804
0.000376904
0.000657776
0.000978014
0.00133311
0.00171641
0.00211844
0.00252629
0.00292347
0.00328991
0.00360229
0.00383531
0.00398272
0.00396323
-0.000599672
-0.000649514
-0.000615167
-0.000547877
-0.000436327
-0.000278827
-7.39924e-05
0.000179167
0.000480563
0.000828615
0.00121978
0.00164806
0.00210449
0.00257558
0.00304304
0.0034831
0.00386623
0.00415818
0.00434671
0.00433074
-0.000872235
-0.000930624
-0.00089816
-0.000832391
-0.000719895
-0.000557982
-0.000344022
-7.56705e-05
0.000248394
0.000628041
0.00106116
0.00154302
0.00206585
0.00261629
0.00317471
0.0037134
0.00419496
0.00457226
0.00482219
0.00481578
-0.00120134
-0.00127051
-0.00124127
-0.001179
-0.00106761
-0.000903159
-0.000681459
-0.000398491
-5.11692e-05
0.000362268
0.00084173
0.00138451
0.00198527
0.00263203
0.00330522
0.00397387
0.00459158
0.0050935
0.0054364
0.00545365
-0.00159168
-0.00167441
-0.00165029
-0.00159447
-0.0014875
-0.00132386
-0.00109745
-0.000802261
-0.000433111
1.40618e-05
0.000541808
0.00115038
0.0018385
0.00259782
0.00341169
0.0042484
0.00505311
0.00573917
0.00622556
0.00629992
-0.00204872
-0.00214839
-0.00213188
-0.0020866
-0.00198882
-0.00183104
-0.00160483
-0.00130192
-0.000914818
-0.000436928
0.00013749
0.000812628
0.00159262
0.0024766
0.0034559
0.00450398
0.0055619
0.00652282
0.0072351
0.007447
-0.00257899
-0.00269957
-0.00269364
-0.00266425
-0.00258213
-0.00243712
-0.00221802
-0.00191406
-0.00151556
-0.00101354
-0.000398913
0.000338312
0.00120456
0.00221521
0.00337632
0.00467767
0.0060691
0.00743804
0.00851588
0.00905482
-0.00319075
-0.00333607
-0.00334407
-0.00333743
-0.00327936
-0.00315604
-0.00295286
-0.00265644
-0.00225543
-0.00173954
-0.00109782
-0.000316898
0.000620873
0.00174246
0.00307951
0.00465691
0.00646256
0.00841912
0.0100936
0.0113994
-0.00389893
-0.00407022
-0.00409326
-0.00411747
-0.00409415
-0.00400362
-0.00382671
-0.00354741
-0.00315376
-0.00263635
-0.00198489
-0.00118293
-0.000202598
0.000974878
0.00242965
0.0042445
0.00649499
0.00923884
0.0118627
0.0150064
-0.00469948
-0.00491519
-0.00495606
-0.00502427
-0.00504765
-0.00500044
-0.00485923
-0.00460543
-0.00422766
-0.0037202
-0.00308024
-0.00230273
-0.00137498
-0.000244683
0.00119455
0.00305901
0.00560611
0.00933461
0.0132705
0.019918
-0.00574727
-0.0058089
-0.00586223
-0.00596978
-0.00607955
-0.00612232
-0.00605302
-0.00584367
-0.00548771
-0.00499063
-0.00436498
-0.00361772
-0.00274689
-0.00170319
-0.000408429
0.00113848
0.00325218
0.00726652
0.0114845
0.0237069
-0.00659552
-0.00726188
-0.0072601
-0.00754345
-0.00768852
-0.00772689
-0.00763009
-0.00738721
-0.00700274
-0.00648967
-0.00588273
-0.00521733
-0.00455761
-0.00396938
-0.00357586
-0.0032554
-0.00354892
-0.000329511
0.00254434
0.0240696
-0.00980517
-0.00758882
-0.00769862
-0.00784434
-0.00825863
-0.00859257
-0.00876017
-0.00869705
-0.00840847
-0.00791632
-0.0073069
-0.00663174
-0.00606511
-0.00572897
-0.0060656
-0.00702912
-0.0105577
-0.00940645
-0.00677658
0.0281237
-0.00736227
-0.0107733
-0.0107195
-0.0117306
-0.0120572
-0.0121385
-0.0119344
-0.0114768
-0.0108361
-0.010023
-0.00918556
-0.00837688
-0.00783384
-0.00782921
-0.00909004
-0.0113394
-0.0187453
-0.0175354
-0.00793714
0.052803
-0.030723
-0.00711631
-0.00739361
-0.0080725
-0.00885283
-0.00958379
-0.0100891
-0.0102069
-0.0100286
-0.00946762
-0.00892506
-0.00811834
-0.00784117
-0.00747599
-0.00824572
-0.00804959
-0.0062858
0.0107031
0.058835
0.170587
7.9396e-06
-1.54298e-05
2.27069e-05
9.42208e-05
0.000203475
0.000349445
0.000530283
0.000743467
0.0009854
0.00125137
0.00153526
0.00182949
0.00212506
0.00241168
0.00267808
0.00291254
0.00310336
0.00323989
0.00332115
0.00330808
3.01911e-05
5.38028e-06
4.34434e-05
0.000112559
0.000218334
0.000360126
0.00053639
0.000744891
0.000982335
0.00124421
0.00152457
0.00181596
0.00210964
0.00239532
0.0026616
0.0028966
0.00308837
0.00322607
0.00330967
0.00329549
-1.18848e-05
-4.03432e-05
-2.86161e-06
6.55991e-05
0.000171285
0.000313726
0.000491634
0.000703065
0.000945003
0.00121315
0.00150175
0.00180366
0.00210956
0.00240888
0.00268961
0.00293887
0.00314345
0.00329098
0.00338108
0.00336448
-9.29353e-05
-0.000124773
-8.77499e-05
-1.95555e-05
8.68526e-05
0.000231343
0.000413038
0.000630437
0.000880948
0.00116063
0.00146396
0.00178382
0.00211092
0.00243392
0.00273966
0.00301369
0.00324066
0.00340569
0.00350745
0.00348993
-0.000218932
-0.000254827
-0.000218191
-0.000149821
-4.16872e-05
0.000106539
0.000294532
0.000521391
0.00078511
0.00108227
0.00140773
0.00175444
0.00211298
0.00247126
0.00281466
0.00312634
0.00338779
0.00358014
0.0037002
0.00368265
-0.000391918
-0.00043296
-0.000396828
-0.00032821
-0.00021782
-6.47217e-05
0.000131491
0.000370716
0.00065174
0.000971881
0.00132659
0.00170919
0.00211021
0.00251678
0.0029125
0.0032775
0.00358875
0.00382139
0.0039689
0.00395243
-0.000614569
-0.000662146
-0.000626932
-0.000558507
-0.000445978
-0.000287629
-8.20987e-05
0.000171555
0.000473186
0.000821156
0.00121186
0.00163926
0.00209437
0.00256369
0.00302905
0.00346688
0.00384808
0.00413899
0.00432718
0.00431452
-0.000890478
-0.000946332
-0.000912836
-0.000845675
-0.000731928
-0.000568888
-0.000353978
-8.49247e-05
0.000239516
0.000619132
0.00105173
0.00153247
0.00205354
0.00260153
0.00315689
0.00369213
0.00417037
0.00454538
0.00479404
0.00479098
-0.00122399
-0.00129029
-0.00125976
-0.0011957
-0.00108264
-0.000916624
-0.00069357
-0.000409559
-6.16115e-05
0.000351921
0.000830822
0.00137224
0.0019707
0.00261411
0.00328286
0.00394618
0.00455829
0.00505559
0.0053954
0.00541528
-0.00162026
-0.00169966
-0.00167385
-0.00161563
-0.0015063
-0.0013404
-0.001112
-0.000815209
-0.00044501
2.51638e-06
0.000529757
0.00113677
0.00182201
0.00257687
0.00338446
0.00421311
0.00500855
0.00568578
0.0061655
0.00623976
-0.00208542
-0.00218114
-0.00216227
-0.0021136
-0.00201238
-0.00185125
-0.00162202
-0.00131662
-0.000927773
-0.000449052
0.000125084
0.000798572
0.00157526
0.00245364
0.00342445
0.00446075
0.00550386
0.00644851
0.00714722
0.00735121
-0.00262703
-0.0027428
-0.0027334
-0.00269901
-0.00261171
-0.0024616
-0.00223787
-0.00193004
-0.00152869
-0.001025
-0.000410116
0.000325773
0.00118868
0.00219293
0.00334338
0.00462859
0.00599747
0.00733786
0.00838831
0.00890015
-0.00325502
-0.0033942
-0.00339691
-0.00338264
-0.00331657
-0.00318537
-0.00297504
-0.00267264
-0.00226708
-0.00174823
-0.00110537
-0.000324797
0.000610503
0.0017261
0.00305172
0.00460949
0.00638351
0.0082932
0.0099152
0.0111441
-0.00398737
-0.00415009
-0.00416482
-0.00417697
-0.00414103
-0.00403819
-0.00385022
-0.00356174
-0.00316104
-0.00263854
-0.00198413
-0.00118086
-0.000201211
0.00097392
0.00242008
0.00421667
0.0064302
0.00910581
0.0116316
0.0145857
-0.00482363
-0.00502646
-0.00505424
-0.00510288
-0.00510619
-0.00503981
-0.0048817
-0.00461402
-0.00422552
-0.00371005
-0.00306419
-0.00228184
-0.00134887
-0.000213156
0.00122853
0.00309387
0.00562035
0.00926343
0.0130351
0.0192955
-0.00592838
-0.00597445
-0.00600617
-0.00608321
-0.00615966
-0.00617032
-0.00607282
-0.00584128
-0.00546898
-0.00496054
-0.00432654
-0.00357151
-0.00269017
-0.00163231
-0.000321587
0.00128481
0.00345737
0.00745366
0.0115159
0.0231236
-0.00686198
-0.00748021
-0.00744792
-0.00767331
-0.00776828
-0.00776029
-0.00762687
-0.00735624
-0.00695213
-0.00642605
-0.00580908
-0.0051324
-0.00445122
-0.00381748
-0.00332561
-0.00286353
-0.00285991
0.000576628
0.00337732
0.0239731
-0.0101874
-0.0079323
-0.00799519
-0.00806699
-0.00840121
-0.00865924
-0.00876356
-0.00865283
-0.00833221
-0.0078219
-0.00720086
-0.00651535
-0.00592193
-0.00552741
-0.00572529
-0.00644286
-0.00946488
-0.00774557
-0.00517254
0.0282322
-0.00799532
-0.0112305
-0.0111184
-0.011971
-0.0121783
-0.0121513
-0.0118644
-0.0113502
-0.0106773
-0.0098547
-0.00901648
-0.00820976
-0.00765149
-0.00758549
-0.00868525
-0.0106317
-0.0174296
-0.0157698
-0.00715935
0.0510537
-0.0314928
-0.0078409
-0.00800736
-0.00851806
-0.00912268
-0.00970679
-0.0101001
-0.0101381
-0.00991313
-0.00933605
-0.00878078
-0.00797466
-0.00766791
-0.00724949
-0.00791038
-0.00756924
-0.00575126
0.0109553
0.057301
0.165162
4.24404e-06
-1.67438e-05
2.19e-05
9.39256e-05
0.000203354
0.000349262
0.000529848
0.000742608
0.000984047
0.00124936
0.00153239
0.00182559
0.00212005
0.00240554
0.00267088
0.00290447
0.0030948
0.00323146
0.00331326
0.00330343
2.34179e-05
1.35013e-06
3.9926e-05
0.000109702
0.000215892
0.000357947
0.000534343
0.000742849
0.000980173
0.00124178
0.00152173
0.00181258
0.00210562
0.00239056
0.00265613
0.00289056
0.00308205
0.00322004
0.00330417
0.00329309
-2.00588e-05
-4.55081e-05
-7.45333e-06
6.17725e-05
0.000167966
0.000310764
0.000488905
0.000700444
0.000942354
0.00121032
0.00149859
0.00179999
0.00210527
0.00240385
0.00268383
0.00293247
0.00313673
0.00328456
0.00337518
0.00336184
-0.000102799
-0.000131382
-9.37392e-05
-2.46782e-05
8.23453e-05
0.000227305
0.00040935
0.00062697
0.000877555
0.00115714
0.0014602
0.00177957
0.00210603
0.00242826
0.00273317
0.00300647
0.00323304
0.00339835
0.00350063
0.00348667
-0.000230585
-0.000262932
-0.000225629
-0.000156298
-4.74597e-05
0.000101326
0.000289758
0.000516916
0.000780765
0.00107786
0.00140303
0.0017492
0.00210699
0.00246433
0.00280669
0.00311741
0.00337826
0.00357079
0.00369138
0.0036778
-0.000405691
-0.000442824
-0.000405972
-0.000336284
-0.000225088
-7.13316e-05
0.000125407
0.000364998
0.000646189
0.000966258
0.00132063
0.00170255
0.00210261
0.00250795
0.00290227
0.00326587
0.00357612
0.00380873
0.00395675
0.00394518
-0.000631009
-0.000674231
-0.000638229
-0.000568585
-0.000455108
-0.000295963
-8.97853e-05
0.000164324
0.00046617
0.000814057
0.00120433
0.00163086
0.00208469
0.00255232
0.00301566
0.00345138
0.00383085
0.00412122
0.00430969
0.00430275
-0.000910367
-0.000961311
-0.000926923
-0.000858327
-0.00074341
-0.000579357
-0.000363604
-9.39419e-05
0.000230805
0.000610346
0.00104239
0.001522
0.00204136
0.00258697
0.00313935
0.00367129
0.0041465
0.00451992
0.00476825
0.00477176
-0.00124842
-0.00130911
-0.00127753
-0.0012117
-0.00109711
-0.00092972
-0.000705495
-0.000420607
-7.21731e-05
0.000341349
0.000819622
0.00135962
0.00195575
0.00259579
0.00326015
0.00391826
0.0045251
0.00501871
0.00535681
0.00538442
-0.00165078
-0.00172369
-0.00169654
-0.001636
-0.00152456
-0.0013567
-0.00112657
-0.000828443
-0.000457424
-9.73617e-06
0.000516863
0.00112222
0.00180435
0.00255456
0.00335574
0.00417627
0.0049627
0.0056322
0.00610725
0.00618843
-0.00212429
-0.00221235
-0.00219164
-0.00213976
-0.00203546
-0.00187137
-0.00163951
-0.00133199
-0.000941746
-0.000462517
0.000110958
0.000782003
0.0015555
0.00242788
0.00338967
0.0044137
0.00544187
0.00637127
0.00705936
0.00726356
-0.00267767
-0.00278416
-0.00277204
-0.00273294
-0.0026409
-0.0024862
-0.00225834
-0.00194714
-0.00154338
-0.00103846
-0.000423657
0.000310944
0.00116932
0.00216589
0.00330437
0.00457203
0.00591727
0.00722943
0.00825737
0.00874761
-0.00332281
-0.0034504
-0.00344877
-0.00342713
-0.00335353
-0.00321503
-0.00299814
-0.00269034
-0.00228078
-0.00175948
-0.00111572
-0.000336371
0.000595069
0.00170214
0.0030138
0.00454909
0.0062886
0.00815012
0.0097274
0.0108781
-0.00408123
-0.00422865
-0.00423618
-0.00423625
-0.00418796
-0.00407324
-0.00387475
-0.00357769
-0.00317055
-0.0026438
-0.00198676
-0.00118346
-0.00020543
0.00096239
0.00239643
0.0041702
0.00634119
0.00894315
0.0113813
0.0141262
-0.00495828
-0.00513821
-0.00515398
-0.00518191
-0.00516477
-0.00507927
-0.00490454
-0.00462371
-0.00422532
-0.0037033
-0.00305345
-0.00226903
-0.00133695
-0.000199246
0.00124118
0.00310244
0.00560044
0.00914653
0.01278
0.0186303
-0.00613027
-0.00615259
-0.00616088
-0.00620396
-0.00624323
-0.00621918
-0.00609181
-0.00583823
-0.00545056
-0.00493306
-0.00429408
-0.00353598
-0.00265065
-0.00158485
-0.000255484
0.00139919
0.00364457
0.00763367
0.0116752
0.0226841
-0.00718157
-0.00772866
-0.00766094
-0.00781614
-0.00785135
-0.00779051
-0.00761344
-0.00731286
-0.00689024
-0.00635493
-0.00573356
-0.00505301
-0.00435973
-0.00369168
-0.00311597
-0.00248485
-0.00210685
0.00166912
0.00461851
0.0244346
-0.0106253
-0.00831456
-0.00833607
-0.00831897
-0.00854985
-0.00871681
-0.00874751
-0.00858414
-0.00823089
-0.00770643
-0.00708027
-0.00639523
-0.00578687
-0.00534669
-0.00539703
-0.00584013
-0.00816319
-0.00562101
-0.00330696
0.0288821
-0.00901792
-0.011985
-0.0116966
-0.0123438
-0.0123425
-0.0121346
-0.01172
-0.0111362
-0.0104314
-0.00961176
-0.00878985
-0.0080045
-0.00745032
-0.00733644
-0.00824435
-0.00985439
-0.0158436
-0.013596
-0.00769448
0.0490322
-0.0323714
-0.00866894
-0.00872077
-0.00900181
-0.00937877
-0.00979006
-0.0100685
-0.010034
-0.0097622
-0.00918359
-0.0086239
-0.00783883
-0.00749322
-0.0070234
-0.00752482
-0.00702331
-0.00551451
0.0104048
0.0517832
0.156032
1.58668e-06
-1.12139e-05
2.82542e-05
0.00010073
0.000209818
0.000354954
0.000534487
0.000745947
0.000985799
0.00124927
0.00153033
0.00182145
0.00211369
0.00239692
0.00266007
0.00289174
0.0030808
0.00321749
0.00330027
0.00330041
1.18019e-05
-1.99932e-06
3.72598e-05
0.000107984
0.000214624
0.000356906
0.000533417
0.000741923
0.000979112
0.00124044
0.00151992
0.00181013
0.0021024
0.00238646
0.00265111
0.00288471
0.00307581
0.00321441
0.00329951
0.00329908
-3.39919e-05
-5.03527e-05
-1.15709e-05
5.87312e-05
0.000165513
0.000308694
0.000487111
0.000698811
0.000940738
0.00120855
0.00149649
0.00179738
0.00210195
0.00239967
0.00267872
0.0029265
0.00313036
0.00327888
0.00337058
0.00336925
-0.000119085
-0.000137924
-9.95252e-05
-2.92728e-05
7.84577e-05
0.000223937
0.000406407
0.000624341
0.000875095
0.00115467
0.00145751
0.00177641
0.00210223
0.00242362
0.00272758
0.00299998
0.00322612
0.00339221
0.00349573
0.00349521
-0.000249029
-0.00027088
-0.000232817
-0.000162217
-5.26074e-05
9.6759e-05
0.000285674
0.000513195
0.000777248
0.00107434
0.00139929
0.00174495
0.002102
0.00245839
0.00279963
0.00310925
0.00336952
0.00356292
0.00368497
0.00368675
-0.000426587
-0.000452286
-0.000414689
-0.000343664
-0.000231649
-7.72788e-05
0.000119965
0.000359924
0.000641303
0.000961336
0.00131539
0.00169664
0.00209578
0.00249988
0.00289275
0.00325489
0.00356425
0.00379774
0.00394747
0.0039537
-0.00065497
-0.000685599
-0.00064888
-0.000577817
-0.000463461
-0.000303659
-9.69525e-05
0.000157523
0.000459522
0.000807287
0.00119709
0.00162268
0.00207528
0.00254122
0.00300252
0.00343611
0.00381407
0.00410515
0.00429559
0.00430998
-0.000938248
-0.000975177
-0.00094011
-0.000869976
-0.000754081
-0.00058929
-0.000372955
-0.000102913
0.000221944
0.000601249
0.00103261
0.00151089
0.00202852
0.0025717
0.00312105
0.00364964
0.00412215
0.00449563
0.00474612
0.00477568
-0.00128137
-0.00132631
-0.00129408
-0.00122653
-0.00111078
-0.000942491
-0.000717563
-0.000432239
-8.37199e-05
0.000329446
0.000806807
0.00134499
0.00193856
0.00257497
0.00323462
0.00388724
0.00448907
0.00498099
0.00532099
0.00537895
-0.00169037
-0.0017454
-0.00171762
-0.00165503
-0.0015421
-0.00137302
-0.00114194
-0.00084323
-0.000472098
-2.48712e-05
0.000500653
0.00110486
0.00178194
0.00252656
0.00332034
0.00413164
0.00490859
0.00557238
0.00604813
0.00616396
-0.0021728
-0.00224031
-0.0022189
-0.00216439
-0.00205798
-0.00189208
-0.00165877
-0.00135035
-0.000959849
-0.000481223
9.06577e-05
0.00075946
0.00152665
0.002391
0.00334125
0.00434982
0.00536021
0.0062748
0.00695995
0.00719669
-0.00273862
-0.00282102
-0.00280791
-0.00276508
-0.00266978
-0.00251217
-0.00228196
-0.00196919
-0.00156484
-0.00106061
-0.000448308
0.000280463
0.00113384
0.0021191
0.00323992
0.00448232
0.00579524
0.00707298
0.00808817
0.00858025
-0.00340213
-0.00350063
-0.00349708
-0.00346952
-0.00339044
-0.00324702
-0.00302612
-0.00271553
-0.00230464
-0.00178373
-0.00114251
-0.000368576
0.000554615
0.00164519
0.00293191
0.0044287
0.00611335
0.00790465
0.00943894
0.0104773
-0.00418918
-0.00429952
-0.00430328
-0.00429302
-0.00423487
-0.00411137
-0.00390585
-0.00360387
-0.00319408
-0.00266709
-0.00201287
-0.00121665
-0.000254362
0.000908947
0.00231022
0.00403035
0.00612111
0.00859953
0.0109182
0.0131845
-0.00512013
-0.00524053
-0.00524784
-0.00525531
-0.00522051
-0.00512009
-0.00493378
-0.00464452
-0.00424125
-0.00371768
-0.0030692
-0.00228841
-0.00135798
-0.000238032
0.00115486
0.00298446
0.00540242
0.00876482
0.0122363
0.0169269
-0.00638461
-0.00635247
-0.00632775
-0.0063308
-0.00632786
-0.00626748
-0.00611282
-0.00583962
-0.00544186
-0.00492134
-0.00428484
-0.00353422
-0.0026609
-0.00162173
-0.000307139
0.00146951
0.00382833
0.00782758
0.0122887
0.0212323
-0.00766602
-0.00794794
-0.00785179
-0.00789992
-0.00787169
-0.00776245
-0.00755547
-0.00723791
-0.00680869
-0.0062752
-0.00565983
-0.0049872
-0.00429396
-0.00359604
-0.00288759
-0.00198974
-0.000758861
0.00380884
0.00883037
0.025271
-0.0114374
-0.0089319
-0.00880018
-0.00860965
-0.00866565
-0.00870579
-0.00864735
-0.00843347
-0.0080572
-0.0075346
-0.00692127
-0.00626126
-0.00565705
-0.00516861
-0.00496235
-0.00479359
-0.00528911
-0.000716037
0.00448074
0.0314448
-0.0119096
-0.0130615
-0.0122299
-0.0122764
-0.0119672
-0.0115792
-0.011094
-0.0105092
-0.00984631
-0.00910614
-0.00836601
-0.0076622
-0.00717274
-0.00703432
-0.0076596
-0.00865556
-0.0123615
-0.00735255
-0.00353305
0.0478762
-0.0351896
-0.0107235
-0.0102116
-0.00975972
-0.00966688
-0.00982652
-0.00991938
-0.009795
-0.00947134
-0.0089261
-0.00835853
-0.00766473
-0.00725869
-0.00680546
-0.00695658
-0.0059819
-0.0040961
0.0112135
0.0418368
0.132429
)
;

boundaryField
{
    movingWall
    {
        type            zeroGradient;
    }
    fixedWalls
    {
        type            zeroGradient;
    }
}


// ************************************************************************* //
