/*--------------------------------*- C++ -*----------------------------------*\
  =========                 |
  \\      /  F ield         | OpenFOAM: The Open Source CFD Toolbox
   \\    /   O peration     | Website:  https://openfoam.org
    \\  /    A nd           | Version:  10
     \\/     M anipulation  |
\*---------------------------------------------------------------------------*/
FoamFile
{
    format      ascii;
    class       volScalarField;
    location    "8.7";
    object      p;
}
// * * * * * * * * * * * * * * * * * * * * * * * * * * * * * * * * * * * * * //

dimensions      [0 2 -2 0 0 0 0];

internalField   nonuniform List<scalar> 
8000
(
4.2485e-07
-3.7897e-06
5.07014e-05
0.000149257
0.000299037
0.000502712
0.000763452
0.00108453
0.00146844
0.00191585
0.00242423
0.00298612
0.00358709
0.004204
0.00480427
0.00534746
0.00578991
0.00609516
0.00626286
0.00624456
4.24745e-06
-3.47486e-07
5.69361e-05
0.000155768
0.000304209
0.000505211
0.000762199
0.00107865
0.00145728
0.00189909
0.0024021
0.00295957
0.00355772
0.00417348
0.00477451
0.00532151
0.00576754
0.00607367
0.00624199
0.00620773
-7.40521e-05
-8.28329e-05
-2.78834e-05
6.65179e-05
0.000208967
0.000402532
0.000651073
0.000958786
0.00132946
0.00176557
0.00226696
0.00282895
0.00343997
0.00407908
0.00471266
0.00529562
0.00577392
0.00609808
0.006271
0.00621047
-0.000220471
-0.000232269
-0.00018131
-9.40505e-05
3.86791e-05
0.000220191
0.000454982
0.000748289
0.00110548
0.00153134
0.00202871
0.00259653
0.00322682
0.00390078
0.00458425
0.00522614
0.00576197
0.0061212
0.00630611
0.00620322
-0.000442498
-0.000457281
-0.000412521
-0.000335629
-0.000216927
-5.28318e-05
0.000161837
0.000433491
0.000769379
0.00117714
0.00166372
0.00223321
0.0028835
0.00360094
0.00435343
0.00508263
0.00570795
0.00612637
0.00633547
0.00616574
-0.000740034
-0.000758084
-0.000721753
-0.00065872
-0.000559002
-0.000418922
-0.000232815
6.69763e-06
0.000308607
0.000683474
0.00114285
0.00169758
0.00235395
0.00310785
0.00393501
0.00477689
0.00553283
0.00604902
0.00631015
0.00603906
-0.00111045
-0.00113225
-0.00110658
-0.00106116
-0.000986062
-0.00087791
-0.000731174
-0.000538236
-0.000289162
2.87029e-05
0.000430949
0.000935535
0.0015603
0.00231612
0.00319552
0.00415222
0.00507129
0.00575148
0.0061283
0.0057364
-0.0015494
-0.00157549
-0.00156253
-0.00153848
-0.00149392
-0.00142649
-0.00133178
-0.00120336
-0.00103228
-0.000806141
-0.000508024
-0.000115929
0.000397251
0.00106066
0.00189449
0.00289253
0.00398109
0.00492278
0.00557159
0.0051503
-0.00205106
-0.00208188
-0.00208306
-0.00208341
-0.00207468
-0.00205652
-0.00202704
-0.00198292
-0.00191915
-0.00182803
-0.00169793
-0.0015112
-0.00124198
-0.000853259
-0.00029677
0.000486599
0.00156006
0.00285885
0.00411753
0.0041358
-0.00260869
-0.00264431
-0.00265968
-0.00268569
-0.00271605
-0.00275357
-0.00280052
-0.0028592
-0.0029322
-0.00302243
-0.00313287
-0.00326631
-0.00342463
-0.00359781
-0.00373775
-0.00368753
-0.00299337
-0.00125403
0.00125011
0.00252361
-0.00321555
-0.00325537
-0.00328262
-0.00333252
-0.00340124
-0.00349628
-0.00362555
-0.00379917
-0.0040312
-0.00434146
-0.00475826
-0.00532188
-0.00609189
-0.00711607
-0.0083583
-0.0094881
-0.00943718
-0.00679345
-0.00238049
0.000212205
-0.00386656
-0.00390878
-0.00394155
-0.00400868
-0.00410906
-0.00425634
-0.00446477
-0.00475344
-0.00514997
-0.00569514
-0.00644941
-0.00749783
-0.0089725
-0.0109483
-0.0133296
-0.0153521
-0.0151642
-0.01075
-0.0051282
-0.00154209
-0.0045629
-0.00460352
-0.00463038
-0.00470172
-0.00481927
-0.0050041
-0.00527656
-0.00566371
-0.00620524
-0.00696194
-0.00802226
-0.00949045
-0.01156
-0.0142565
-0.0173063
-0.0195328
-0.0190332
-0.0135283
-0.00821349
-0.00271306
-0.00531291
-0.00533893
-0.00533694
-0.00538844
-0.00550025
-0.00569983
-0.00601043
-0.00646417
-0.00710446
-0.00801212
-0.00928394
-0.0110558
-0.0135077
-0.0166162
-0.020026
-0.0226588
-0.023378
-0.0188382
-0.0133954
-0.00447517
-0.00614641
-0.00615272
-0.00609924
-0.00610669
-0.00617882
-0.0063534
-0.00665864
-0.00712437
-0.00781153
-0.0087853
-0.0101569
-0.0120521
-0.0146615
-0.0179464
-0.0217092
-0.0250906
-0.0282205
-0.0246197
-0.0186206
-0.00598008
-0.00724573
-0.00702167
-0.00682427
-0.00669152
-0.00668338
-0.00681673
-0.00710773
-0.00756712
-0.00825975
-0.00923227
-0.0105975
-0.0124605
-0.0149934
-0.0181576
-0.0219087
-0.0252728
-0.0288705
-0.0250081
-0.0194147
-0.00301801
-0.00812777
-0.00821355
-0.00785975
-0.00768601
-0.00753364
-0.00751969
-0.00767063
-0.00801119
-0.00860109
-0.00947408
-0.0107335
-0.0124462
-0.0147534
-0.017515
-0.0208194
-0.0233228
-0.0259312
-0.0205834
-0.015045
0.00817241
-0.0120229
-0.00916834
-0.00846628
-0.00768588
-0.00737296
-0.00731534
-0.00749365
-0.00786132
-0.0084587
-0.00929632
-0.0104832
-0.0120285
-0.0140802
-0.0163455
-0.0189574
-0.0202687
-0.0214581
-0.0136223
-0.00527381
0.0317142
-0.0115527
-0.0124321
-0.0108761
-0.0102857
-0.00946073
-0.00892382
-0.00865536
-0.00865685
-0.00897641
-0.00958856
-0.0106084
-0.0119736
-0.013928
-0.0160167
-0.0185482
-0.0191668
-0.0186562
-0.00604222
0.0115931
0.075126
-0.0363051
-0.0108536
-0.00908671
-0.0075162
-0.0066727
-0.00648328
-0.00668867
-0.00706273
-0.00770005
-0.00850731
-0.00973035
-0.0111233
-0.0130188
-0.014522
-0.0157645
-0.0129881
-0.00529896
0.0222273
0.0692965
0.17546
7.78523e-06
-9.90817e-06
4.17853e-05
0.000138805
0.000288441
0.000492608
0.000754275
0.00107683
0.00146302
0.00191384
0.0024272
0.00299602
0.00360619
0.00423447
0.00484762
0.0054031
0.00585389
0.00615959
0.00632119
0.00627915
2.34947e-05
6.51353e-06
6.36408e-05
0.000162155
0.00031077
0.000511956
0.000769048
0.00108558
0.0014644
0.00190672
0.00241089
0.00297064
0.00357257
0.00419342
0.00480303
0.00535761
0.00580865
0.00611386
0.00627797
0.00622011
-4.98491e-05
-7.34668e-05
-1.83882e-05
7.57932e-05
0.000218464
0.000412175
0.000660685
0.00096824
0.00133874
0.00177492
0.00227706
0.00284106
0.00345599
0.00410155
0.00474439
0.00533701
0.00582192
0.00614484
0.00631194
0.00622131
-0.000192546
-0.000220617
-0.000169315
-8.21695e-05
5.08847e-05
0.000232617
0.000467421
0.000760575
0.00111756
0.00154342
0.00204154
0.00261168
0.00324678
0.00392893
0.00462367
0.00528012
0.00582579
0.00618384
0.00636025
0.00621703
-0.000412737
-0.000444713
-0.000399551
-0.000322701
-0.000203509
-3.89487e-05
0.000176064
0.000447993
0.000784213
0.00119267
0.00168094
0.00225421
0.0029118
0.00364105
0.00440913
0.00516026
0.00580234
0.00622148
0.00641824
0.00618917
-0.00070957
-0.000745487
-0.000708768
-0.000645701
-0.000545271
-0.000404354
-0.000217361
2.31645e-05
0.000326375
0.000703189
0.00116589
0.0017267
0.00239408
0.00316551
0.0040142
0.00489159
0.00568017
0.00620887
0.00645618
0.00608357
-0.00107985
-0.00112015
-0.00109415
-0.00104866
-0.00097264
-0.00086326
-0.000715018
-0.000520169
-0.000268584
5.28069e-05
0.000460425
0.000973852
0.00161388
0.00239551
0.00331534
0.00432014
0.00530732
0.00603857
0.00641866
0.00583473
-0.00151901
-0.00156434
-0.00155122
-0.00152713
-0.00148154
-0.00141258
-0.00131581
-0.00118461
-0.0010098
-0.000778528
-0.000473151
-7.01889e-05
0.000460465
0.00115361
0.00203703
0.00311098
0.00432368
0.00544759
0.00618317
0.00541908
-0.00202113
-0.00207216
-0.00207346
-0.00207397
-0.0020643
-0.00204448
-0.00201257
-0.00196503
-0.00189659
-0.00179931
-0.00166124
-0.00146451
-0.00118329
-0.000781032
-0.000200503
0.000670235
0.00201831
0.00388913
0.00544347
0.00493705
-0.00257929
-0.0026365
-0.00265242
-0.002679
-0.00270872
-0.00274474
-0.00278921
-0.00284417
-0.00291215
-0.00299629
-0.00310092
-0.00323298
-0.00340609
-0.00363539
-0.00388597
-0.00388412
-0.00270209
0.00028213
0.00327024
0.00435672
-0.00318649
-0.00325004
-0.00327842
-0.00332952
-0.00339817
-0.00349214
-0.00361918
-0.00378927
-0.00401662
-0.00432244
-0.00473948
-0.0053208
-0.00615986
-0.00738471
-0.00899942
-0.0105469
-0.0100996
-0.00608542
-0.00124228
0.00252779
-0.00383732
-0.00390601
-0.00394032
-0.00400927
-0.00411044
-0.00425735
-0.00446409
-0.00474967
-0.00514228
-0.00568547
-0.00644904
-0.00754425
-0.00915935
-0.0115296
-0.0146272
-0.0177044
-0.0183316
-0.0134047
-0.00713508
-0.000705076
-0.00453217
-0.00460435
-0.00463393
-0.00470826
-0.00482745
-0.00501216
-0.00528281
-0.00566674
-0.00620449
-0.00695914
-0.00803158
-0.00957079
-0.0118396
-0.0150747
-0.0192378
-0.0233465
-0.025288
-0.0201838
-0.0138495
-0.00508707
-0.00527321
-0.00533686
-0.00533615
-0.00539126
-0.0055067
-0.00570817
-0.00601818
-0.00646858
-0.00710774
-0.00800917
-0.00929146
-0.0111039
-0.0137664
-0.0174723
-0.0222951
-0.0271906
-0.0310865
-0.0269893
-0.0215382
-0.0102954
-0.00609109
-0.00615644
-0.00610593
-0.00612127
-0.00619689
-0.00637179
-0.00667327
-0.00713604
-0.00781228
-0.00877203
-0.0101526
-0.0120226
-0.0148251
-0.0186211
-0.0237077
-0.0289575
-0.0346266
-0.0312987
-0.0270482
-0.0133194
-0.00712878
-0.00696962
-0.00678232
-0.0066612
-0.0066669
-0.00680959
-0.00710152
-0.00756258
-0.00823952
-0.00918374
-0.0105269
-0.0123674
-0.0149988
-0.0184818
-0.0231145
-0.0277067
-0.0327229
-0.0292371
-0.0274832
-0.00942551
-0.00783695
-0.00814585
-0.00779704
-0.00767615
-0.00753669
-0.00752953
-0.00767519
-0.00800627
-0.0085718
-0.00939708
-0.0106138
-0.0122792
-0.0146018
-0.0175059
-0.0213064
-0.0245348
-0.0279976
-0.0238808
-0.0225785
0.00489209
-0.0115498
-0.0088654
-0.00819905
-0.00745224
-0.00721823
-0.0072221
-0.0074319
-0.00780698
-0.00838678
-0.00917793
-0.0103131
-0.0118002
-0.0138469
-0.0162246
-0.0192052
-0.0211396
-0.0227745
-0.0169423
-0.0101899
0.0327111
-0.00892483
-0.0114956
-0.0103014
-0.0100683
-0.00940974
-0.00896987
-0.00873605
-0.00872557
-0.00900364
-0.00954025
-0.0104778
-0.0117521
-0.0136964
-0.0158855
-0.0188789
-0.0203413
-0.0204983
-0.00880457
0.0117283
0.0833751
-0.0340933
-0.00899373
-0.00747675
-0.006466
-0.00598214
-0.00596185
-0.00627911
-0.00670293
-0.00736958
-0.00814725
-0.00934312
-0.0107013
-0.0126076
-0.0142714
-0.0157092
-0.0134472
-0.00553041
0.0242899
0.0830869
0.20593
2.62053e-05
2.13587e-06
5.26831e-05
0.000149352
0.000299821
0.000505732
0.000770138
0.00109673
0.00148869
0.00194754
0.00247171
0.00305462
0.00368226
0.00433091
0.0049654
0.00554017
0.00600352
0.00631065
0.00646399
0.0064006
5.06853e-05
2.65376e-05
8.37771e-05
0.00018233
0.000331684
0.000534155
0.000793238
0.00111278
0.00149604
0.00194476
0.0024579
0.00302976
0.00364715
0.00428722
0.00491696
0.00549039
0.00595384
0.00626026
0.00641639
0.00633675
-1.6719e-05
-4.90787e-05
6.41416e-06
0.000100659
0.000243995
0.000438824
0.000689118
0.000999497
0.00137437
0.00181717
0.00232898
0.00290656
0.00353976
0.00420857
0.00487737
0.00549512
0.0059971
0.00632152
0.00647643
0.00635478
-0.000154027
-0.00019189
-0.000139937
-5.26823e-05
8.10569e-05
0.000263914
0.000500553
0.00079671
0.0011585
0.00159187
0.00210138
0.0026881
0.00334611
0.00405812
0.0047901
0.00548362
0.00605623
0.00641733
0.00657259
0.00638058
-0.000370166
-0.000412689
-0.000366727
-0.00028969
-0.000169667
-3.73656e-06
0.000213531
0.00048916
0.000831332
0.00124917
0.0017519
0.00234686
0.00303553
0.00380641
0.00462853
0.00543686
0.00612463
0.00655209
0.00671112
0.00639705
-0.000663814
-0.000710891
-0.000673255
-0.000609887
-0.000508395
-0.000365709
-0.000175812
6.9439e-05
0.000380205
0.00076892
0.00125013
0.00183936
0.00254875
0.00337895
0.00430917
0.00527764
0.00614817
0.0067018
0.00687944
0.00634701
-0.00103131
-0.00108335
-0.00105635
-0.00101047
-0.000933193
-0.000821676
-0.000669894
-0.00046929
-0.000208529
0.000127338
0.00055767
0.00110658
0.00180134
0.00266344
0.00369152
0.00484869
0.00598844
0.00679136
0.00703816
0.00616145
-0.00146778
-0.0015255
-0.00151137
-0.00148693
-0.00144005
-0.00136881
-0.00126816
-0.00113059
-0.000945596
-0.00069825
-0.000367597
7.51898e-05
0.000668641
0.00145791
0.00248429
0.00377095
0.00525751
0.00655632
0.00701865
0.00583083
-0.00196706
-0.0020312
-0.00203161
-0.00203203
-0.00202135
-0.00199953
-0.00196397
-0.00191028
-0.001832
-0.00171941
-0.00155777
-0.00132502
-0.00098996
-0.000508243
0.000196956
0.00127703
0.00296475
0.00512541
0.00626245
0.00548445
-0.0025219
-0.00259304
-0.00260834
-0.00263536
-0.00266478
-0.00269962
-0.00274147
-0.0027917
-0.00285215
-0.00292545
-0.00301595
-0.00313331
-0.00330387
-0.00357227
-0.00390875
-0.00390658
-0.00255391
0.000867847
0.00378003
0.00501739
-0.00312476
-0.00320321
-0.00323145
-0.00328384
-0.00335335
-0.00344758
-0.00357383
-0.00374183
-0.00396617
-0.00426994
-0.00469188
-0.00530218
-0.00624175
-0.0077361
-0.00982842
-0.0117675
-0.0112974
-0.0064461
-0.00130369
0.00282304
-0.00376882
-0.00385354
-0.00388817
-0.00395951
-0.00406321
-0.00421242
-0.00442086
-0.00470781
-0.00510309
-0.00565527
-0.0064477
-0.00762679
-0.00946144
-0.012337
-0.0162474
-0.0201452
-0.0209103
-0.015413
-0.00887325
-0.00178529
-0.0044531
-0.00454368
-0.00457458
-0.00465287
-0.0047765
-0.00496552
-0.00524012
-0.00562829
-0.00617296
-0.00694395
-0.00805983
-0.00972325
-0.0122757
-0.016135
-0.0212882
-0.0263546
-0.0289014
-0.0240171
-0.0173446
-0.00798355
-0.00517452
-0.00525843
-0.00525911
-0.0053198
-0.00544249
-0.00565125
-0.00596797
-0.00642474
-0.00707212
-0.00798993
-0.00931405
-0.011264
-0.014195
-0.0184621
-0.0242373
-0.029896
-0.034236
-0.0304719
-0.0243838
-0.0135073
-0.00596384
-0.00605577
-0.00600653
-0.00603099
-0.0061163
-0.0063006
-0.00660975
-0.00707872
-0.00775913
-0.00872761
-0.0101218
-0.0121189
-0.0151108
-0.0192239
-0.0250522
-0.0304296
-0.0355833
-0.0319338
-0.0273352
-0.0151049
-0.00694299
-0.00681596
-0.00663026
-0.00652047
-0.00654104
-0.00669832
-0.00700168
-0.00747044
-0.0081479
-0.00909536
-0.0104472
-0.0123002
-0.015047
-0.0187093
-0.0236069
-0.0279366
-0.0318017
-0.0279366
-0.0256204
-0.00981771
-0.00752058
-0.00789129
-0.00755508
-0.00746681
-0.007351
-0.00736493
-0.00752481
-0.00786395
-0.00842455
-0.00924573
-0.0104358
-0.0120903
-0.0144482
-0.0174315
-0.0213117
-0.0242931
-0.0267602
-0.0223674
-0.0192146
0.00509123
-0.0112124
-0.00855315
-0.00783427
-0.00709018
-0.00689182
-0.00693572
-0.00717573
-0.00757065
-0.00815154
-0.00892627
-0.010025
-0.0114868
-0.0135173
-0.0159482
-0.0189331
-0.0207422
-0.0215056
-0.0154762
-0.00642967
0.0338567
-0.00785177
-0.0106871
-0.0096019
-0.00948328
-0.00890619
-0.00853908
-0.00835115
-0.00837319
-0.00865562
-0.00918044
-0.0100732
-0.0113218
-0.0132383
-0.0155204
-0.0185845
-0.0200825
-0.0199434
-0.00774718
0.0150479
0.0864881
-0.0333699
-0.00814035
-0.00660782
-0.00573173
-0.00536896
-0.00541779
-0.00576952
-0.00621927
-0.00688073
-0.00764843
-0.00879664
-0.0101444
-0.0120283
-0.0137863
-0.0152803
-0.0130216
-0.00431098
0.0267256
0.0891653
0.213632
4.77264e-05
1.99546e-05
6.99999e-05
0.00016684
0.000318669
0.000527044
0.00079518
0.00112712
0.00152652
0.00199546
0.00253294
0.0031328
0.00378105
0.00445327
0.00511215
0.00570864
0.00618622
0.00649617
0.00664258
0.00656213
7.7332e-05
4.90928e-05
0.000106542
0.000205522
0.000356181
0.000560797
0.000823083
0.00114725
0.00153702
0.00199473
0.00251998
0.00310759
0.00374425
0.00440753
0.00506156
0.00565701
0.00613493
0.00644375
0.00659234
0.00649567
1.42797e-05
-2.30372e-05
3.28563e-05
0.00012756
0.000272184
0.000469096
0.000722533
0.00103754
0.0014191
0.00187136
0.00239628
0.00299138
0.00364732
0.00434368
0.00504252
0.00568833
0.00620895
0.00653546
0.00667777
0.00653147
-0.000118734
-0.000162167
-0.000109645
-2.1873e-05
0.000113216
0.000298236
0.000538176
0.000839282
0.00120838
0.00165237
0.00217703
0.00278465
0.00347027
0.00421773
0.00498996
0.00572259
0.00632208
0.00668456
0.00681649
0.0065854
-0.000331349
-0.000379908
-0.000333259
-0.000255625
-0.000134096
3.42588e-05
0.000255266
0.000536574
0.000887252
0.00131767
0.00183875
0.0024598
0.00318413
0.00400149
0.00487939
0.00574461
0.00647337
0.00690186
0.00701662
0.00663743
-0.000622032
-0.000675547
-0.000637137
-0.000573078
-0.000469878
-0.000324423
-0.000130215
0.000121633
0.000442369
0.000846004
0.00134931
0.00197074
0.00272583
0.00361672
0.0046255
0.00567767
0.00661263
0.007167
0.00726025
0.0066197
-0.000986844
-0.00104573
-0.00101792
-0.000971301
-0.00089218
-0.000777635
-0.00062109
-0.000413142
-0.000141218
0.000211475
0.000667025
0.00125358
0.00200292
0.00293969
0.00407039
0.00534731
0.00658886
0.00739109
0.00748329
0.00644988
-0.00142068
-0.00148571
-0.0014708
-0.00144572
-0.00139707
-0.00132281
-0.00121735
-0.00107231
-0.000875918
-0.000611376
-0.000254907
0.000226493
0.000876986
0.00174735
0.00287691
0.00431455
0.00593927
0.00724517
0.00746503
0.00613191
-0.0019171
-0.00198912
-0.00198892
-0.001989
-0.00197693
-0.00195256
-0.00191278
-0.00185249
-0.00176428
-0.00163713
-0.00145456
-0.00119258
-0.000819183
-0.000290831
0.000473382
0.00164301
0.003496
0.00579164
0.00667157
0.00585753
-0.00246849
-0.00254817
-0.00256317
-0.00259043
-0.00261921
-0.00265252
-0.00269154
-0.00273729
-0.00279141
-0.00285672
-0.00293902
-0.00305329
-0.0032428
-0.00357905
-0.00401681
-0.00404197
-0.00247679
0.00114363
0.00402023
0.00548885
-0.00306669
-0.00315451
-0.00318296
-0.00323643
-0.00330645
-0.00340063
-0.00352614
-0.00369287
-0.00391636
-0.00422244
-0.00465684
-0.0053066
-0.00635388
-0.00808675
-0.0104958
-0.0125855
-0.0120693
-0.00731119
-0.00192651
0.00291756
-0.00370374
-0.00379874
-0.00383413
-0.00390759
-0.00401327
-0.00416429
-0.0043744
-0.00466357
-0.00506374
-0.00562881
-0.0064545
-0.00771422
-0.00972896
-0.0129504
-0.0173374
-0.0215718
-0.0228541
-0.0178635
-0.0109424
-0.00286939
-0.00437734
-0.00447979
-0.00451229
-0.00459405
-0.00472123
-0.00491376
-0.00519191
-0.00558458
-0.00613718
-0.00692564
-0.00808247
-0.0098385
-0.0125858
-0.0168107
-0.0224962
-0.0280345
-0.0312004
-0.0270826
-0.0202888
-0.0102513
-0.0050806
-0.00517793
-0.00518067
-0.00524625
-0.00537443
-0.00558862
-0.00591039
-0.00637229
-0.00702659
-0.00795803
-0.00931321
-0.0113318
-0.014425
-0.0189652
-0.0251654
-0.0310109
-0.0355079
-0.0322514
-0.0266193
-0.0157211
-0.00584366
-0.00595263
-0.00590596
-0.00593811
-0.00603079
-0.00622179
-0.00653609
-0.0070086
-0.00769083
-0.00866246
-0.0100658
-0.0120992
-0.0151799
-0.019413
-0.0254093
-0.0305992
-0.0352912
-0.0318731
-0.0283752
-0.0163655
-0.00677455
-0.00666832
-0.00648651
-0.00638714
-0.00641824
-0.00658518
-0.00689543
-0.00736718
-0.00804134
-0.00898066
-0.0103161
-0.012174
-0.0149306
-0.018594
-0.0234238
-0.0274086
-0.0307155
-0.0271683
-0.0259649
-0.0100675
-0.00727214
-0.00768516
-0.00735189
-0.00728703
-0.00718692
-0.00721397
-0.00738123
-0.00772138
-0.00827312
-0.00907619
-0.0102414
-0.0118663
-0.0142032
-0.017167
-0.0209802
-0.0237419
-0.0258689
-0.0217919
-0.0196673
0.00573802
-0.0108903
-0.00826877
-0.00753932
-0.00681464
-0.00663602
-0.00670153
-0.00695695
-0.00735887
-0.00793319
-0.00869269
-0.00975118
-0.01118
-0.0131769
-0.0155904
-0.0185401
-0.0202635
-0.0208972
-0.0153036
-0.00696852
0.0353845
-0.00726479
-0.0102659
-0.00920006
-0.00914561
-0.00859986
-0.00826052
-0.00808839
-0.00811388
-0.00838679
-0.00888864
-0.00974436
-0.0109591
-0.012852
-0.0151509
-0.0182783
-0.0198552
-0.0198513
-0.00772491
0.0150064
0.0895002
-0.0328008
-0.0075584
-0.00602756
-0.0052167
-0.00491721
-0.00501379
-0.00539548
-0.00586168
-0.00652277
-0.00727616
-0.00839694
-0.00971454
-0.0115837
-0.0133403
-0.0148608
-0.0125307
-0.00369921
0.0278483
0.0910008
0.219306
7.07883e-05
4.16825e-05
9.20161e-05
0.000189732
0.000343474
0.000554899
0.000827492
0.00116569
0.00157365
0.00205398
0.00260623
0.00322455
0.00389488
0.00459189
0.00527608
0.00589487
0.0063872
0.0067009
0.0068417
0.00674769
0.000102793
7.2867e-05
0.000130842
0.000230772
0.000383311
0.000590835
0.00085734
0.00118743
0.00158534
0.00205397
0.00259349
0.00319912
0.0038574
0.00454587
0.00522579
0.00584425
0.00633725
0.00664917
0.0067909
0.00668091
4.26e-05
3.20559e-06
5.97288e-05
0.000155415
0.000301951
0.000501808
0.000759547
0.00108067
0.00147076
0.00193469
0.00247515
0.00309037
0.00377167
0.00449756
0.00522779
0.00590212
0.00644126
0.0067698
0.00689967
0.00673384
-8.72623e-05
-0.000133063
-7.98027e-05
9.01637e-06
0.000146114
0.000334227
0.000578729
0.000886417
0.00126485
0.00172187
0.00226437
0.00289566
0.0036113
0.00439625
0.00520929
0.00597998
0.00660411
0.00696619
0.00707397
0.00681147
-0.000296985
-0.000348131
-0.000300656
-0.00022189
-9.81907e-05
7.35276e-05
0.000299552
0.000588199
0.000949452
0.00139491
0.00193706
0.00258685
0.00334877
0.00421362
0.00514587
0.00606343
0.00682615
0.0072494
0.00731766
0.00688764
-0.000585015
-0.000641306
-0.000602005
-0.000536735
-0.000431196
-0.000282082
-8.23591e-05
0.000177646
0.00051028
0.000931077
0.00145883
0.00211445
0.00291589
0.00386637
0.00494632
0.00606992
0.00705155
0.00758992
0.00759788
0.00687802
-0.0009473
-0.00100916
-0.000980439
-0.000932598
-0.000851063
-0.0007327
-0.000570343
-0.000353724
-6.90544e-05
0.000302178
0.000784395
0.0014088
0.00221006
0.00321165
0.00443116
0.0057994
0.00710126
0.0078658
0.00781683
0.00667491
-0.00137857
-0.00144681
-0.00143106
-0.00140488
-0.00135395
-0.00127603
-0.00116493
-0.00101145
-0.000802669
-0.000520172
-0.000138029
0.000379627
0.00107972
0.00201495
0.00321928
0.00474146
0.00642431
0.00766544
0.00770724
0.0062826
-0.00187216
-0.00194767
-0.00194682
-0.00194613
-0.00193222
-0.00190478
-0.00186022
-0.00179284
-0.00169445
-0.00155324
-0.00135209
-0.00106752
-0.000671585
-0.000130309
0.000628095
0.00180051
0.00366717
0.0058561
0.00670286
0.00594354
-0.00242008
-0.00250357
-0.00251825
-0.00254529
-0.00257302
-0.00260437
-0.00264025
-0.00268148
-0.00272979
-0.00278886
-0.00286726
-0.00298804
-0.00321525
-0.00365141
-0.00424862
-0.00444566
-0.00297784
0.000611626
0.00374319
0.00553561
-0.0030136
-0.00310563
-0.00313422
-0.00318824
-0.00325829
-0.00335202
-0.00347661
-0.00364233
-0.003866
-0.00417677
-0.00462837
-0.00532582
-0.00648992
-0.00846804
-0.0112492
-0.0136886
-0.0133816
-0.00871826
-0.00282688
0.00262783
-0.00364383
-0.00374346
-0.00377951
-0.00385442
-0.00396139
-0.00411362
-0.0043251
-0.0046167
-0.00502265
-0.00560217
-0.00646274
-0.00780189
-0.00998444
-0.0135234
-0.0183687
-0.0230027
-0.0246396
-0.0200348
-0.0126481
-0.00391589
-0.00430741
-0.00441516
-0.00444894
-0.00453318
-0.00466287
-0.00485802
-0.00513914
-0.00553614
-0.00609684
-0.00690258
-0.00809723
-0.00993398
-0.0128433
-0.0173418
-0.0234082
-0.0291822
-0.032497
-0.0288117
-0.021898
-0.0116341
-0.00499518
-0.00509846
-0.00510301
-0.00517214
-0.00530403
-0.00552192
-0.00584738
-0.00631346
-0.006974
-0.00791757
-0.00929865
-0.0113729
-0.0145772
-0.0192707
-0.0256303
-0.0313218
-0.035486
-0.0323997
-0.0270052
-0.016518
-0.00573703
-0.0058532
-0.00580859
-0.00584587
-0.00594334
-0.00613869
-0.00645631
-0.00693101
-0.00761459
-0.00858859
-0.00999941
-0.0120529
-0.0151789
-0.0194699
-0.0252975
-0.0301238
-0.0339572
-0.0307432
-0.0275806
-0.0164085
-0.00663262
-0.00653601
-0.00635771
-0.00626573
-0.00630303
-0.00647532
-0.00678892
-0.0072611
-0.0079316
-0.00886334
-0.0101885
-0.0120346
-0.014775
-0.0183865
-0.0230306
-0.0266011
-0.0292593
-0.0257637
-0.0245828
-0.00968881
-0.00709174
-0.00752121
-0.00718588
-0.0071334
-0.00704142
-0.00707529
-0.00724555
-0.00758391
-0.00812756
-0.00891559
-0.0100603
-0.0116568
-0.0139618
-0.0168683
-0.0205519
-0.0230537
-0.0247077
-0.0206674
-0.0183734
0.00640474
-0.0106389
-0.00804631
-0.00731955
-0.00661202
-0.00644214
-0.00651674
-0.00677731
-0.00717892
-0.00774509
-0.00848734
-0.00952259
-0.0109191
-0.0128822
-0.0152503
-0.0181147
-0.01969
-0.020044
-0.0145133
-0.00595278
0.0364125
-0.00699225
-0.010035
-0.00895849
-0.00892563
-0.00838685
-0.00805571
-0.00788681
-0.00790928
-0.00817216
-0.00865499
-0.00948484
-0.0106704
-0.0125375
-0.0148115
-0.0178985
-0.0193775
-0.0191962
-0.00707184
0.0159599
0.0911901
-0.0324986
-0.00725746
-0.00572028
-0.0049222
-0.00464347
-0.00475947
-0.00515339
-0.00562317
-0.00627834
-0.00701769
-0.00811572
-0.00940728
-0.011249
-0.0129744
-0.0144445
-0.0120262
-0.00296137
0.0288698
0.0926144
0.221975
9.29128e-05
6.34587e-05
0.000114428
0.000213396
0.000369353
0.000584128
0.000861495
0.00120628
0.00162308
0.00211503
0.0026821
0.0033187
0.00401064
0.00473145
0.00543973
0.00607958
0.00658587
0.00690349
0.00703962
0.00693442
0.00012601
9.55052e-05
0.00015419
0.000255403
0.000410156
0.000620982
0.000892168
0.0012287
0.00163528
0.00211531
0.00266944
0.00329319
0.00397303
0.00468577
0.00539042
0.00603058
0.00653768
0.00685264
0.00698818
0.00686729
6.76452e-05
2.75318e-05
8.48325e-05
0.000181852
0.00033067
0.000533927
0.00079651
0.00112436
0.00152359
0.00199972
0.00255609
0.00319144
0.00389749
0.00465163
0.00541132
0.00611183
0.00666754
0.00699749
0.00711553
0.00693386
-6.00176e-05
-0.000106647
-5.25329e-05
3.76945e-05
0.000177196
0.000368898
0.000618551
0.00093347
0.00132188
0.00179245
0.00235298
0.00300764
0.00375278
0.00457227
0.00542246
0.0062268
0.00687152
0.00723143
0.0073156
0.00702814
-0.000267523
-0.000319583
-0.000271185
-0.000190923
-6.46593e-05
0.000110912
0.000342524
0.000639111
0.00101148
0.00147229
0.00203531
0.00271267
0.00350881
0.00441807
0.00539822
0.00636004
0.00714894
0.00756276
0.00758531
0.00711665
-0.00055338
-0.000610661
-0.000570391
-0.000503554
-0.000395309
-0.000242097
-3.63708e-05
0.000232253
0.000577092
0.00101497
0.00156634
0.00225395
0.0030975
0.0040998
0.00523962
0.00642057
0.00743488
0.00794908
0.00787432
0.00709778
-0.000913517
-0.000976452
-0.000946763
-0.00089736
-0.000813085
-0.000690536
-0.000522001
-0.000296451
9.41093e-07
0.000390078
0.000897162
0.00155554
0.00240197
0.00346043
0.00474624
0.00618129
0.00751973
0.00823335
0.00805127
0.00683668
-0.00134257
-0.00141198
-0.00139535
-0.00136775
-0.00131425
-0.00123236
-0.00111538
-0.000953441
-0.000732683
-0.000433549
-2.87628e-05
0.00051904
0.00125722
0.00223504
0.0034894
0.00505951
0.00676391
0.00792684
0.00780779
0.00633296
-0.00183368
-0.00191049
-0.00190895
-0.00190715
-0.00189112
-0.00186035
-0.00181089
-0.00173655
-0.00162873
-0.00147534
-0.00125965
-0.000960473
-0.000556904
-2.87266e-05
0.000685357
0.0018007
0.00361632
0.0057944
0.00658165
0.00590583
-0.00237855
-0.0024635
-0.0024778
-0.00250423
-0.00253058
-0.00255967
-0.00259228
-0.00262921
-0.00267257
-0.00272745
-0.00280624
-0.00294149
-0.00321996
-0.00378187
-0.00459253
-0.00501444
-0.00367035
-6.51689e-05
0.00334218
0.00546721
-0.00296802
-0.00306167
-0.00309029
-0.00314436
-0.00321399
-0.00330686
-0.00343027
-0.00359507
-0.00381957
-0.00413663
-0.00460856
-0.00535898
-0.00664761
-0.00888907
-0.0120783
-0.0149358
-0.0148376
-0.0101307
-0.00372223
0.0022952
-0.00359249
-0.00369392
-0.00373045
-0.00380616
-0.00391373
-0.0040665
-0.00427883
-0.00457257
-0.00498437
-0.00557876
-0.00647474
-0.00789351
-0.010243
-0.0140971
-0.0194089
-0.0244591
-0.0263073
-0.0217839
-0.014036
-0.00479896
-0.00424787
-0.00435767
-0.00439243
-0.00447825
-0.00460947
-0.00480624
-0.00508944
-0.00549004
-0.00605824
-0.00688049
-0.00811112
-0.0100242
-0.013085
-0.0178342
-0.0242421
-0.0301736
-0.0333903
-0.029776
-0.0229161
-0.0125514
-0.00492373
-0.00502932
-0.00503533
-0.00510678
-0.00524094
-0.00546106
-0.00578882
-0.00625791
-0.00692373
-0.00787833
-0.00928332
-0.0114062
-0.0147083
-0.0195276
-0.0260175
-0.0314648
-0.0352709
-0.0321321
-0.0271383
-0.0168889
-0.00565024
-0.00576926
-0.00572624
-0.00576667
-0.00586691
-0.00606459
-0.00638381
-0.00685939
-0.00754359
-0.00851944
-0.00993717
-0.012005
-0.0151635
-0.0194602
-0.0252013
-0.0296633
-0.0328617
-0.0296545
-0.0269995
-0.0161795
-0.00652125
-0.0064289
-0.00625362
-0.00616654
-0.00620737
-0.00638223
-0.00669677
-0.00716766
-0.00783412
-0.0087587
-0.0100751
-0.0119072
-0.0146286
-0.0181877
-0.022692
-0.0259444
-0.028119
-0.0246268
-0.0237522
-0.00911778
-0.00696506
-0.00740039
-0.00706236
-0.00701584
-0.00692723
-0.00696368
-0.00713394
-0.00746879
-0.00800476
-0.00877987
-0.0099062
-0.0114772
-0.0137495
-0.0165952
-0.0201602
-0.0224652
-0.023801
-0.0198208
-0.0177281
0.00713488
-0.0104563
-0.00788308
-0.00716419
-0.00646916
-0.00630375
-0.00638132
-0.00664194
-0.00703978
-0.00759784
-0.0083259
-0.0093401
-0.0107089
-0.0126407
-0.0149542
-0.0177301
-0.0191811
-0.019352
-0.0138806
-0.00545747
0.0373244
-0.00685584
-0.00990774
-0.00881496
-0.00878911
-0.00824868
-0.00791691
-0.00774503
-0.00776066
-0.0080141
-0.00848091
-0.00929236
-0.0104517
-0.0122943
-0.0145241
-0.0175473
-0.0189277
-0.0186196
-0.00642413
0.0166209
0.0925259
-0.0323141
-0.00708377
-0.00554191
-0.00474536
-0.0044742
-0.00459677
-0.0049951
-0.00546247
-0.00611223
-0.00683828
-0.0079213
-0.009188
-0.0110038
-0.0126769
-0.0140763
-0.0115262
-0.00230575
0.0297746
0.0936899
0.223762
0.000112549
8.31677e-05
0.000134908
0.000235256
0.000393451
0.000611506
0.000893472
0.00124451
0.00166962
0.00217234
0.00275298
0.00340615
0.00411741
0.00485946
0.00558899
0.00624729
0.00676578
0.00708693
0.00721919
0.00710485
0.000146135
0.000115533
0.000174999
0.000277604
0.000434605
0.000648709
0.000924468
0.00126721
0.00168201
0.00217272
0.00274037
0.00338063
0.00408002
0.00481428
0.00554069
0.00619978
0.00671906
0.00703664
0.00716678
0.00703704
8.89413e-05
4.86851e-05
0.000106813
0.000205278
0.000356427
0.000563081
0.000830421
0.00116476
0.00157268
0.00206023
0.00263125
0.00328491
0.00401307
0.00479204
0.0055773
0.00630023
0.0068698
0.00720053
0.00730798
0.00711361
-3.72141e-05
-8.40182e-05
-2.90216e-05
6.27272e-05
0.000204682
0.00039997
0.00065468
0.000976568
0.00137442
0.00185757
0.00243456
0.00311015
0.00388123
0.00473076
0.00561261
0.00644507
0.00710629
0.00746302
0.0075256
0.0072187
-0.000243085
-0.000295338
-0.000246004
-0.000164139
-3.52777e-05
0.000144115
0.00038116
0.000685321
0.00106809
0.00154298
0.00212478
0.00282669
0.00365395
0.00459959
0.00561953
0.00661755
0.00742663
0.00782939
0.00780983
0.00731196
-0.000527253
-0.000584746
-0.000543507
-0.00047501
-0.000364055
-0.000206828
4.65541e-06
0.000281375
0.000637433
0.00109068
0.00166285
0.00237785
0.00325554
0.00430227
0.00549155
0.00671911
0.00775842
0.0082461
0.00809446
0.00727662
-0.00088567
-0.000948843
-0.000918198
-0.000867147
-0.000780156
-0.000653559
-0.000479187
-0.000245391
6.34754e-05
0.000468374
0.000996819
0.00168374
0.00256743
0.00367192
0.00501105
0.00650033
0.00786809
0.00852675
0.00821939
0.00695419
-0.00131292
-0.00138261
-0.0013651
-0.00133598
-0.00127994
-0.00119425
-0.00107181
-0.000902186
-0.000670881
-0.000357555
6.58878e-05
0.000637613
0.00140493
0.00241455
0.00370663
0.00531681
0.00704467
0.00811741
0.0078453
0.00633933
-0.001802
-0.00187913
-0.0018769
-0.00187387
-0.00185571
-0.00182176
-0.00176775
-0.00168723
-0.00157138
-0.00140816
-0.00118166
-0.000873246
-0.000468858
4.00053e-05
0.000712535
0.00178664
0.00360284
0.00570045
0.00642882
0.00583253
-0.00234438
-0.00242973
-0.00244359
-0.00246923
-0.0024941
-0.00252097
-0.00255055
-0.00258374
-0.00262321
-0.00267561
-0.00275718
-0.00290933
-0.00323923
-0.00392133
-0.0049307
-0.0055347
-0.00424242
-0.000612864
0.00298458
0.00538505
-0.00293058
-0.00302468
-0.00305321
-0.00310704
-0.003176
-0.00326785
-0.00339008
-0.00355414
-0.00377988
-0.00410373
-0.00459599
-0.00539722
-0.00680229
-0.00928602
-0.0128504
-0.0160402
-0.0160124
-0.0111536
-0.00435462
0.00204788
-0.00355052
-0.00365245
-0.00368927
-0.00376532
-0.00387304
-0.00402595
-0.00423877
-0.00453439
-0.00495171
-0.00556018
-0.00648937
-0.00798228
-0.0104876
-0.0146371
-0.0203737
-0.0257309
-0.0275544
-0.0228614
-0.0148546
-0.00535799
-0.00419965
-0.00431003
-0.00434545
-0.00443216
-0.00456422
-0.00476192
-0.00504657
-0.00545015
-0.0060251
-0.00686254
-0.00812642
-0.0101101
-0.0133142
-0.0183019
-0.0250283
-0.0310443
-0.0339704
-0.0300949
-0.0232639
-0.0130011
-0.00486688
-0.00497308
-0.00498013
-0.00505299
-0.00518843
-0.00540979
-0.00573898
-0.00621032
-0.0068808
-0.00784562
-0.00927328
-0.0114419
-0.0148401
-0.0197844
-0.0264178
-0.0316429
-0.0350107
-0.031558
-0.0268644
-0.016915
-0.00558296
-0.00570276
-0.00566088
-0.00570311
-0.00580476
-0.0060035
-0.0063233
-0.00679916
-0.00748398
-0.00846206
-0.00988811
-0.0119715
-0.0151792
-0.0194714
-0.0251999
-0.0293974
-0.0320636
-0.0286404
-0.0263003
-0.0158108
-0.00643765
-0.00634694
-0.00617393
-0.00608981
-0.00613244
-0.00630823
-0.00662249
-0.00709158
-0.00775467
-0.00867383
-0.00998476
-0.0118063
-0.0145191
-0.0180455
-0.0224706
-0.0255015
-0.0272857
-0.0236398
-0.0229122
-0.00852785
-0.00687614
-0.00731339
-0.0069734
-0.00692959
-0.00684188
-0.00687858
-0.00704733
-0.00737839
-0.00790821
-0.00867368
-0.00978409
-0.0113359
-0.0135824
-0.0163784
-0.0198549
-0.0220073
-0.0230852
-0.0190237
-0.0169896
0.0078212
-0.0103297
-0.00776753
-0.00705607
-0.00636899
-0.00620587
-0.00628404
-0.00654303
-0.00693661
-0.00748851
-0.00820796
-0.00919853
-0.0105482
-0.0124547
-0.0147186
-0.0174162
-0.0187578
-0.0187617
-0.0132063
-0.00481954
0.0381119
-0.00677977
-0.00982952
-0.00872374
-0.00869937
-0.00815565
-0.00782123
-0.00764521
-0.0076544
-0.00790033
-0.00835547
-0.00915205
-0.0102914
-0.0121126
-0.0142984
-0.0172494
-0.0185224
-0.0180547
-0.00575184
0.0173497
0.0935627
-0.0321992
-0.00698033
-0.00543581
-0.00463717
-0.00436762
-0.00449122
-0.00488989
-0.00535345
-0.00599786
-0.00671406
-0.00778472
-0.00903339
-0.0108231
-0.012448
-0.0137709
-0.0111056
-0.00173864
0.0305459
0.0945786
0.224976
0.000128426
9.92324e-05
0.000151699
0.000253309
0.000413474
0.000634372
0.000920275
0.00127661
0.0017087
0.0022204
0.00281227
0.00347901
0.00420601
0.0049652
0.00571179
0.00638482
0.00691299
0.00723696
0.00736617
0.00724479
0.000162247
0.000131708
0.000191894
0.000295767
0.000454752
0.000671708
0.000951403
0.00129943
0.00172118
0.00222082
0.00279965
0.00345346
0.00416876
0.0049204
0.00566425
0.00633839
0.00686728
0.00718684
0.00731264
0.00717609
0.000105806
6.55985e-05
0.00012448
0.000224261
0.000377468
0.000587083
0.000858521
0.0011984
0.00161365
0.00211072
0.00269382
0.00336244
0.00410845
0.0049073
0.00571284
0.00645337
0.00703359
0.00736459
0.00746342
0.00725945
-1.93364e-05
-6.60987e-05
-1.03088e-05
8.2821e-05
0.00022694
0.000425349
0.000684406
0.00101221
0.00141799
0.00191158
0.00250203
0.00319455
0.00398637
0.0048597
0.00576635
0.00662051
0.00729401
0.00764735
0.00769219
0.00737106
-0.000224051
-0.000276261
-0.000226094
-0.00014278
-1.16395e-05
0.000171059
0.000412746
0.00072329
0.0011147
0.00160115
0.00219818
0.00291979
0.00377167
0.00474568
0.00579636
0.00682201
0.00764576
0.00803791
0.00798377
0.0074652
-0.000506985
-0.000564432
-0.000522336
-0.000452346
-0.000339031
-0.000178358
3.79961e-05
0.000321465
0.000686739
0.00115241
0.00174116
0.00247769
0.00338193
0.00446295
0.00569031
0.00695364
0.00801141
0.00847456
0.00825946
0.0074135
-0.000864116
-0.000927246
-0.00089576
-0.000843233
-0.000753892
-0.000623849
-0.000444589
-0.000203999
0.000114162
0.000531614
0.00107679
0.00178577
0.00269803
0.00383755
0.00521783
0.00674997
0.00814166
0.00875009
0.00833772
0.00703992
-0.00129
-0.00135965
-0.00134138
-0.0013109
-0.00125267
-0.00116377
-0.00103678
-0.000860921
-0.000621223
-0.000296859
0.000140753
0.000730246
0.00151893
0.00255237
0.00387433
0.00552126
0.00727614
0.00826296
0.00785713
0.00633464
-0.00177754
-0.00185466
-0.0018518
-0.00184764
-0.00182764
-0.00179099
-0.00173325
-0.00164779
-0.00152571
-0.00135518
-0.0011211
-0.000806987
-0.000404002
8.84558e-05
0.000732785
0.00179012
0.00362199
0.00563645
0.00629518
0.00576772
-0.00231806
-0.0024034
-0.00241685
-0.0024417
-0.00246526
-0.00249023
-0.00251732
-0.0025476
-0.00258427
-0.00263539
-0.00272047
-0.00288791
-0.00326084
-0.00403939
-0.00520064
-0.00592014
-0.00462856
-0.00098876
0.00271996
0.00532515
-0.00290182
-0.00299594
-0.00302432
-0.00307778
-0.00314607
-0.00323697
-0.00335819
-0.00352176
-0.00374886
-0.00407891
-0.00458873
-0.00543245
-0.0069332
-0.00961362
-0.0134739
-0.016896
-0.0168413
-0.011812
-0.00476592
0.0018844
-0.00351847
-0.00362042
-0.00365737
-0.0037335
-0.00384115
-0.003994
-0.00420713
-0.00450432
-0.00492637
-0.00554682
-0.006504
-0.00805873
-0.0106941
-0.0150902
-0.0211752
-0.0267375
-0.0283999
-0.0234616
-0.0153336
-0.00569617
-0.00416317
-0.00427356
-0.00430939
-0.00439656
-0.00452904
-0.00472725
-0.00501291
-0.00541886
-0.00599948
-0.00684979
-0.008142
-0.0101854
-0.0135128
-0.0187129
-0.0257188
-0.0317947
-0.0343561
-0.0301753
-0.0233857
-0.0132162
-0.00482451
-0.00493069
-0.00493842
-0.00501207
-0.00514819
-0.00537022
-0.00570029
-0.00617338
-0.0068478
-0.00782147
-0.00926911
-0.0114775
-0.0149592
-0.0200415
-0.0268267
-0.0318992
-0.0348652
-0.0310824
-0.0266106
-0.0168391
-0.00553385
-0.00565369
-0.00561255
-0.00565573
-0.00575803
-0.00595716
-0.00627709
-0.00675304
-0.00743858
-0.00841905
-0.00985296
-0.0119485
-0.0151683
-0.0195763
-0.0253032
-0.0293449
-0.0316027
-0.0279235
-0.0258051
-0.0154743
-0.00637823
-0.00628801
-0.0061165
-0.00603407
-0.00607755
-0.0062535
-0.00656706
-0.00703451
-0.00769521
-0.00861094
-0.00991913
-0.011734
-0.0144451
-0.017975
-0.0223683
-0.0252623
-0.0267576
-0.0229221
-0.0223177
-0.00803652
-0.00681546
-0.00725304
-0.00691182
-0.00686911
-0.00678131
-0.00681741
-0.00698437
-0.00731219
-0.00783777
-0.00859794
-0.00969324
-0.011234
-0.0134639
-0.0162286
-0.0196495
-0.0216923
-0.0225709
-0.018397
-0.0164199
0.0083803
-0.0102458
-0.00768934
-0.00698338
-0.00630085
-0.00613881
-0.00621659
-0.00647363
-0.00686371
-0.00741285
-0.00814204
-0.00907967
-0.0104318
-0.0123221
-0.0145486
-0.0171868
-0.0184405
-0.0183098
-0.0126447
-0.00427961
0.0387396
-0.00673399
-0.00977951
-0.00866502
-0.00864016
-0.00809344
-0.00775635
-0.00757637
-0.00758059
-0.00782136
-0.00826982
-0.00905275
-0.0101794
-0.0119852
-0.0141361
-0.0170267
-0.0182075
-0.0176016
-0.00517192
0.0179856
0.0943408
-0.0321266
-0.00691683
-0.00537087
-0.00456979
-0.0043
-0.00442281
-0.00482048
-0.00528035
-0.00592052
-0.00662984
-0.00769139
-0.00892743
-0.0106971
-0.0122831
-0.0135439
-0.0107816
-0.0012955
0.0311635
0.095279
0.225809
0.000139576
0.000110553
0.000163573
0.000266135
0.00042776
0.000650743
0.000939514
0.00129969
0.0017368
0.00225491
0.00285476
0.00353111
0.00426919
0.00504037
0.00579886
0.00648211
0.00701699
0.00734288
0.00746998
0.00734379
0.000173514
0.000143063
0.000203795
0.000308623
0.000469079
0.000688129
0.000970696
0.00132255
0.0017493
0.00225534
0.00284214
0.00350551
0.004232
0.00499583
0.00575181
0.00643638
0.00697187
0.00729276
0.00741551
0.00727433
0.000117528
7.74024e-05
0.000136852
0.000237623
0.000392356
0.000604146
0.000878574
0.00122246
0.00164298
0.00214684
0.00273852
0.00341769
0.00417619
0.00498888
0.00580845
0.00656106
0.0071485
0.00747953
0.0075723
0.00736185
-6.98572e-06
-5.36668e-05
2.71817e-06
9.68848e-05
0.000242604
0.000443302
0.000705523
0.00103761
0.00144906
0.00195007
0.00255003
0.00325442
0.00406067
0.00495045
0.00587411
0.00674306
0.00742474
0.00777533
0.00780768
0.00747716
-0.000210961
-0.000263083
-0.000212294
-0.000127896
4.9238e-06
0.000190038
0.000435088
0.000750216
0.00114779
0.0016424
0.00225013
0.00298551
0.00385449
0.00484784
0.00591949
0.00696394
0.00779743
0.00818149
0.00810299
0.00757092
-0.000493087
-0.000550439
-0.000507707
-0.000436605
-0.000321557
-0.00015838
6.14805e-05
0.000349762
0.000721544
0.00119591
0.00179615
0.00254749
0.00347003
0.00457442
0.00582798
0.00711606
0.00818661
0.00863134
0.00837143
0.00750725
-0.000849365
-0.000912398
-0.000880288
-0.000826664
-0.000735605
-0.000603073
-0.000420316
-0.000174922
0.000149743
0.000575888
0.00113254
0.00185656
0.00278824
0.00395195
0.00536112
0.00692429
0.00833439
0.00890519
0.00841769
0.00709888
-0.00127433
-0.0013439
-0.00132505
-0.00129356
-0.00123373
-0.00114251
-0.00101231
-0.00083207
-0.00058657
-0.000254679
0.000192475
0.000793831
0.00159688
0.00264733
0.00399217
0.00567001
0.00745073
0.00837392
0.00786385
0.00633248
-0.00176085
-0.00183788
-0.00183455
-0.00182954
-0.00180819
-0.00176961
-0.00170924
-0.00162035
-0.00149403
-0.00131865
-0.00107968
-0.000762011
-0.000359951
0.000122938
0.00075405
0.00181417
0.00367136
0.00561958
0.00620946
0.00572645
-0.00230012
-0.00238538
-0.00239851
-0.00242275
-0.00244533
-0.00246893
-0.00249427
-0.00252256
-0.00255743
-0.00260796
-0.00269585
-0.00287414
-0.00327634
-0.00411858
-0.00537413
-0.00615201
-0.0048341
-0.00119034
0.00256744
0.00529419
-0.00288228
-0.00297632
-0.00300456
-0.0030577
-0.00312544
-0.00321563
-0.00333615
-0.00349943
-0.00372763
-0.00406227
-0.00458465
-0.00545796
-0.00702455
-0.00983883
-0.013897
-0.0174562
-0.0173302
-0.0121562
-0.00497572
0.00180538
-0.0034968
-0.00359865
-0.00363565
-0.00371175
-0.00381928
-0.00397202
-0.00418534
-0.00448366
-0.00490916
-0.00553826
-0.00651538
-0.00811365
-0.0108405
-0.0154101
-0.0217374
-0.0274179
-0.0288964
-0.023731
-0.0155449
-0.00585794
-0.0041387
-0.00424897
-0.00428502
-0.00437241
-0.00450507
-0.00470355
-0.00498985
-0.00539749
-0.00598222
-0.00684192
-0.00815479
-0.0102416
-0.0136589
-0.0190167
-0.0262297
-0.0323614
-0.0345998
-0.030147
-0.0233819
-0.0132937
-0.00479642
-0.00490242
-0.00491054
-0.00498461
-0.00512106
-0.00534343
-0.00567404
-0.00614834
-0.00682569
-0.00780611
-0.00926917
-0.0115084
-0.015056
-0.0202467
-0.0271706
-0.0321546
-0.0348344
-0.0307654
-0.0264109
-0.0167498
-0.00550178
-0.00562146
-0.00558075
-0.0056244
-0.00572695
-0.00592618
-0.00624606
-0.00672204
-0.00740826
-0.00839106
-0.0098325
-0.0119413
-0.0151907
-0.0196628
-0.0254395
-0.0294121
-0.0313936
-0.0274876
-0.0254847
-0.0152314
-0.00634017
-0.00625002
-0.00607939
-0.00599783
-0.00604166
-0.00621749
-0.00653036
-0.00699651
-0.00765547
-0.00856917
-0.00987897
-0.0116907
-0.0144074
-0.0179464
-0.0223402
-0.0251611
-0.0264684
-0.0224668
-0.0219303
-0.00768998
-0.00677744
-0.0072149
-0.006873
-0.00683066
-0.0067425
-0.00677786
-0.00694322
-0.00726835
-0.00778974
-0.00854343
-0.00964056
-0.0111716
-0.0133916
-0.0161383
-0.0195297
-0.0215036
-0.022246
-0.0179661
-0.0160227
0.00877535
-0.0101947
-0.00764104
-0.00693854
-0.00625836
-0.00609675
-0.00617391
-0.00642912
-0.0068157
-0.00735766
-0.00806181
-0.00904188
-0.0103647
-0.0122397
-0.014441
-0.0170412
-0.0182338
-0.0180093
-0.0122384
-0.00388011
0.0391796
-0.00670664
-0.0097488
-0.0086292
-0.00860354
-0.00805476
-0.0077158
-0.0075325
-0.00753311
-0.00776917
-0.00821041
-0.00899553
-0.0101112
-0.011906
-0.0140334
-0.0168821
-0.0179956
-0.0172849
-0.00474965
0.0184554
0.0948662
-0.0320833
-0.00687942
-0.00533271
-0.00452987
-0.00425948
-0.00438125
-0.00477768
-0.00523471
-0.00587159
-0.00657627
-0.0076341
-0.00886207
-0.0106183
-0.0121781
-0.0133961
-0.0105645
-0.000992479
0.0315957
0.0957678
0.226337
0.000145334
0.000116406
0.000169724
0.000272794
0.000435194
0.000659277
0.000949556
0.00131174
0.00175148
0.00227293
0.00287691
0.00355822
0.00430202
0.00507937
0.00584397
0.00653245
0.00707074
0.00739761
0.00752363
0.007395
0.000179322
0.000148926
0.000209951
0.000315288
0.000476524
0.00069668
0.000980757
0.00133462
0.00176398
0.00227335
0.00286428
0.00353259
0.00426486
0.00503494
0.00579715
0.00648704
0.0070259
0.00734744
0.00746862
0.0073251
0.000123551
8.34776e-05
0.000143231
0.000244531
0.000400072
0.00061301
0.000889011
0.00123499
0.00165826
0.00216566
0.00276178
0.0034464
0.00421131
0.00503109
0.00585783
0.00661657
0.00720765
0.00753863
0.00762829
0.0074146
-6.60917e-07
-4.72901e-05
9.41257e-06
0.000104132
0.000250698
0.000452604
0.000716486
0.0010508
0.00146521
0.00197007
0.00257494
0.00328544
0.0040991
0.00499726
0.00592956
0.00680598
0.00749174
0.00784081
0.00786674
0.00753155
-0.000204276
-0.000256342
-0.000205222
-0.000120247
1.34611e-05
0.000199846
0.000446656
0.000764174
0.00116494
0.00166377
0.00227701
0.00301952
0.0038974
0.00490038
0.00598261
0.00703658
0.00787491
0.00825461
0.00816361
0.00762489
-0.000486003
-0.000543296
-0.000500225
-0.000428531
-0.00031257
-0.00014808
7.36105e-05
0.000364389
0.00073953
0.00121836
0.00182447
0.00258338
0.00351554
0.00463148
0.00589837
0.0071991
0.00827617
0.00871109
0.00842815
0.00755506
-0.000841857
-0.000904828
-0.000872386
-0.00081818
-0.000726218
-0.000592384
-0.00040781
-0.000159934
0.000168069
0.000598652
0.00116113
0.00189273
0.00283397
0.00401037
0.00543447
0.00701395
0.00843405
0.00898506
0.00845826
0.00712939
-0.00126637
-0.00133587
-0.00131672
-0.00128469
-0.00122403
-0.0011316
-0.000999724
-0.000817243
-0.000568784
-0.000233084
0.000218861
0.000826127
0.00163627
0.00269584
0.00405327
0.00574879
0.00754501
0.00843493
0.00786747
0.00633271
-0.00175237
-0.00182934
-0.00182577
-0.0018203
-0.00179824
-0.00175865
-0.00169692
-0.00160629
-0.00147783
-0.00130004
-0.00105866
-0.000739239
-0.000337516
0.000141354
0.000768134
0.00183468
0.00370933
0.00562089
0.00616883
0.00570752
-0.00229103
-0.00237623
-0.00238918
-0.00241309
-0.00243515
-0.00245803
-0.00248248
-0.00250977
-0.00254375
-0.00259405
-0.00268347
-0.00286728
-0.00328403
-0.00415724
-0.00545682
-0.00625592
-0.00491724
-0.00127373
0.00249979
0.00528235
-0.0028724
-0.00296637
-0.00299453
-0.00304748
-0.00311493
-0.00320474
-0.00332489
-0.00348805
-0.00371686
-0.00405393
-0.00458279
-0.00547115
-0.00707084
-0.00995181
-0.0141069
-0.0177253
-0.017549
-0.0122986
-0.00506287
0.00177508
-0.00348588
-0.00358765
-0.00362466
-0.00370072
-0.00380817
-0.00396084
-0.00417425
-0.00447316
-0.00490048
-0.00553411
-0.00652155
-0.00814216
-0.0109155
-0.0155729
-0.0220188
-0.0277395
-0.0291177
-0.023831
-0.0156261
-0.00592103
-0.00412642
-0.0042366
-0.00427275
-0.00436022
-0.00449295
-0.00469154
-0.00497816
-0.00538668
-0.00597359
-0.00683825
-0.00816199
-0.0102715
-0.0137359
-0.0191755
-0.0264845
-0.03257
-0.0347078
-0.0301169
-0.0233665
-0.0133158
-0.00478243
-0.0048883
-0.0048966
-0.00497084
-0.00510743
-0.00532993
-0.0056608
-0.00613574
-0.00681468
-0.0077988
-0.00927028
-0.0115265
-0.0151103
-0.0203617
-0.0273809
-0.0324028
-0.0348653
-0.0306186
-0.0263104
-0.0166964
-0.00548594
-0.00560551
-0.00556498
-0.00560882
-0.00571146
-0.00591068
-0.00623051
-0.00670652
-0.00739318
-0.00837747
-0.00982348
-0.0119406
-0.0152087
-0.0197163
-0.0255364
-0.0295002
-0.0313296
-0.0272886
-0.0253314
-0.0151065
-0.00632161
-0.00623142
-0.00606118
-0.00597999
-0.00602393
-0.00619965
-0.00651211
-0.00697757
-0.00763571
-0.0085487
-0.0098601
-0.0116708
-0.0143925
-0.017939
-0.0223408
-0.0251324
-0.0263464
-0.0222485
-0.0217408
-0.00751271
-0.00675908
-0.00719641
-0.0068542
-0.00681196
-0.00672354
-0.00675844
-0.0069229
-0.00724659
-0.00776596
-0.00851722
-0.00961456
-0.0111418
-0.0133579
-0.0160968
-0.0194761
-0.0214173
-0.0220905
-0.0177481
-0.0158187
0.00897896
-0.0101705
-0.00761798
-0.00691712
-0.00623792
-0.00607644
-0.0061532
-0.00640735
-0.00679209
-0.00733108
-0.00803034
-0.00901602
-0.0103319
-0.0122003
-0.0143895
-0.0169714
-0.0181327
-0.0178604
-0.0120275
-0.00366883
0.0394065
-0.00669359
-0.00973401
-0.00861208
-0.00858592
-0.00803613
-0.00769635
-0.00751091
-0.00750985
-0.00774366
-0.00818213
-0.00896744
-0.0100786
-0.0118681
-0.013984
-0.0168117
-0.0178901
-0.017124
-0.0045292
0.0187043
0.0951323
-0.032063
-0.0068619
-0.00531488
-0.00451113
-0.00424034
-0.00436148
-0.00475712
-0.00521264
-0.00584785
-0.0065504
-0.00760665
-0.00883089
-0.0105805
-0.0121274
-0.0133237
-0.0104561
-0.000838987
0.0318175
0.0960193
0.226596
0.000145361
0.000116433
0.000169749
0.000272816
0.000435213
0.000659295
0.000949572
0.00131176
0.00175149
0.00227294
0.00287692
0.00355823
0.00430202
0.00507938
0.00584397
0.00653245
0.00707074
0.00739761
0.00752363
0.007395
0.000179349
0.000148951
0.000209975
0.00031531
0.000476543
0.000696697
0.000980773
0.00133464
0.001764
0.00227336
0.00286429
0.0035326
0.00426487
0.00503495
0.00579716
0.00648705
0.0070259
0.00734744
0.00746862
0.0073251
0.000123576
8.35017e-05
0.000143254
0.000244552
0.000400091
0.000613027
0.000889025
0.00123501
0.00165828
0.00216567
0.00276179
0.0034464
0.00421132
0.0050311
0.00585783
0.00661658
0.00720766
0.00753864
0.0076283
0.0074146
-6.38163e-07
-4.7268e-05
9.43342e-06
0.000104151
0.000250716
0.00045262
0.0007165
0.00105082
0.00146522
0.00197008
0.00257495
0.00328545
0.0040991
0.00499727
0.00592957
0.00680599
0.00749174
0.00784082
0.00786675
0.00753156
-0.000204255
-0.000256322
-0.000205203
-0.000120229
1.34773e-05
0.000199861
0.00044667
0.000764185
0.00116495
0.00166378
0.00227701
0.00301952
0.00389741
0.00490039
0.00598262
0.00703658
0.00787492
0.00825462
0.00816362
0.00762489
-0.000485985
-0.000543278
-0.000500209
-0.000428516
-0.000312556
-0.000148066
7.36227e-05
0.0003644
0.000739539
0.00121837
0.00182448
0.00258339
0.00351554
0.00463149
0.00589837
0.00719911
0.00827617
0.00871109
0.00842815
0.00755505
-0.000841842
-0.000904813
-0.000872372
-0.000818166
-0.000726205
-0.000592371
-0.000407799
-0.000159925
0.000168077
0.00059866
0.00116114
0.00189274
0.00283398
0.00401037
0.00543448
0.00701395
0.00843405
0.00898506
0.00845826
0.00712939
-0.00126636
-0.00133586
-0.00131671
-0.00128468
-0.00122401
-0.00113159
-0.000999715
-0.000817235
-0.000568777
-0.000233078
0.000218867
0.000826132
0.00163628
0.00269584
0.00405327
0.00574879
0.00754502
0.00843494
0.00786748
0.00633272
-0.00175236
-0.00182933
-0.00182576
-0.00182029
-0.00179823
-0.00175864
-0.00169691
-0.00160628
-0.00147783
-0.00130003
-0.00105865
-0.000739234
-0.00033751
0.00014136
0.000768137
0.00183468
0.00370934
0.0056209
0.00616884
0.00570752
-0.00229102
-0.00237622
-0.00238917
-0.00241308
-0.00243514
-0.00245803
-0.00248247
-0.00250976
-0.00254375
-0.00259405
-0.00268346
-0.00286727
-0.00328403
-0.00415723
-0.00545682
-0.00625591
-0.00491723
-0.00127372
0.00249979
0.00528235
-0.00287239
-0.00296636
-0.00299452
-0.00304747
-0.00311492
-0.00320474
-0.00332489
-0.00348804
-0.00371686
-0.00405392
-0.00458278
-0.00547114
-0.00707084
-0.0099518
-0.0141068
-0.0177253
-0.017549
-0.0122986
-0.00506287
0.00177509
-0.00348587
-0.00358764
-0.00362465
-0.00370071
-0.00380817
-0.00396083
-0.00417425
-0.00447316
-0.00490048
-0.00553411
-0.00652155
-0.00814216
-0.0109155
-0.0155729
-0.0220188
-0.0277395
-0.0291177
-0.023831
-0.0156261
-0.00592103
-0.00412641
-0.00423659
-0.00427274
-0.00436021
-0.00449294
-0.00469154
-0.00497816
-0.00538668
-0.00597359
-0.00683825
-0.00816199
-0.0102715
-0.0137359
-0.0191755
-0.0264845
-0.03257
-0.0347078
-0.0301169
-0.0233665
-0.0133158
-0.00478242
-0.00488829
-0.00489659
-0.00497083
-0.00510742
-0.00532993
-0.00566079
-0.00613573
-0.00681468
-0.00779879
-0.00927028
-0.0115265
-0.0151103
-0.0203617
-0.0273809
-0.0324028
-0.0348653
-0.0306186
-0.0263104
-0.0166964
-0.00548593
-0.0056055
-0.00556498
-0.00560882
-0.00571146
-0.00591068
-0.0062305
-0.00670652
-0.00739317
-0.00837747
-0.00982347
-0.0119406
-0.0152087
-0.0197163
-0.0255364
-0.0295002
-0.0313296
-0.0272886
-0.0253314
-0.0151065
-0.0063216
-0.00623141
-0.00606118
-0.00597998
-0.00602393
-0.00619964
-0.00651211
-0.00697757
-0.00763571
-0.0085487
-0.00986009
-0.0116708
-0.0143925
-0.017939
-0.0223408
-0.0251324
-0.0263464
-0.0222485
-0.0217408
-0.00751271
-0.00675908
-0.00719641
-0.0068542
-0.00681196
-0.00672354
-0.00675843
-0.0069229
-0.00724659
-0.00776596
-0.00851721
-0.00961455
-0.0111418
-0.0133579
-0.0160968
-0.0194761
-0.0214173
-0.0220905
-0.0177481
-0.0158187
0.00897896
-0.0101705
-0.00761797
-0.00691712
-0.00623792
-0.00607644
-0.0061532
-0.00640735
-0.00679209
-0.00733108
-0.00803034
-0.00901601
-0.0103319
-0.0122003
-0.0143895
-0.0169714
-0.0181327
-0.0178604
-0.0120275
-0.00366883
0.0394065
-0.00669358
-0.00973401
-0.00861208
-0.00858592
-0.00803613
-0.00769635
-0.00751091
-0.00750985
-0.00774366
-0.00818213
-0.00896744
-0.0100786
-0.0118681
-0.013984
-0.0168117
-0.0178901
-0.017124
-0.0045292
0.0187043
0.0951323
-0.032063
-0.00686189
-0.00531488
-0.00451113
-0.00424034
-0.00436148
-0.00475712
-0.00521264
-0.00584785
-0.0065504
-0.00760665
-0.00883088
-0.0105805
-0.0121274
-0.0133237
-0.0104561
-0.000838987
0.0318175
0.0960193
0.226596
0.000139659
0.000110633
0.000163648
0.000266202
0.00042782
0.000650795
0.00093956
0.00129973
0.00173684
0.00225495
0.00285479
0.00353113
0.00426921
0.00504039
0.00579888
0.00648213
0.007017
0.00734289
0.00746999
0.0073438
0.000173595
0.000143141
0.000203868
0.000308689
0.000469137
0.00068818
0.000970741
0.00132259
0.00174934
0.00225537
0.00284216
0.00350553
0.00423202
0.00499584
0.00575183
0.00643639
0.00697188
0.00729277
0.00741552
0.00727434
0.000117604
7.74759e-05
0.00013692
0.000237685
0.000392411
0.000604195
0.000878618
0.0012225
0.00164301
0.00214688
0.00273855
0.00341772
0.00417621
0.00498889
0.00580847
0.00656107
0.00714851
0.00747954
0.00757231
0.00736187
-6.9165e-06
-5.35997e-05
2.78138e-06
9.69428e-05
0.000242656
0.000443349
0.000705565
0.00103764
0.00144909
0.00195009
0.00255005
0.00325444
0.00406068
0.00495047
0.00587413
0.00674307
0.00742475
0.00777534
0.00780769
0.00747717
-0.000210899
-0.000263023
-0.000212238
-0.000127844
4.9723e-06
0.000190082
0.000435127
0.000750251
0.00114782
0.00164243
0.00225015
0.00298553
0.00385451
0.00484786
0.0059195
0.00696396
0.00779744
0.0081815
0.008103
0.00757092
-0.000493033
-0.000550387
-0.000507657
-0.000436558
-0.000321513
-0.00015834
6.1517e-05
0.000349794
0.000721571
0.00119593
0.00179617
0.00254751
0.00347005
0.00457444
0.00582799
0.00711607
0.00818662
0.00863135
0.00837144
0.00750726
-0.000849319
-0.000912353
-0.000880245
-0.000826622
-0.000735566
-0.000603037
-0.000420284
-0.000174894
0.000149767
0.00057591
0.00113256
0.00185658
0.00278826
0.00395196
0.00536112
0.0069243
0.0083344
0.0089052
0.00841771
0.0070989
-0.00127429
-0.00134386
-0.00132502
-0.00129352
-0.0012337
-0.00114248
-0.00101228
-0.000832046
-0.000586547
-0.000254656
0.000192497
0.000793851
0.00159689
0.00264734
0.00399218
0.00567002
0.00745075
0.00837394
0.00786386
0.00633249
-0.00176081
-0.00183785
-0.00183452
-0.00182951
-0.00180816
-0.00176958
-0.00170921
-0.00162033
-0.00149401
-0.00131863
-0.00107966
-0.000761995
-0.000359935
0.000122951
0.000754064
0.00181419
0.00367137
0.0056196
0.00620948
0.00572647
-0.00230009
-0.00238536
-0.00239849
-0.00242272
-0.0024453
-0.00246891
-0.00249425
-0.00252255
-0.00255741
-0.00260794
-0.00269584
-0.00287413
-0.00327633
-0.00411857
-0.00537411
-0.00615199
-0.00483409
-0.00119033
0.00256746
0.00529421
-0.00288226
-0.0029763
-0.00300454
-0.00305767
-0.00312542
-0.00321561
-0.00333613
-0.00349942
-0.00372762
-0.00406226
-0.00458463
-0.00545795
-0.00702454
-0.00983882
-0.013897
-0.0174562
-0.0173302
-0.0121562
-0.0049757
0.00180539
-0.00349678
-0.00359863
-0.00363563
-0.00371173
-0.00381927
-0.00397201
-0.00418533
-0.00448365
-0.00490915
-0.00553825
-0.00651537
-0.00811365
-0.0108405
-0.0154101
-0.0217374
-0.0274179
-0.0288964
-0.023731
-0.0155449
-0.00585793
-0.00413868
-0.00424895
-0.004285
-0.00437239
-0.00450506
-0.00470354
-0.00498984
-0.00539748
-0.00598222
-0.00684192
-0.00815478
-0.0102416
-0.0136589
-0.0190167
-0.0262297
-0.0323614
-0.0345998
-0.030147
-0.0233819
-0.0132937
-0.00479641
-0.0049024
-0.00491053
-0.00498459
-0.00512105
-0.00534341
-0.00567402
-0.00614833
-0.00682569
-0.00780611
-0.00926917
-0.0115084
-0.015056
-0.0202467
-0.0271706
-0.0321546
-0.0348345
-0.0307654
-0.0264109
-0.0167498
-0.00550176
-0.00562145
-0.00558073
-0.00562439
-0.00572694
-0.00592616
-0.00624605
-0.00672204
-0.00740825
-0.00839106
-0.0098325
-0.0119413
-0.0151907
-0.0196628
-0.0254395
-0.0294121
-0.0313936
-0.0274876
-0.0254847
-0.0152314
-0.00634016
-0.00625001
-0.00607937
-0.00599782
-0.00604165
-0.00621748
-0.00653035
-0.00699651
-0.00765546
-0.00856916
-0.00987896
-0.0116907
-0.0144073
-0.0179464
-0.0223401
-0.0251611
-0.0264684
-0.0224668
-0.0219303
-0.00768998
-0.00677743
-0.00721489
-0.00687299
-0.00683065
-0.00674249
-0.00677785
-0.00694322
-0.00726834
-0.00778973
-0.00854342
-0.00964055
-0.0111716
-0.0133916
-0.0161383
-0.0195297
-0.0215036
-0.022246
-0.0179661
-0.0160227
0.00877534
-0.0101947
-0.00764103
-0.00693853
-0.00625835
-0.00609674
-0.0061739
-0.00642911
-0.00681569
-0.00735765
-0.0080618
-0.00904187
-0.0103647
-0.0122397
-0.014441
-0.0170412
-0.0182337
-0.0180093
-0.0122384
-0.00388011
0.0391796
-0.00670663
-0.00974879
-0.00862919
-0.00860353
-0.00805475
-0.00771579
-0.00753249
-0.00753311
-0.00776917
-0.0082104
-0.00899552
-0.0101112
-0.0119059
-0.0140334
-0.0168821
-0.0179956
-0.0172849
-0.00474965
0.0184554
0.0948662
-0.0320833
-0.00687941
-0.0053327
-0.00452986
-0.00425947
-0.00438124
-0.00477767
-0.0052347
-0.00587159
-0.00657627
-0.0076341
-0.00886206
-0.0106183
-0.0121781
-0.0133961
-0.0105645
-0.000992479
0.0315957
0.0957678
0.226337
0.000128572
9.93724e-05
0.000151828
0.000253425
0.000413575
0.000634459
0.000920351
0.00127668
0.00170877
0.00222045
0.00281231
0.00347905
0.00420604
0.00496522
0.00571182
0.00638484
0.00691301
0.00723697
0.00736618
0.0072448
0.000162387
0.000131843
0.000192019
0.000295879
0.000454851
0.000671793
0.000951477
0.00129949
0.00172123
0.00222087
0.0027997
0.00345349
0.00416879
0.00492043
0.00566427
0.00633841
0.0068673
0.00718686
0.00731265
0.00717611
0.000105937
6.5725e-05
0.000124597
0.000224367
0.000377562
0.000587165
0.000858594
0.00119846
0.0016137
0.00211076
0.00269386
0.00336248
0.00410848
0.00490733
0.00571287
0.00645339
0.00703361
0.00736461
0.00746344
0.00725947
-1.92178e-05
-6.59839e-05
-1.02013e-05
8.2919e-05
0.000227027
0.000425427
0.000684475
0.00101227
0.00141804
0.00191162
0.00250207
0.00319459
0.0039864
0.00485973
0.00576637
0.00662053
0.00729403
0.00764737
0.00769221
0.00737108
-0.000223947
-0.000276159
-0.000225998
-0.000142691
-1.15588e-05
0.000171132
0.000412812
0.000723348
0.00111475
0.0016012
0.00219822
0.00291983
0.0037717
0.00474571
0.00579638
0.00682202
0.00764577
0.00803793
0.00798378
0.00746522
-0.000506895
-0.000564343
-0.000522252
-0.000452268
-0.000338958
-0.000178291
3.80565e-05
0.000321518
0.000686785
0.00115245
0.0017412
0.00247772
0.00338196
0.00446297
0.00569033
0.00695365
0.00801142
0.00847457
0.00825948
0.00741352
-0.000864039
-0.00092717
-0.000895687
-0.000843165
-0.000753827
-0.00062379
-0.000444535
-0.000203952
0.000114204
0.000531653
0.00107683
0.00178581
0.00269806
0.00383757
0.00521784
0.00674999
0.00814168
0.00875011
0.00833774
0.00703994
-0.00128993
-0.00135959
-0.00134132
-0.00131084
-0.00125262
-0.00116372
-0.00103673
-0.000860879
-0.000621186
-0.000296823
0.000140787
0.000730275
0.00151895
0.00255239
0.00387436
0.00552129
0.00727616
0.00826298
0.00785715
0.00633466
-0.00177748
-0.00185461
-0.00185175
-0.00184759
-0.00182759
-0.00179095
-0.00173322
-0.00164776
-0.00152568
-0.00135515
-0.00112107
-0.000806963
-0.00040398
8.84797e-05
0.000732812
0.00179014
0.00362201
0.00563647
0.0062952
0.00576774
-0.00231801
-0.00240336
-0.00241681
-0.00244166
-0.00246522
-0.00249019
-0.00251729
-0.00254757
-0.00258424
-0.00263537
-0.00272045
-0.00288789
-0.00326082
-0.00403937
-0.00520062
-0.00592012
-0.00462854
-0.000988742
0.00271998
0.00532517
-0.00290177
-0.0029959
-0.00302428
-0.00307775
-0.00314603
-0.00323693
-0.00335816
-0.00352174
-0.00374884
-0.00407889
-0.00458871
-0.00543243
-0.00693318
-0.0096136
-0.0134739
-0.016896
-0.0168413
-0.011812
-0.00476591
0.00188441
-0.00351843
-0.00362038
-0.00365733
-0.00373346
-0.00384112
-0.00399397
-0.00420711
-0.00450429
-0.00492635
-0.00554681
-0.00650399
-0.00805871
-0.0106941
-0.0150902
-0.0211752
-0.0267374
-0.0283999
-0.0234616
-0.0153336
-0.00569616
-0.00416313
-0.00427352
-0.00430936
-0.00439653
-0.00452901
-0.00472723
-0.00501288
-0.00541885
-0.00599947
-0.00684978
-0.00814199
-0.0101854
-0.0135128
-0.0187129
-0.0257188
-0.0317947
-0.0343561
-0.0301753
-0.0233857
-0.0132162
-0.00482449
-0.00493066
-0.00493839
-0.00501205
-0.00514817
-0.0053702
-0.00570027
-0.00617336
-0.00684779
-0.00782146
-0.00926911
-0.0114775
-0.0149592
-0.0200415
-0.0268267
-0.0318992
-0.0348652
-0.0310824
-0.0266106
-0.0168391
-0.00553383
-0.00565367
-0.00561252
-0.00565571
-0.00575801
-0.00595714
-0.00627707
-0.00675303
-0.00743857
-0.00841904
-0.00985296
-0.0119485
-0.0151683
-0.0195763
-0.0253032
-0.0293449
-0.0316027
-0.0279235
-0.0258051
-0.0154743
-0.00637821
-0.00628799
-0.00611648
-0.00603405
-0.00607753
-0.00625348
-0.00656705
-0.0070345
-0.00769519
-0.00861093
-0.00991912
-0.011734
-0.0144451
-0.017975
-0.0223683
-0.0252623
-0.0267576
-0.0229221
-0.0223177
-0.00803652
-0.00681544
-0.00725302
-0.0069118
-0.0068691
-0.00678129
-0.0068174
-0.00698435
-0.00731218
-0.00783775
-0.00859792
-0.00969323
-0.0112339
-0.0134639
-0.0162286
-0.0196495
-0.0216923
-0.0225709
-0.018397
-0.0164199
0.0083803
-0.0102458
-0.00768933
-0.00698336
-0.00630083
-0.00613879
-0.00621658
-0.00647361
-0.0068637
-0.00741284
-0.00814203
-0.00907966
-0.0104318
-0.0123221
-0.0145486
-0.0171868
-0.0184405
-0.0183098
-0.0126447
-0.00427961
0.0387396
-0.00673397
-0.00977949
-0.008665
-0.00864014
-0.00809342
-0.00775633
-0.00757635
-0.00758058
-0.00782135
-0.00826981
-0.00905274
-0.0101794
-0.0119852
-0.0141361
-0.0170267
-0.0182075
-0.0176016
-0.00517191
0.0179856
0.0943408
-0.0321266
-0.00691681
-0.00537085
-0.00456978
-0.00429998
-0.0044228
-0.00482046
-0.00528034
-0.00592052
-0.00662983
-0.00769139
-0.00892743
-0.0106971
-0.0122831
-0.0135439
-0.0107816
-0.0012955
0.0311635
0.095279
0.225809
0.000112767
8.33763e-05
0.000135099
0.000235425
0.000393596
0.00061163
0.000893577
0.0012446
0.0016697
0.00217241
0.00275304
0.0034062
0.00411746
0.00485949
0.00558903
0.00624732
0.00676581
0.00708696
0.00721921
0.00710488
0.000146345
0.000115733
0.000175183
0.000277767
0.000434746
0.000648829
0.000924571
0.0012673
0.00168209
0.0021728
0.00274043
0.00338068
0.00408006
0.00481431
0.00554072
0.00619981
0.00671909
0.00703666
0.0071668
0.00703706
8.91346e-05
4.88708e-05
0.000106984
0.000205431
0.00035656
0.000563196
0.000830521
0.00116485
0.00157276
0.0020603
0.00263131
0.00328496
0.00401311
0.00479207
0.00557733
0.00630026
0.00686983
0.00720055
0.007308
0.00711363
-3.70413e-05
-8.38516e-05
-2.88666e-05
6.28672e-05
0.000204806
0.000400079
0.000654776
0.000976652
0.00137449
0.00185764
0.00243461
0.00311019
0.00388127
0.00473079
0.00561265
0.0064451
0.00710632
0.00746305
0.00752562
0.00721872
-0.000242934
-0.000295192
-0.000245868
-0.000164014
-3.51646e-05
0.000144216
0.000381251
0.0006854
0.00106816
0.00154304
0.00212483
0.00282673
0.00365399
0.00459962
0.00561956
0.00661758
0.00742665
0.00782941
0.00780985
0.00731198
-0.000527124
-0.000584621
-0.000543388
-0.000474899
-0.000363953
-0.000206735
4.7388e-06
0.000281448
0.000637496
0.00109073
0.00166289
0.00237789
0.00325558
0.00430231
0.00549157
0.00671913
0.00775844
0.00824612
0.00809448
0.00727664
-0.000885561
-0.000948736
-0.000918096
-0.000867051
-0.000780067
-0.000653476
-0.000479112
-0.000245324
6.35339e-05
0.000468426
0.000996867
0.00168379
0.00256747
0.00367195
0.00501107
0.00650036
0.00786811
0.00852677
0.00821941
0.00695421
-0.00131282
-0.00138252
-0.00136502
-0.0013359
-0.00127987
-0.00119418
-0.00107174
-0.000902127
-0.000670828
-0.000357506
6.59317e-05
0.00063765
0.00140496
0.00241458
0.00370666
0.00531684
0.0070447
0.00811743
0.00784532
0.00633935
-0.00180192
-0.00187906
-0.00187683
-0.0018738
-0.00185564
-0.00182169
-0.00176769
-0.00168718
-0.00157133
-0.00140811
-0.00118162
-0.000873215
-0.000468828
4.00385e-05
0.000712567
0.00178666
0.00360286
0.00570046
0.00642884
0.00583255
-0.00234432
-0.00242966
-0.00244353
-0.00246917
-0.00249404
-0.00252092
-0.0025505
-0.0025837
-0.00262317
-0.00267557
-0.00275715
-0.0029093
-0.0032392
-0.0039213
-0.00493067
-0.00553468
-0.0042424
-0.000612851
0.00298459
0.00538507
-0.00293052
-0.00302463
-0.00305316
-0.00310699
-0.00317596
-0.0032678
-0.00339004
-0.0035541
-0.00377985
-0.00410371
-0.00459597
-0.0053972
-0.00680226
-0.009286
-0.0128503
-0.0160402
-0.0160124
-0.0111536
-0.0043546
0.0020479
-0.00355047
-0.0036524
-0.00368922
-0.00376528
-0.003873
-0.00402591
-0.00423874
-0.00453436
-0.00495169
-0.00556016
-0.00648935
-0.00798226
-0.0104876
-0.0146371
-0.0203736
-0.0257309
-0.0275543
-0.0228614
-0.0148546
-0.00535798
-0.00419961
-0.00430998
-0.00434541
-0.00443212
-0.00456418
-0.00476189
-0.00504654
-0.00545012
-0.00602508
-0.00686253
-0.00812641
-0.01011
-0.0133142
-0.0183019
-0.0250283
-0.0310443
-0.0339704
-0.0300949
-0.0232639
-0.0130011
-0.00486684
-0.00497304
-0.0049801
-0.00505296
-0.0051884
-0.00540976
-0.00573895
-0.0062103
-0.00688078
-0.0078456
-0.00927327
-0.0114419
-0.0148401
-0.0197844
-0.0264178
-0.0316429
-0.0350107
-0.031558
-0.0268644
-0.016915
-0.00558292
-0.00570272
-0.00566085
-0.00570308
-0.00580473
-0.00600348
-0.00632328
-0.00679915
-0.00748397
-0.00846204
-0.0098881
-0.0119715
-0.0151792
-0.0194713
-0.0251999
-0.0293974
-0.0320636
-0.0286404
-0.0263003
-0.0158107
-0.00643762
-0.00634691
-0.0061739
-0.00608978
-0.00613241
-0.00630821
-0.00662247
-0.00709157
-0.00775465
-0.00867382
-0.00998475
-0.0118063
-0.0145191
-0.0180455
-0.0224706
-0.0255015
-0.0272857
-0.0236398
-0.0229122
-0.00852785
-0.00687611
-0.00731336
-0.00697337
-0.00692957
-0.00684186
-0.00687856
-0.00704732
-0.00737837
-0.00790819
-0.00867367
-0.00978407
-0.0113359
-0.0135824
-0.0163783
-0.0198549
-0.0220073
-0.0230852
-0.0190237
-0.0169896
0.0078212
-0.0103297
-0.0077675
-0.00705604
-0.00636896
-0.00620585
-0.00628402
-0.00654301
-0.00693659
-0.0074885
-0.00820795
-0.00919852
-0.0105482
-0.0124547
-0.0147186
-0.0174162
-0.0187578
-0.0187617
-0.0132063
-0.00481954
0.0381119
-0.00677974
-0.00982949
-0.00872372
-0.00869934
-0.00815563
-0.00782121
-0.00764519
-0.00765439
-0.00790032
-0.00835546
-0.00915203
-0.0102914
-0.0121125
-0.0142984
-0.0172494
-0.0185224
-0.0180547
-0.00575183
0.0173497
0.0935627
-0.0321991
-0.0069803
-0.00543578
-0.00463715
-0.0043676
-0.0044912
-0.00488987
-0.00535343
-0.00599784
-0.00671405
-0.00778471
-0.00903338
-0.0108231
-0.012448
-0.0137709
-0.0111055
-0.00173863
0.0305459
0.0945786
0.224976
9.32219e-05
6.37513e-05
0.000114691
0.000213624
0.000369546
0.000584289
0.000861631
0.00120639
0.00162318
0.00211512
0.00268217
0.00331876
0.00401069
0.0047315
0.00543978
0.00607962
0.00658591
0.00690353
0.00703965
0.00693446
0.000126304
9.57838e-05
0.000154442
0.000255623
0.000410342
0.000621138
0.0008923
0.00122882
0.00163538
0.0021154
0.00266952
0.00329325
0.00397308
0.00468582
0.00539046
0.00603062
0.00653772
0.00685268
0.00698821
0.00686732
6.79116e-05
2.77859e-05
8.50642e-05
0.000182056
0.000330845
0.000534076
0.000796637
0.00112447
0.00152368
0.0019998
0.00255616
0.0031915
0.00389755
0.00465167
0.00541136
0.00611187
0.00666757
0.00699752
0.00711556
0.00693389
-5.97838e-05
-0.000106423
-5.23263e-05
3.78791e-05
0.000177357
0.000369038
0.000618672
0.000933575
0.00132197
0.00179252
0.00235304
0.00300769
0.00375283
0.00457231
0.00542249
0.00622683
0.00687154
0.00723146
0.00731562
0.00702817
-0.000267323
-0.000319389
-0.000271005
-0.00019076
-6.45136e-05
0.000111041
0.000342637
0.00063921
0.00101157
0.00147236
0.00203537
0.00271272
0.00350885
0.00441811
0.00539825
0.00636007
0.00714896
0.00756278
0.00758533
0.00711668
-0.000553211
-0.000610497
-0.000570236
-0.000503412
-0.00039518
-0.00024198
-3.6266e-05
0.000232346
0.000577172
0.00101504
0.0015664
0.002254
0.00309754
0.00409984
0.00523965
0.00642061
0.00743491
0.0079491
0.00787435
0.0070978
-0.000913375
-0.000976314
-0.000946632
-0.000897238
-0.000812972
-0.000690432
-0.000521907
-0.000296367
1.01479e-06
0.000390143
0.000897219
0.00155559
0.00240201
0.00346047
0.00474628
0.00618132
0.00751975
0.00823337
0.00805129
0.00683671
-0.00134245
-0.00141187
-0.00139524
-0.00136764
-0.00131415
-0.00123227
-0.0011153
-0.000953366
-0.000732617
-0.000433491
-2.87112e-05
0.000519086
0.00125726
0.00223508
0.00348943
0.00505954
0.00676394
0.00792687
0.00780781
0.00633298
-0.00183358
-0.00191039
-0.00190886
-0.00190706
-0.00189103
-0.00186027
-0.00181081
-0.00173648
-0.00162867
-0.00147529
-0.00125961
-0.000960434
-0.000556866
-2.86922e-05
0.000685389
0.00180072
0.00361635
0.00579442
0.00658167
0.00590585
-0.00237847
-0.00246342
-0.00247772
-0.00250416
-0.00253051
-0.00255961
-0.00259222
-0.00262916
-0.00267252
-0.00272741
-0.0028062
-0.00294146
-0.00321993
-0.00378184
-0.0045925
-0.00501441
-0.00367033
-6.51496e-05
0.00334219
0.00546723
-0.00296795
-0.0030616
-0.00309022
-0.0031443
-0.00321393
-0.0033068
-0.00343022
-0.00359502
-0.00381952
-0.00413659
-0.00460853
-0.00535895
-0.00664759
-0.00888904
-0.0120783
-0.0149358
-0.0148375
-0.0101307
-0.00372222
0.00229522
-0.00359243
-0.00369386
-0.00373039
-0.00380611
-0.00391367
-0.00406646
-0.00427878
-0.00457253
-0.00498434
-0.00557873
-0.00647472
-0.00789348
-0.010243
-0.0140971
-0.0194089
-0.0244591
-0.0263072
-0.0217839
-0.014036
-0.00479895
-0.00424781
-0.00435762
-0.00439238
-0.0044782
-0.00460943
-0.0048062
-0.00508941
-0.00549
-0.00605821
-0.00688046
-0.0081111
-0.0100242
-0.013085
-0.0178342
-0.0242421
-0.0301736
-0.0333903
-0.029776
-0.0229161
-0.0125514
-0.00492368
-0.00502927
-0.00503529
-0.00510674
-0.0052409
-0.00546102
-0.00578879
-0.00625788
-0.00692371
-0.0078783
-0.0092833
-0.0114062
-0.0147083
-0.0195276
-0.0260175
-0.0314648
-0.0352709
-0.0321321
-0.0271383
-0.0168889
-0.0056502
-0.00576921
-0.0057262
-0.00576663
-0.00586687
-0.00606456
-0.00638378
-0.00685936
-0.00754357
-0.00851942
-0.00993715
-0.0120049
-0.0151635
-0.0194602
-0.0252013
-0.0296633
-0.0328617
-0.0296545
-0.0269995
-0.0161795
-0.00652121
-0.00642886
-0.00625359
-0.0061665
-0.00620734
-0.0063822
-0.00669675
-0.00716764
-0.0078341
-0.00875869
-0.0100751
-0.0119072
-0.0146286
-0.0181877
-0.022692
-0.0259444
-0.028119
-0.0246268
-0.0237522
-0.00911778
-0.00696502
-0.00740036
-0.00706232
-0.00701581
-0.0069272
-0.00696365
-0.00713392
-0.00746877
-0.00800474
-0.00877985
-0.00990619
-0.0114772
-0.0137494
-0.0165952
-0.0201602
-0.0224652
-0.023801
-0.0198208
-0.017728
0.00713488
-0.0104563
-0.00788305
-0.00716415
-0.00646913
-0.00630372
-0.0063813
-0.00664192
-0.00703975
-0.00759783
-0.00832589
-0.00934008
-0.0107089
-0.0126407
-0.0149542
-0.0177301
-0.0191811
-0.019352
-0.0138806
-0.00545746
0.0373244
-0.00685581
-0.00990771
-0.00881492
-0.00878908
-0.00824866
-0.00791688
-0.00774501
-0.00776064
-0.00801408
-0.00848089
-0.00929234
-0.0104517
-0.0122943
-0.0145241
-0.0175473
-0.0189277
-0.0186196
-0.00642412
0.0166209
0.0925259
-0.0323141
-0.00708374
-0.00554187
-0.00474533
-0.00447417
-0.00459675
-0.00499507
-0.00546245
-0.00611221
-0.00683826
-0.00792128
-0.00918799
-0.0110037
-0.0126769
-0.0140763
-0.0115262
-0.00230574
0.0297746
0.0936899
0.223762
7.12202e-05
4.20838e-05
9.23683e-05
0.00019003
0.000343721
0.000555101
0.000827658
0.00116583
0.00157376
0.00205408
0.00260631
0.00322463
0.00389494
0.00459195
0.00527613
0.00589491
0.00638724
0.00670095
0.00684174
0.00674773
0.000103195
7.32433e-05
0.000131175
0.000231056
0.000383548
0.000591031
0.000857501
0.00118757
0.00158546
0.00205407
0.00259357
0.00319919
0.00385746
0.00454593
0.00522585
0.0058443
0.00633729
0.00664922
0.00679094
0.00668095
4.29553e-05
3.54082e-06
6.00297e-05
0.000155676
0.000302171
0.000501992
0.000759701
0.0010808
0.00147087
0.00193478
0.00247523
0.00309044
0.00377173
0.00449761
0.00522784
0.00590216
0.0064413
0.00676984
0.0068997
0.00673387
-8.69588e-05
-0.000132775
-7.95394e-05
9.24842e-06
0.000146314
0.000334398
0.000578874
0.000886541
0.00126495
0.00172196
0.00226445
0.00289572
0.00361136
0.0043963
0.00520933
0.00598002
0.00660414
0.00696622
0.007074
0.0068115
-0.000296731
-0.000347887
-0.000300431
-0.000221688
-9.80124e-05
7.36831e-05
0.000299687
0.000588315
0.000949552
0.001395
0.00193713
0.00258692
0.00334883
0.00421367
0.00514591
0.00606347
0.00682618
0.00724943
0.00731769
0.00688767
-0.000584804
-0.000641103
-0.000601815
-0.000536561
-0.000431039
-0.000281943
-8.2236e-05
0.000177754
0.000510374
0.000931157
0.00145889
0.0021145
0.00291594
0.00386642
0.00494637
0.00606997
0.00705159
0.00758995
0.00759792
0.00687805
-0.000947126
-0.00100899
-0.000980279
-0.00093245
-0.000850927
-0.000732577
-0.000570233
-0.000353627
-6.89691e-05
0.000302252
0.000784459
0.00140885
0.00221011
0.0032117
0.00443121
0.00579943
0.00710129
0.00786583
0.00781686
0.00667494
-0.00137843
-0.00144667
-0.00143093
-0.00140476
-0.00135383
-0.00127592
-0.00116483
-0.00101136
-0.000802593
-0.000520105
-0.00013797
0.00037968
0.00107977
0.002015
0.00321931
0.00474149
0.00642434
0.00766547
0.00770726
0.00628262
-0.00187204
-0.00194755
-0.00194671
-0.00194603
-0.00193212
-0.00190469
-0.00186014
-0.00179276
-0.00169438
-0.00155318
-0.00135204
-0.00106747
-0.000671542
-0.000130274
0.000628124
0.00180054
0.0036672
0.00585612
0.00670289
0.00594356
-0.00241998
-0.00250347
-0.00251816
-0.00254521
-0.00257294
-0.00260429
-0.00264018
-0.00268142
-0.00272973
-0.00278881
-0.00286721
-0.002988
-0.00321522
-0.00365138
-0.00424859
-0.00444563
-0.00297781
0.000611652
0.00374321
0.00553563
-0.00301352
-0.00310555
-0.00313414
-0.00318816
-0.00325822
-0.00335196
-0.00347655
-0.00364228
-0.00386595
-0.00417673
-0.00462833
-0.00532578
-0.00648989
-0.00846801
-0.0112492
-0.0136886
-0.0133816
-0.00871824
-0.00282687
0.00262785
-0.00364376
-0.00374339
-0.00377944
-0.00385436
-0.00396133
-0.00411356
-0.00432505
-0.00461665
-0.00502261
-0.00560213
-0.00646271
-0.00780186
-0.00998441
-0.0135234
-0.0183687
-0.0230027
-0.0246396
-0.0200348
-0.0126481
-0.00391588
-0.00430735
-0.0044151
-0.00444888
-0.00453313
-0.00466282
-0.00485797
-0.0051391
-0.0055361
-0.0060968
-0.00690255
-0.0080972
-0.00993395
-0.0128433
-0.0173418
-0.0234081
-0.0291822
-0.032497
-0.0288117
-0.0218979
-0.0116341
-0.00499513
-0.00509841
-0.00510296
-0.00517209
-0.00530398
-0.00552188
-0.00584734
-0.00631342
-0.00697397
-0.00791754
-0.00929863
-0.0113729
-0.0145772
-0.0192707
-0.0256303
-0.0313218
-0.035486
-0.0323997
-0.0270052
-0.016518
-0.00573698
-0.00585316
-0.00580855
-0.00584582
-0.0059433
-0.00613865
-0.00645627
-0.00693098
-0.00761456
-0.00858857
-0.00999939
-0.0120529
-0.0151789
-0.0194698
-0.0252975
-0.0301238
-0.0339571
-0.0307432
-0.0275806
-0.0164085
-0.00663257
-0.00653597
-0.00635766
-0.00626568
-0.00630299
-0.00647528
-0.00678889
-0.00726107
-0.00793158
-0.00886332
-0.0101884
-0.0120346
-0.014775
-0.0183865
-0.0230306
-0.0266011
-0.0292593
-0.0257637
-0.0245828
-0.0096888
-0.00709169
-0.00752117
-0.00718584
-0.00713336
-0.00704138
-0.00707526
-0.00724552
-0.00758388
-0.00812754
-0.00891557
-0.0100603
-0.0116568
-0.0139618
-0.0168683
-0.0205519
-0.0230537
-0.0247077
-0.0206674
-0.0183734
0.00640475
-0.0106389
-0.00804627
-0.00731951
-0.00661198
-0.00644211
-0.00651671
-0.00677728
-0.00717889
-0.00774506
-0.00848732
-0.00952257
-0.0109191
-0.0128821
-0.0152503
-0.0181147
-0.01969
-0.020044
-0.0145133
-0.00595277
0.0364125
-0.00699221
-0.010035
-0.00895845
-0.0089256
-0.00838682
-0.00805568
-0.00788678
-0.00790926
-0.00817214
-0.00865497
-0.00948482
-0.0106704
-0.0125375
-0.0148114
-0.0178985
-0.0193774
-0.0191962
-0.00707183
0.0159599
0.0911901
-0.0324986
-0.00725743
-0.00572024
-0.00492217
-0.00464344
-0.00475944
-0.00515336
-0.00562314
-0.00627831
-0.00701767
-0.0081157
-0.00940726
-0.011249
-0.0129744
-0.0144445
-0.0120261
-0.00296136
0.0288698
0.0926144
0.221975
4.83409e-05
2.0506e-05
7.04639e-05
0.000167218
0.000318973
0.000527287
0.000795377
0.00112728
0.00152666
0.00199557
0.00253304
0.00313288
0.00378112
0.00445333
0.00511221
0.00570869
0.00618627
0.00649622
0.00664263
0.00656218
7.78844e-05
4.95962e-05
0.000106973
0.000205879
0.000356471
0.000561032
0.000823273
0.0011474
0.00153715
0.00199484
0.00252008
0.00310767
0.00374432
0.0044076
0.00506162
0.00565706
0.00613497
0.0064438
0.00659238
0.00649571
1.47463e-05
-2.26041e-05
3.32364e-05
0.000127882
0.000272451
0.000469316
0.000722714
0.00103769
0.00141922
0.00187147
0.00239637
0.00299146
0.00364739
0.00434374
0.00504257
0.00568838
0.006209
0.0065355
0.0066778
0.00653151
-0.00011835
-0.000161806
-0.00010932
-2.15915e-05
0.000113455
0.000298437
0.000538344
0.000839423
0.00120849
0.00165247
0.00217712
0.00278473
0.00347034
0.00421778
0.00499001
0.00572264
0.00632213
0.00668459
0.00681652
0.00658543
-0.000331037
-0.000379611
-0.000332987
-0.000255384
-0.000133886
3.4439e-05
0.000255419
0.000536705
0.000887364
0.00131777
0.00183883
0.00245987
0.00318419
0.00400154
0.00487943
0.00574466
0.00647341
0.0069019
0.00701665
0.00663747
-0.000621779
-0.000675304
-0.000636911
-0.000572874
-0.000469697
-0.000324264
-0.000130077
0.000121753
0.000442472
0.000846092
0.00134938
0.00197081
0.00272588
0.00361677
0.00462555
0.00567772
0.00661268
0.00716704
0.00726029
0.00661973
-0.000986639
-0.00104553
-0.00101773
-0.000971129
-0.000892024
-0.000777495
-0.000620967
-0.000413034
-0.000141124
0.000211556
0.000667095
0.00125364
0.00200297
0.00293974
0.00407044
0.00534735
0.00658889
0.00739112
0.00748332
0.00644991
-0.00142051
-0.00148555
-0.00147064
-0.00144558
-0.00139693
-0.00132269
-0.00121724
-0.00107221
-0.000875833
-0.000611302
-0.000254842
0.000226552
0.00087704
0.00174739
0.00287695
0.00431458
0.0059393
0.00724519
0.00746506
0.00613193
-0.00191697
-0.00198899
-0.00198879
-0.00198888
-0.00197681
-0.00195245
-0.00191268
-0.00185241
-0.00176421
-0.00163706
-0.0014545
-0.00119252
-0.000819137
-0.000290793
0.000473414
0.00164304
0.00349602
0.00579166
0.00667159
0.00585755
-0.00246838
-0.00254806
-0.00256307
-0.00259033
-0.00261912
-0.00265243
-0.00269146
-0.00273722
-0.00279134
-0.00285667
-0.00293897
-0.00305324
-0.00324277
-0.00357902
-0.00401678
-0.00404195
-0.00247677
0.00114365
0.00402025
0.00548887
-0.0030666
-0.00315441
-0.00318287
-0.00323634
-0.00330637
-0.00340056
-0.00352608
-0.00369281
-0.0039163
-0.00422239
-0.00465679
-0.00530656
-0.00635384
-0.00808672
-0.0104958
-0.0125855
-0.0120693
-0.00731118
-0.00192649
0.00291758
-0.00370366
-0.00379866
-0.00383406
-0.00390752
-0.00401321
-0.00416423
-0.00437435
-0.00466352
-0.00506369
-0.00562877
-0.00645446
-0.00771419
-0.00972893
-0.0129504
-0.0173374
-0.0215718
-0.0228541
-0.0178634
-0.0109424
-0.00286937
-0.00437727
-0.00447972
-0.00451222
-0.00459398
-0.00472117
-0.0049137
-0.00519186
-0.00558454
-0.00613714
-0.00692561
-0.00808244
-0.00983847
-0.0125858
-0.0168107
-0.0224962
-0.0280345
-0.0312004
-0.0270826
-0.0202888
-0.0102513
-0.00508054
-0.00517787
-0.00518061
-0.00524619
-0.00537438
-0.00558857
-0.00591035
-0.00637225
-0.00702656
-0.007958
-0.00931319
-0.0113318
-0.014425
-0.0189652
-0.0251654
-0.0310109
-0.0355079
-0.0322514
-0.0266193
-0.0157211
-0.0058436
-0.00595258
-0.00590591
-0.00593806
-0.00603074
-0.00622175
-0.00653605
-0.00700857
-0.00769079
-0.00866244
-0.0100658
-0.0120992
-0.0151799
-0.019413
-0.0254093
-0.0305992
-0.0352912
-0.0318731
-0.0283752
-0.0163655
-0.0067745
-0.00666827
-0.00648647
-0.00638709
-0.00641819
-0.00658514
-0.00689539
-0.00736715
-0.00804131
-0.00898063
-0.0103161
-0.012174
-0.0149306
-0.018594
-0.0234238
-0.0274086
-0.0307155
-0.0271683
-0.0259648
-0.0100675
-0.00727209
-0.00768512
-0.00735184
-0.00728698
-0.00718687
-0.00721393
-0.0073812
-0.00772135
-0.00827309
-0.00907616
-0.0102414
-0.0118663
-0.0142032
-0.0171669
-0.0209802
-0.0237419
-0.0258689
-0.0217919
-0.0196673
0.00573803
-0.0108903
-0.00826873
-0.00753928
-0.0068146
-0.00663598
-0.0067015
-0.00695692
-0.00735884
-0.00793316
-0.00869267
-0.00975116
-0.01118
-0.0131768
-0.0155904
-0.0185401
-0.0202635
-0.0208972
-0.0153036
-0.0069685
0.0353845
-0.00726474
-0.0102659
-0.00920002
-0.00914557
-0.00859982
-0.00826049
-0.00808836
-0.00811385
-0.00838676
-0.00888861
-0.00974434
-0.0109591
-0.0128519
-0.0151509
-0.0182783
-0.0198552
-0.0198513
-0.00772489
0.0150064
0.0895002
-0.0328007
-0.00755836
-0.00602752
-0.00521666
-0.00491717
-0.00501376
-0.00539545
-0.00586165
-0.00652274
-0.00727613
-0.00839691
-0.00971451
-0.0115837
-0.0133403
-0.0148608
-0.0125307
-0.00369919
0.0278483
0.0910008
0.219306
2.71271e-05
2.90717e-06
5.32884e-05
0.00014982
0.000300185
0.000506017
0.000770364
0.00109692
0.00148884
0.00194766
0.00247181
0.00305471
0.00368233
0.00433097
0.00496545
0.00554022
0.00600356
0.00631069
0.00646403
0.00640064
5.14575e-05
2.72104e-05
8.43254e-05
0.000182766
0.000332029
0.000534429
0.000793457
0.00111296
0.00149618
0.00194487
0.002458
0.00302985
0.00364722
0.00428728
0.00491702
0.00549044
0.00595388
0.00626031
0.00641643
0.0063368
-1.61118e-05
-4.85293e-05
6.88136e-06
0.000101044
0.000244308
0.000439077
0.000689323
0.000999665
0.00137451
0.00181728
0.00232908
0.00290665
0.00353983
0.00420864
0.00487742
0.00549517
0.00599714
0.00632156
0.00647647
0.00635482
-0.000153555
-0.000191452
-0.000139551
-5.23526e-05
8.13327e-05
0.000264142
0.000500741
0.000796866
0.00115863
0.00159198
0.00210148
0.00268819
0.00334618
0.00405819
0.00479015
0.00548367
0.00605628
0.00641738
0.00657263
0.00638062
-0.000369797
-0.000412339
-0.00036641
-0.000289413
-0.000169429
-3.53531e-06
0.0002137
0.000489303
0.000831452
0.00124927
0.00175199
0.00234693
0.0030356
0.00380647
0.00462858
0.00543691
0.00612468
0.00655214
0.00671116
0.00639709
-0.000663522
-0.000710611
-0.000672996
-0.000609656
-0.000508192
-0.000365534
-0.000175662
6.95681e-05
0.000380316
0.000769017
0.00125021
0.00183943
0.00254881
0.00337901
0.00430922
0.00527769
0.00614821
0.00670184
0.00687948
0.00634705
-0.00103107
-0.00108313
-0.00105614
-0.00101028
-0.000933021
-0.000821524
-0.000669761
-0.000469173
-0.000208427
0.000127426
0.000557744
0.00110665
0.00180139
0.00266349
0.00369157
0.00484874
0.00598848
0.0067914
0.0070382
0.00616148
-0.00146759
-0.00152532
-0.00151119
-0.00148677
-0.00143991
-0.00136868
-0.00126804
-0.00113049
-0.000945503
-0.00069817
-0.000367528
7.52512e-05
0.000668695
0.00145796
0.00248433
0.00377098
0.00525754
0.00655635
0.00701869
0.00583087
-0.0019669
-0.00203105
-0.00203147
-0.0020319
-0.00202123
-0.00199942
-0.00196387
-0.00191019
-0.00183192
-0.00171934
-0.00155771
-0.00132497
-0.000989913
-0.000508204
0.000196993
0.00127706
0.00296477
0.00512544
0.00626248
0.00548448
-0.00252177
-0.00259292
-0.00260822
-0.00263525
-0.00266467
-0.00269953
-0.00274138
-0.00279162
-0.00285208
-0.00292539
-0.00301589
-0.00313326
-0.00330383
-0.00357224
-0.00390873
-0.00390655
-0.00255389
0.000867876
0.00378006
0.00501742
-0.00312465
-0.00320311
-0.00323135
-0.00328375
-0.00335327
-0.0034475
-0.00357376
-0.00374176
-0.00396611
-0.00426988
-0.00469183
-0.00530213
-0.00624171
-0.00773607
-0.0098284
-0.0117674
-0.0112974
-0.00644608
-0.00130366
0.00282307
-0.00376873
-0.00385345
-0.00388809
-0.00395943
-0.00406314
-0.00421235
-0.0044208
-0.00470775
-0.00510304
-0.00565523
-0.00644766
-0.00762675
-0.00946141
-0.012337
-0.0162474
-0.0201452
-0.0209103
-0.015413
-0.00887322
-0.00178527
-0.00445302
-0.00454361
-0.00457451
-0.00465281
-0.00477644
-0.00496546
-0.00524007
-0.00562824
-0.00617291
-0.00694391
-0.00805979
-0.00972322
-0.0122756
-0.016135
-0.0212882
-0.0263546
-0.0289014
-0.0240171
-0.0173446
-0.00798354
-0.00517445
-0.00525837
-0.00525904
-0.00531974
-0.00544243
-0.0056512
-0.00596792
-0.0064247
-0.00707208
-0.00798989
-0.00931402
-0.011264
-0.014195
-0.018462
-0.0242372
-0.029896
-0.034236
-0.0304719
-0.0243838
-0.0135073
-0.00596378
-0.00605571
-0.00600647
-0.00603094
-0.00611625
-0.00630055
-0.00660971
-0.00707869
-0.00775909
-0.00872758
-0.0101218
-0.0121189
-0.0151108
-0.0192239
-0.0250522
-0.0304295
-0.0355833
-0.0319338
-0.0273352
-0.0151049
-0.00694293
-0.00681591
-0.00663021
-0.00652042
-0.00654099
-0.00669827
-0.00700164
-0.0074704
-0.00814787
-0.00909533
-0.0104472
-0.0123002
-0.015047
-0.0187093
-0.0236069
-0.0279366
-0.0318017
-0.0279366
-0.0256204
-0.0098177
-0.00752053
-0.00789124
-0.00755504
-0.00746677
-0.00735096
-0.00736488
-0.00752477
-0.00786392
-0.00842452
-0.0092457
-0.0104358
-0.0120903
-0.0144482
-0.0174315
-0.0213117
-0.0242931
-0.0267602
-0.0223674
-0.0192145
0.00509124
-0.0112124
-0.0085531
-0.00783422
-0.00709013
-0.00689178
-0.00693568
-0.0071757
-0.00757062
-0.00815152
-0.00892625
-0.010025
-0.0114868
-0.0135173
-0.0159482
-0.0189331
-0.0207422
-0.0215055
-0.0154762
-0.00642965
0.0338567
-0.00785172
-0.0106871
-0.00960185
-0.00948324
-0.00890615
-0.00853904
-0.00835111
-0.00837316
-0.00865558
-0.0091804
-0.0100731
-0.0113218
-0.0132383
-0.0155204
-0.0185844
-0.0200825
-0.0199434
-0.00774716
0.0150479
0.0864881
-0.0333699
-0.00814031
-0.00660777
-0.00573169
-0.00536892
-0.00541775
-0.00576948
-0.00621924
-0.0068807
-0.0076484
-0.00879661
-0.0101444
-0.0120283
-0.0137863
-0.0152803
-0.0130216
-0.00431096
0.0267257
0.0891653
0.213632
9.32062e-06
-8.80493e-06
4.25597e-05
0.000139365
0.000288859
0.000492928
0.000754525
0.00107703
0.00146318
0.00191397
0.0024273
0.00299611
0.00360627
0.00423454
0.00484767
0.00540314
0.00585394
0.00615963
0.00632123
0.00627919
2.45983e-05
7.40347e-06
6.43167e-05
0.000162667
0.000311163
0.000512263
0.000769289
0.00108577
0.00146455
0.00190684
0.002411
0.00297073
0.00357264
0.00419349
0.00480308
0.00535766
0.00580869
0.0061139
0.00627801
0.00622016
-4.90739e-05
-7.27907e-05
-1.78354e-05
7.62352e-05
0.000218816
0.000412455
0.000660908
0.000968419
0.00133889
0.00177505
0.00227717
0.00284115
0.00345607
0.00410162
0.00474445
0.00533707
0.00582197
0.00614489
0.00631198
0.00622136
-0.000191984
-0.000220104
-0.000168872
-8.17988e-05
5.11902e-05
0.000232866
0.000467623
0.000760739
0.00111769
0.00154353
0.00204164
0.00261177
0.00324686
0.003929
0.00462373
0.00528018
0.00582584
0.00618389
0.00636029
0.00621706
-0.000412317
-0.000444318
-0.000399197
-0.000322394
-0.000203249
-3.87321e-05
0.000176243
0.000448143
0.00078434
0.00119278
0.00168104
0.0022543
0.00291187
0.00364111
0.00440919
0.00516032
0.00580239
0.00622153
0.00641828
0.00618921
-0.000709246
-0.000745178
-0.000708484
-0.000645448
-0.000545052
-0.000404167
-0.000217203
2.32997e-05
0.000326492
0.00070329
0.00116598
0.00172677
0.00239414
0.00316557
0.00401426
0.00489164
0.00568021
0.00620891
0.00645621
0.00608361
-0.0010796
-0.0011199
-0.00109392
-0.00104845
-0.000972456
-0.000863099
-0.000714878
-0.000520046
-0.000268477
5.28979e-05
0.000460501
0.000973918
0.00161394
0.00239557
0.00331539
0.00432019
0.00530736
0.0060386
0.0064187
0.00583476
-0.00151881
-0.00156414
-0.00155103
-0.00152696
-0.00148139
-0.00141244
-0.00131569
-0.0011845
-0.0010097
-0.000778447
-0.000473081
-7.01256e-05
0.000460523
0.00115366
0.00203707
0.00311102
0.00432371
0.00544762
0.0061832
0.00541911
-0.00202097
-0.002072
-0.00207331
-0.00207383
-0.00206417
-0.00204436
-0.00201246
-0.00196493
-0.00189651
-0.00179924
-0.00166118
-0.00146445
-0.00118324
-0.000780988
-0.000200467
0.000670269
0.00201834
0.00388916
0.00544349
0.00493706
-0.00257916
-0.00263637
-0.00265229
-0.00267889
-0.00270861
-0.00274463
-0.00278911
-0.00284409
-0.00291207
-0.00299623
-0.00310086
-0.00323292
-0.00340605
-0.00363535
-0.00388593
-0.00388409
-0.00270207
0.000282153
0.00327025
0.00435672
-0.00318638
-0.00324994
-0.00327832
-0.00332942
-0.00339808
-0.00349205
-0.0036191
-0.0037892
-0.00401656
-0.00432238
-0.00473943
-0.00532076
-0.00615981
-0.00738468
-0.00899939
-0.0105469
-0.0100996
-0.00608539
-0.00124227
0.00252779
-0.00383723
-0.00390592
-0.00394023
-0.00400918
-0.00411036
-0.00425728
-0.00446402
-0.00474961
-0.00514223
-0.00568542
-0.00644899
-0.0075442
-0.00915931
-0.0115295
-0.0146272
-0.0177044
-0.0183316
-0.0134047
-0.00713507
-0.00070507
-0.00453209
-0.00460427
-0.00463386
-0.00470819
-0.00482738
-0.0050121
-0.00528275
-0.00566669
-0.00620445
-0.0069591
-0.00803153
-0.00957076
-0.0118396
-0.0150746
-0.0192378
-0.0233464
-0.025288
-0.0201837
-0.0138494
-0.00508706
-0.00527314
-0.00533679
-0.00533608
-0.0053912
-0.00550664
-0.00570811
-0.00601813
-0.00646853
-0.0071077
-0.00800914
-0.00929142
-0.0111039
-0.0137664
-0.0174723
-0.0222951
-0.0271906
-0.0310865
-0.0269893
-0.0215382
-0.0102954
-0.00609103
-0.00615638
-0.00610588
-0.00612121
-0.00619684
-0.00637174
-0.00667323
-0.007136
-0.00781225
-0.008772
-0.0101525
-0.0120226
-0.0148251
-0.0186211
-0.0237077
-0.0289575
-0.0346266
-0.0312987
-0.0270482
-0.0133194
-0.00712872
-0.00696956
-0.00678227
-0.00666115
-0.00666685
-0.00680954
-0.00710148
-0.00756254
-0.00823949
-0.00918371
-0.0105269
-0.0123673
-0.0149988
-0.0184818
-0.0231145
-0.0277067
-0.0327229
-0.0292371
-0.0274832
-0.0094255
-0.00783689
-0.0081458
-0.00779699
-0.0076761
-0.00753664
-0.00752949
-0.00767515
-0.00800623
-0.00857177
-0.00939705
-0.0106138
-0.0122792
-0.0146018
-0.0175059
-0.0213063
-0.0245348
-0.0279976
-0.0238808
-0.0225785
0.00489209
-0.0115497
-0.00886535
-0.00819901
-0.0074522
-0.00721818
-0.00722206
-0.00743186
-0.00780694
-0.00838674
-0.0091779
-0.0103131
-0.0118002
-0.0138469
-0.0162246
-0.0192052
-0.0211396
-0.0227745
-0.0169423
-0.0101899
0.0327111
-0.00892478
-0.0114955
-0.0103014
-0.0100682
-0.00940969
-0.00896982
-0.00873601
-0.00872554
-0.00900361
-0.00954022
-0.0104778
-0.0117521
-0.0136964
-0.0158855
-0.0188789
-0.0203413
-0.0204982
-0.00880456
0.0117283
0.0833751
-0.0340933
-0.00899368
-0.00747671
-0.00646596
-0.00598209
-0.00596181
-0.00627908
-0.00670289
-0.00736955
-0.00814723
-0.0093431
-0.0107013
-0.0126076
-0.0142714
-0.0157092
-0.0134472
-0.0055304
0.0242899
0.0830869
0.20593
3.42704e-06
-2.25042e-06
5.16298e-05
0.000149883
0.00029949
0.000503053
0.000763715
0.00108474
0.00146861
0.00191598
0.00242434
0.00298621
0.00358717
0.00420407
0.00480433
0.00534751
0.00578995
0.0060952
0.0062629
0.00624459
5.78723e-06
7.58237e-07
5.77136e-05
0.000156332
0.000304632
0.000505536
0.000762452
0.00107885
0.00145743
0.00189921
0.00240221
0.00295966
0.0035578
0.00417355
0.00477457
0.00532155
0.00576758
0.00607371
0.00624203
0.00620777
-7.31237e-05
-8.20558e-05
-2.72706e-05
6.69962e-05
0.000209342
0.000402828
0.000651306
0.000958971
0.00132961
0.00176569
0.00226707
0.00282905
0.00344006
0.00407915
0.00471272
0.00529567
0.00577396
0.00609812
0.00627104
0.00621052
-0.000219845
-0.000231705
-0.000180832
-9.36551e-05
3.90015e-05
0.000220452
0.000455192
0.000748458
0.00110562
0.00153146
0.00202881
0.00259662
0.0032269
0.00390085
0.00458431
0.0052262
0.00576203
0.00612125
0.00630615
0.00620326
-0.000442045
-0.000456859
-0.000412145
-0.000335306
-0.000216655
-5.26068e-05
0.000162022
0.000433645
0.00076951
0.00117726
0.00166382
0.00223329
0.00288357
0.00360101
0.00435349
0.00508269
0.005708
0.00612642
0.00633551
0.00616578
-0.000739692
-0.000757758
-0.000721454
-0.000658455
-0.000558774
-0.000418729
-0.000232652
6.83649e-06
0.000308727
0.000683577
0.00114294
0.00169765
0.00235402
0.00310791
0.00393507
0.00477694
0.00553288
0.00604907
0.0063102
0.0060391
-0.00111019
-0.00113199
-0.00110634
-0.00106095
-0.000985871
-0.000877745
-0.00073103
-0.000538111
-0.000289054
2.8794e-05
0.000431026
0.000935601
0.00156035
0.00231617
0.00319557
0.00415226
0.00507134
0.00575152
0.00612834
0.00573644
-0.00154918
-0.00157529
-0.00156234
-0.00153831
-0.00149376
-0.00142635
-0.00133166
-0.00120324
-0.00103218
-0.000806059
-0.000507954
-0.000115867
0.000397306
0.00106071
0.00189454
0.00289257
0.00398112
0.00492281
0.00557163
0.00515034
-0.00205089
-0.00208172
-0.00208291
-0.00208326
-0.00207455
-0.0020564
-0.00202692
-0.00198282
-0.00191906
-0.00182796
-0.00169786
-0.00151114
-0.00124192
-0.00085321
-0.000296733
0.000486632
0.00156009
0.00285888
0.00411756
0.00413583
-0.00260855
-0.00264417
-0.00265955
-0.00268556
-0.00271594
-0.00275346
-0.00280043
-0.00285911
-0.00293213
-0.00302236
-0.00313281
-0.00326625
-0.00342457
-0.00359777
-0.00373771
-0.0036875
-0.00299335
-0.001254
0.00125014
0.00252365
-0.00321543
-0.00325526
-0.00328251
-0.00333242
-0.00340115
-0.00349619
-0.00362546
-0.0037991
-0.00403113
-0.0043414
-0.0047582
-0.00532183
-0.00609184
-0.00711603
-0.00835827
-0.00948807
-0.00943716
-0.00679343
-0.00238047
0.00021225
-0.00386647
-0.00390868
-0.00394146
-0.00400859
-0.00410898
-0.00425627
-0.0044647
-0.00475338
-0.00514991
-0.00569509
-0.00644936
-0.00749779
-0.00897246
-0.0109483
-0.0133295
-0.0153521
-0.0151642
-0.01075
-0.00512819
-0.00154205
-0.00456282
-0.00460344
-0.00463031
-0.00470165
-0.0048192
-0.00500403
-0.0052765
-0.00566366
-0.00620519
-0.0069619
-0.00802222
-0.00949042
-0.01156
-0.0142565
-0.0173062
-0.0195327
-0.0190332
-0.0135282
-0.00821348
-0.00271302
-0.00531284
-0.00533886
-0.00533688
-0.00538838
-0.00550018
-0.00569978
-0.00601037
-0.00646413
-0.00710442
-0.00801208
-0.00928391
-0.0110558
-0.0135077
-0.0166162
-0.020026
-0.0226587
-0.023378
-0.0188382
-0.0133954
-0.00447512
-0.00614635
-0.00615266
-0.00609918
-0.00610664
-0.00617876
-0.00635335
-0.00665859
-0.00712433
-0.00781149
-0.00878527
-0.0101569
-0.0120521
-0.0146615
-0.0179463
-0.0217092
-0.0250906
-0.0282205
-0.0246197
-0.0186206
-0.00598005
-0.00724567
-0.00702162
-0.00682421
-0.00669147
-0.00668333
-0.00681668
-0.00710769
-0.00756708
-0.00825972
-0.00923223
-0.0105975
-0.0124605
-0.0149933
-0.0181576
-0.0219087
-0.0252728
-0.0288705
-0.025008
-0.0194147
-0.003018
-0.00812771
-0.0082135
-0.0078597
-0.00768596
-0.00753359
-0.00751964
-0.00767059
-0.00801115
-0.00860105
-0.00947405
-0.0107335
-0.0124461
-0.0147533
-0.0175149
-0.0208193
-0.0233227
-0.0259312
-0.0205834
-0.015045
0.00817242
-0.0120228
-0.00916829
-0.00846623
-0.00768583
-0.00737291
-0.00731529
-0.0074936
-0.00786128
-0.00845866
-0.00929629
-0.0104831
-0.0120285
-0.0140802
-0.0163455
-0.0189573
-0.0202687
-0.021458
-0.0136223
-0.0052738
0.0317142
-0.0115527
-0.0124321
-0.0108761
-0.0102857
-0.00946068
-0.00892377
-0.00865531
-0.00865682
-0.00897638
-0.00958853
-0.0106084
-0.0119736
-0.0139279
-0.0160167
-0.0185482
-0.0191668
-0.0186562
-0.00604221
0.0115931
0.075126
-0.0363051
-0.0108536
-0.00908666
-0.00751616
-0.00667265
-0.00648324
-0.00668863
-0.00706269
-0.00770001
-0.00850727
-0.00973032
-0.0111232
-0.0130188
-0.014522
-0.0157645
-0.0129881
-0.00529895
0.0222273
0.0692965
0.17546
)
;

boundaryField
{
    movingWall
    {
        type            zeroGradient;
    }
    fixedWalls
    {
        type            zeroGradient;
    }
}


// ************************************************************************* //
