/*--------------------------------*- C++ -*----------------------------------*\
  =========                 |
  \\      /  F ield         | OpenFOAM: The Open Source CFD Toolbox
   \\    /   O peration     | Website:  https://openfoam.org
    \\  /    A nd           | Version:  10
     \\/     M anipulation  |
\*---------------------------------------------------------------------------*/
FoamFile
{
    format      ascii;
    class       volScalarField;
    location    "4.925";
    object      p;
}
// * * * * * * * * * * * * * * * * * * * * * * * * * * * * * * * * * * * * * //

dimensions      [0 2 -2 0 0 0 0];

internalField   nonuniform List<scalar> 
8000
(
-2.90137e-06
-1.52993e-05
1.72621e-05
8.0319e-05
0.000179103
0.000314359
0.000486793
0.000696713
0.000943394
0.001225
0.00153766
0.00187504
0.00222773
0.0025836
0.00292624
0.00323741
0.0034976
0.00368819
0.00380498
0.00381265
1.61976e-06
-9.18768e-06
2.51355e-05
8.73122e-05
0.000183936
0.000316111
0.000484855
0.000690767
0.000933535
0.00121152
0.00152119
0.00185639
0.0022081
0.00256441
0.00290933
0.0032241
0.00348854
0.00368331
0.00380498
0.00381166
-4.39421e-05
-5.73854e-05
-2.40979e-05
3.59093e-05
0.000129944
0.000259351
0.000425551
0.000629696
0.000872113
0.00115185
0.00146609
0.00180962
0.00217423
0.00254748
0.00291273
0.00324968
0.00353566
0.00374776
0.00388136
0.00388589
-0.000128134
-0.000143993
-0.000112525
-5.567e-05
3.46513e-05
0.000160136
0.000322834
0.000524713
0.000767109
0.00105027
0.00137258
0.00172978
0.00211416
0.00251585
0.00291569
0.00329104
0.00361489
0.00385809
0.00401334
0.00401856
-0.000257254
-0.000275908
-0.00024714
-0.000194509
-0.000109087
1.12596e-05
0.000169376
0.000368322
0.000610817
0.000898727
0.00123229
0.00160882
0.00201999
0.00246423
0.00291456
0.00334695
0.0037288
0.00402132
0.00421147
0.00422023
-0.000432534
-0.000454582
-0.000429451
-0.000382421
-0.000303638
-0.000190496
-3.9229e-05
0.000154531
0.000395248
0.000687017
0.00103279
0.00143345
0.00188767
0.00237581
0.00289254
0.00340446
0.0038703
0.00423738
0.00448172
0.0044993
-0.000654971
-0.000681171
-0.000660756
-0.000621112
-0.000551419
-0.000448641
-0.000308054
-0.000123844
0.00011048
0.000401724
0.000756214
0.00117835
0.00166826
0.00221786
0.00282183
0.00344025
0.00402391
0.00450188
0.00483029
0.00486858
-0.000925674
-0.000956909
-0.00094241
-0.000912313
-0.00085487
-0.000766781
-0.00064247
-0.00047469
-0.000254775
2.721e-05
0.000381857
0.000818907
0.00134324
0.00194297
0.0026606
0.00341458
0.00415845
0.00480004
0.00526003
0.00534738
-0.00124592
-0.00128311
-0.00127567
-0.00125745
-0.00121594
-0.00114791
-0.00104725
-0.000905539
-0.000712065
-0.000453625
-0.000114588
0.000322646
0.000877125
0.00157305
0.00235587
0.00325997
0.004212
0.00509255
0.00576019
0.00596521
-0.00161743
-0.00166137
-0.00166173
-0.00165746
-0.00163564
-0.00159366
-0.00152548
-0.0014221
-0.00127141
-0.00105752
-0.000760195
-0.000354623
0.000187967
0.00089637
0.00178605
0.00285619
0.00406339
0.00528442
0.00628386
0.0067575
-0.00204297
-0.0020941
-0.00210189
-0.00211263
-0.00211352
-0.00210338
-0.00207709
-0.00202614
-0.0019383
-0.00179656
-0.00157778
-0.00125129
-0.000777658
-0.000108997
0.000801871
0.00200244
0.00348259
0.00515823
0.00668788
0.0077471
-0.00252764
-0.00258538
-0.00259806
-0.00262269
-0.00264732
-0.00267324
-0.00269739
-0.00271306
-0.00270982
-0.00267234
-0.00257858
-0.00239688
-0.0020822
-0.0015715
-0.000782552
0.000388261
0.0020559
0.00423049
0.00653066
0.00882075
-0.00308155
-0.00314295
-0.00315396
-0.00318709
-0.00323255
-0.00329532
-0.00337559
-0.00346974
-0.00357146
-0.00367091
-0.00375302
-0.00379459
-0.00375988
-0.00359174
-0.00319889
-0.00242706
-0.000974383
0.00154846
0.00472585
0.00932689
-0.00372312
-0.00377672
-0.00377045
-0.00379976
-0.00385856
-0.00395537
-0.00409278
-0.00427155
-0.00449179
-0.00475311
-0.00505448
-0.00539301
-0.00576323
-0.00614769
-0.00650904
-0.0067019
-0.00630748
-0.00410889
0.000363085
0.00872982
-0.00449421
-0.004535
-0.00449656
-0.00450812
-0.00455899
-0.00466768
-0.00484395
-0.00509548
-0.00543083
-0.00586236
-0.00640954
-0.00710096
-0.00798686
-0.00912362
-0.0105811
-0.0121906
-0.0134844
-0.0113655
-0.00556887
0.00705633
-0.00554767
-0.00536232
-0.00520571
-0.00512046
-0.0051397
-0.00526694
-0.00549872
-0.00583572
-0.00628863
-0.00687838
-0.00764829
-0.00866166
-0.0100397
-0.0118883
-0.0144569
-0.0173914
-0.0207838
-0.0195556
-0.0142012
0.00380387
-0.00651545
-0.00663371
-0.00635173
-0.00625734
-0.00618176
-0.00621755
-0.00638011
-0.00668643
-0.00715748
-0.00781517
-0.00872112
-0.00994754
-0.0116992
-0.0140308
-0.0176655
-0.0216057
-0.0284871
-0.0296966
-0.0250436
0.00243386
-0.010368
-0.00755608
-0.00696768
-0.00634058
-0.00615843
-0.00622007
-0.00647886
-0.00690009
-0.00748807
-0.00824278
-0.00926831
-0.0105946
-0.0125313
-0.015068
-0.0191412
-0.023769
-0.0320849
-0.0333327
-0.0266246
0.0157138
-0.0101327
-0.0109997
-0.00960971
-0.00918316
-0.00853254
-0.0081439
-0.0079911
-0.00808659
-0.00843989
-0.0090234
-0.00992079
-0.0111335
-0.0129989
-0.0154203
-0.0195102
-0.0239421
-0.0311539
-0.0269638
-0.0107778
0.0584137
-0.034555
-0.00917607
-0.0076623
-0.00629378
-0.00562529
-0.00560163
-0.0059444
-0.00643511
-0.00713291
-0.00795055
-0.00912285
-0.010469
-0.0125135
-0.0146465
-0.0176421
-0.0184086
-0.0168247
0.00412689
0.0495622
0.161131
-2.55625e-06
-2.27065e-05
9.05304e-06
7.15742e-05
0.000170737
0.000306862
0.000480505
0.000692007
0.000940947
0.00122529
0.00154118
0.00188228
0.00223924
0.00259953
0.0029469
0.00326255
0.00352604
0.00371714
0.00383195
0.00382554
1.42895e-05
-5.60616e-06
2.85884e-05
9.01799e-05
0.000186597
0.000318692
0.000487422
0.000693446
0.00093654
0.00121513
0.00152578
0.00186239
0.00221613
0.00257479
0.00292225
0.00323958
0.00350585
0.00370049
0.00382099
0.0038125
-2.72546e-05
-5.17729e-05
-1.87395e-05
4.05115e-05
0.000134222
0.000263414
0.000429457
0.000633547
0.000876115
0.00115632
0.00147145
0.00181644
0.00218317
0.00255897
0.00292713
0.00326717
0.00355549
0.00376762
0.00389997
0.00388621
-0.00010839
-0.000136419
-0.000105197
-4.91841e-05
4.07305e-05
0.000165891
0.000328302
0.000530022
0.0007725
0.00105607
0.00137929
0.00173811
0.00212551
0.00252991
0.00293325
0.00331246
0.00363933
0.00388281
0.00403674
0.00402058
-0.000235342
-0.000267094
-0.000238528
-0.000186745
-0.000101704
1.83523e-05
0.000176232
0.000375099
0.000617805
0.00090638
0.00124128
0.00162032
0.00203743
0.00248311
0.00293794
0.0033757
0.00376199
0.00405532
0.00424395
0.00422763
-0.000408592
-0.000444724
-0.000419709
-0.000373474
-0.000294981
-0.000182013
-3.0829e-05
0.000163055
0.000404252
0.000697049
0.0010446
0.00144772
0.00190294
0.00240085
0.00292501
0.00344498
0.00391787
0.00428706
0.00452967
0.00451752
-0.000628732
-0.000670156
-0.000649732
-0.000610801
-0.000541283
-0.000438531
-0.00029783
-0.000113225
0.000121951
0.000414754
0.000771859
0.00119811
0.00169421
0.00225544
0.00286847
0.00349905
0.00409462
0.0045781
0.00490493
0.00490845
-0.000896702
-0.000944515
-0.000929856
-0.000900388
-0.000843007
-0.000754799
-0.000630166
-0.000461687
-0.000240471
4.37447e-05
0.000402093
0.00084521
0.00138091
0.00200869
0.00272819
0.00350098
0.00426624
0.00492166
0.0053824
0.00543292
-0.00121364
-0.00126902
-0.00126126
-0.00124361
-0.00120209
-0.00113384
-0.00103268
-0.000889974
-0.000694725
-0.000433299
-8.94363e-05
0.000355202
0.000918895
0.00161469
0.00244262
0.00338575
0.0043787
0.00529244
0.00597202
0.00615216
-0.00158108
-0.00164517
-0.00164503
-0.00164134
-0.0016195
-0.0015773
-0.00150855
-0.00140397
-0.00125107
-0.0010334
-0.000729773
-0.000313952
0.000243969
0.000970834
0.00190506
0.0030371
0.0043211
0.0056184
0.00666758
0.00719239
-0.00200143
-0.00207512
-0.00208226
-0.0020937
-0.00209474
-0.00208456
-0.00205781
-0.00200566
-0.0019154
-0.00176925
-0.00154278
-0.00120297
-0.000705914
5.54849e-06
0.000964851
0.00225187
0.00386633
0.00570662
0.00739444
0.00880096
-0.00247909
-0.00256254
-0.00257443
-0.00260008
-0.00262531
-0.00265167
-0.0026758
-0.00269062
-0.00268514
-0.0026431
-0.00254081
-0.00234373
-0.00200136
-0.00144129
-0.000572282
0.000703177
0.0025501
0.00502196
0.00774249
0.0110161
-0.00302285
-0.00311498
-0.00312533
-0.00316029
-0.00320699
-0.00327083
-0.00335171
-0.00344581
-0.00354611
-0.00364173
-0.00371586
-0.00374228
-0.00368018
-0.00346539
-0.00300276
-0.00214268
-0.000566476
0.00219713
0.00580231
0.0122578
-0.00364596
-0.00373599
-0.00372796
-0.00376047
-0.00382313
-0.00392395
-0.00406469
-0.00424549
-0.00446608
-0.00472511
-0.00502004
-0.00534595
-0.0056959
-0.00606143
-0.00645103
-0.00683119
-0.00677075
-0.00497687
-0.00152137
0.00932075
-0.00438865
-0.00448936
-0.00445016
-0.00447009
-0.004526
-0.0046388
-0.00481827
-0.00507225
-0.00540912
-0.00584007
-0.0063844
-0.00707106
-0.00795584
-0.00913654
-0.0108273
-0.0132017
-0.0160788
-0.0158648
-0.012973
0.00219894
-0.00536683
-0.00524732
-0.00509935
-0.00502789
-0.00506506
-0.00520836
-0.00545376
-0.00580118
-0.00626149
-0.00685461
-0.00762383
-0.00863565
-0.0100268
-0.0119774
-0.0149584
-0.0192044
-0.0253419
-0.0275312
-0.026673
-0.00647872
-0.00614098
-0.00648651
-0.00621273
-0.00617616
-0.0061275
-0.00618629
-0.00636607
-0.00668381
-0.00715882
-0.00781424
-0.0087101
-0.00992023
-0.0116624
-0.0141097
-0.0181259
-0.0234479
-0.0332257
-0.0384672
-0.0395765
-0.00774705
-0.00980359
-0.00716108
-0.00660913
-0.00604328
-0.0059603
-0.00610178
-0.00642652
-0.00688239
-0.00748723
-0.00824421
-0.00925024
-0.0105256
-0.0124296
-0.0148883
-0.0192614
-0.0249321
-0.0348566
-0.0395575
-0.0366944
0.013346
-0.0073651
-0.00992294
-0.00894128
-0.00890561
-0.00845892
-0.00820079
-0.00812804
-0.00825404
-0.00861336
-0.00916349
-0.0100115
-0.0111162
-0.0128686
-0.0151867
-0.0194278
-0.0245664
-0.0325455
-0.0301555
-0.0123238
0.0667115
-0.0322151
-0.00724634
-0.00604965
-0.00524771
-0.00494597
-0.00511154
-0.00561051
-0.00618249
-0.00696807
-0.00778879
-0.00897186
-0.0102738
-0.0122493
-0.0144626
-0.0175132
-0.0187482
-0.0165279
0.00654732
0.0637013
0.192703
3.39349e-06
-2.02261e-05
1.09307e-05
7.3014e-05
0.000172322
0.00030901
0.000483604
0.00069648
0.000947159
0.0012338
0.00155262
0.00189734
0.00225868
0.00262362
0.00297572
0.00329572
0.00356239
0.00375448
0.00386835
0.0038548
2.62696e-05
1.96366e-06
3.58687e-05
9.68535e-05
0.000193054
0.000325175
0.000494184
0.000700804
0.000944881
0.00122493
0.00153757
0.00187657
0.002234
0.00259661
0.00294818
0.00326938
0.00353853
0.00373408
0.00385406
0.00383864
-1.20775e-05
-4.18976e-05
-9.2213e-06
4.9275e-05
0.000142617
0.000271666
0.000437809
0.000642344
0.0008858
0.00116745
0.0014847
0.00183269
0.00220317
0.00258345
0.0029565
0.00330132
0.00359337
0.00380691
0.00393887
0.00391691
-9.0184e-05
-0.000124047
-9.31918e-05
-3.80327e-05
5.1416e-05
0.000176333
0.000338757
0.000540858
0.000784213
0.00106932
0.00139482
0.00175648
0.00214927
0.00255928
0.00296888
0.00335438
0.00368642
0.00393224
0.00408616
0.0040605
-0.000214441
-0.000252478
-0.000224256
-0.000173363
-8.88014e-05
3.10189e-05
0.000188964
0.000388335
0.000632156
0.000922673
0.00126058
0.00164427
0.00206759
0.00252042
0.00298371
0.00343041
0.00382447
0.00412195
0.00431137
0.0042838
-0.000384851
-0.000427752
-0.000403024
-0.000357674
-0.000279625
-0.000166824
-1.5443e-05
0.000179182
0.000421897
0.000717312
0.00106903
0.00147842
0.00194067
0.0024492
0.00298553
0.00351876
0.0040039
0.00438064
0.00462575
0.00460012
-0.000601661
-0.00065043
-0.000630211
-0.000592153
-0.00052304
-0.000420382
-0.000279336
-9.37196e-05
0.000143434
0.000439585
0.000801927
0.00123588
0.00174265
0.00231908
0.00294933
0.00359989
0.00421535
0.00471292
0.00504576
0.00503363
-0.000865557
-0.00092142
-0.000906876
-0.000878297
-0.000821326
-0.000733192
-0.000608117
-0.000438393
-0.000214751
7.35946e-05
0.000438469
0.000891439
0.001441
0.00209178
0.00283513
0.00363845
0.00443652
0.00511857
0.00559262
0.00562776
-0.00117739
-0.00124169
-0.00123397
-0.0012173
-0.00117629
-0.00110822
-0.00100666
-0.000862613
-0.000664611
-0.000398365
-4.66913e-05
0.000409732
0.000990421
0.00171169
0.00257841
0.00356964
0.0046168
0.00558031
0.00628918
0.00646426
-0.0015383
-0.00161237
-0.00161223
-0.00160974
-0.00158872
-0.00154703
-0.00147816
-0.00137241
-0.00121673
-0.000993757
-0.000681001
-0.000250011
0.000332619
0.00109646
0.00207507
0.00327495
0.00464524
0.00603367
0.00714997
0.00770232
-0.00195006
-0.00203507
-0.00204225
-0.00205534
-0.00205778
-0.00204878
-0.00202262
-0.00196996
-0.00187744
-0.0017263
-0.00149062
-0.00113501
-0.000612606
0.000134332
0.00116172
0.00253798
0.00427987
0.0062812
0.00811946
0.00961797
-0.00241602
-0.00251246
-0.00252453
-0.00255264
-0.00258034
-0.00260914
-0.00263516
-0.00265082
-0.00264446
-0.00259884
-0.00248875
-0.00227727
-0.00191
-0.00130974
-0.000379804
0.000997123
0.00299253
0.00570793
0.00870318
0.0120733
-0.0029433
-0.0030509
-0.00306197
-0.00310089
-0.00315172
-0.00321981
-0.00330458
-0.00340173
-0.00350365
-0.00359866
-0.00366876
-0.00368605
-0.00360727
-0.00336559
-0.00286953
-0.00199599
-0.000380016
0.00256106
0.00648574
0.0129744
-0.00354094
-0.00364837
-0.00364158
-0.00368034
-0.00375045
-0.00385933
-0.00400784
-0.00419552
-0.00442173
-0.00468467
-0.0049814
-0.00530725
-0.00565833
-0.006038
-0.00649639
-0.00707713
-0.00731589
-0.00569836
-0.00201721
0.00850609
-0.00424708
-0.00437286
-0.00433622
-0.00436762
-0.00443515
-0.0045601
-0.00475138
-0.00501658
-0.00536392
-0.00580464
-0.00635844
-0.00705854
-0.00797159
-0.00922759
-0.0111398
-0.0140634
-0.0180052
-0.0184674
-0.0155235
-0.000910671
-0.0051634
-0.00507114
-0.00492925
-0.00487291
-0.00492947
-0.00509372
-0.00536008
-0.0057276
-0.00620654
-0.0068176
-0.00760258
-0.00863487
-0.0100674
-0.0121307
-0.0154193
-0.020366
-0.0279442
-0.0312735
-0.0300674
-0.0104196
-0.00580609
-0.006207
-0.00594992
-0.00595436
-0.00593799
-0.00602981
-0.006241
-0.00659004
-0.00709487
-0.00777661
-0.00868868
-0.00991161
-0.0116744
-0.0142086
-0.0184763
-0.0242944
-0.0347898
-0.0400689
-0.0397195
-0.00856903
-0.00942166
-0.00681093
-0.00623628
-0.00569103
-0.00565647
-0.00585651
-0.00623611
-0.00674357
-0.0073963
-0.00818873
-0.00920673
-0.01048
-0.0123521
-0.0148655
-0.0192578
-0.0251719
-0.0343981
-0.0379996
-0.0314451
0.0159375
-0.00628031
-0.00909438
-0.00823191
-0.0083154
-0.00796222
-0.00779512
-0.00780429
-0.00800887
-0.00845118
-0.00906278
-0.0099365
-0.0110422
-0.0127574
-0.0151173
-0.019347
-0.0245922
-0.0317564
-0.0271347
-0.00538533
0.0724896
-0.0314963
-0.00643908
-0.00523531
-0.0045482
-0.00437176
-0.0046337
-0.00521681
-0.00586082
-0.00671157
-0.00758995
-0.00878173
-0.010133
-0.0120605
-0.0143387
-0.0172323
-0.0183119
-0.0150429
0.0106829
0.073509
0.204891
1.09556e-05
-1.48266e-05
1.58662e-05
7.75846e-05
0.000177017
0.00031423
0.000489749
0.000703996
0.000956559
0.00124566
0.00156756
0.00191597
0.00228164
0.00265129
0.0030082
0.00333263
0.00360271
0.00379645
0.00391045
0.00389331
3.6931e-05
1.03172e-05
4.39136e-05
0.000104485
0.000200634
0.000332998
0.000502572
0.000710151
0.000955662
0.00123771
0.00155299
0.00189541
0.00225671
0.00262376
0.00298
0.0033056
0.00357823
0.00377556
0.00389596
0.00387696
8.27974e-07
-3.16834e-05
6.36363e-07
5.86246e-05
0.000151831
0.000281038
0.000447672
0.000653117
0.000898007
0.00118173
0.00150176
0.00185334
0.00222842
0.0026139
0.00299251
0.00334277
0.00363928
0.0038553
0.00398809
0.00396192
-7.47812e-05
-0.000111614
-8.11346e-05
-2.65506e-05
6.27053e-05
0.000187728
0.000350614
0.000553642
0.000798528
0.00108591
0.00141452
0.00178037
0.00217885
0.00259548
0.0030123
0.00340506
0.00374334
0.003993
0.00414856
0.00411812
-0.000196575
-0.00023784
-0.000209995
-0.00015971
-7.53448e-05
4.4606e-05
0.000203086
0.00040354
0.000649168
0.000942382
0.00128366
0.00166827
0.00210326
0.00256532
0.00303856
0.00349563
0.00389908
0.00420287
0.00439546
0.00436251
-0.000364307
-0.000410702
-0.000386336
-0.000341605
-0.000263727
-0.000150729
1.32084e-06
0.000197276
0.000442237
0.000741185
0.0010985
0.00151893
0.00198633
0.00250623
0.00305648
0.00360496
0.00410476
0.00449225
0.00474342
0.00471193
-0.000577981
-0.000630546
-0.00061067
-0.000573247
-0.000504287
-0.000401373
-0.000259521
-7.23109e-05
0.000167552
0.000467967
0.000836731
0.00128
0.00179847
0.00239131
0.00304146
0.00371484
0.0043536
0.00486997
0.0052144
0.00519675
-0.000838057
-0.000898076
-0.000883869
-0.000855981
-0.000799195
-0.000710809
-0.000584858
-0.000413337
-0.000186569
0.000106778
0.000479225
0.000943081
0.00150755
0.00218157
0.00295322
0.00379072
0.00462607
0.00534159
0.00583794
0.00587073
-0.00114512
-0.001214
-0.00120665
-0.0011908
-0.00115012
-0.00108193
-0.000979581
-0.000833705
-0.000632339
-0.0003605
-1.37463e-07
0.000468481
0.00106014
0.0018181
0.00272504
0.00376676
0.00487297
0.0058957
0.00664886
0.00683282
-0.0014999
-0.0015791
-0.00157942
-0.00157802
-0.00155765
-0.00151619
-0.00144688
-0.00133959
-0.00118066
-0.000951864
-0.000629269
-0.000181635
0.000433114
0.0012237
0.00224935
0.00351881
0.00497925
0.00647087
0.00767869
0.00826956
-0.00190363
-0.00199442
-0.00200226
-0.00201691
-0.00202058
-0.0020125
-0.00198665
-0.00193323
-0.00183825
-0.00168204
-0.00143724
-0.00106615
-0.000518745
0.000263053
0.00134462
0.00281123
0.00468046
0.00685407
0.00887698
0.0104639
-0.00235869
-0.00246177
-0.00247483
-0.00250527
-0.00253517
-0.00256605
-0.00259368
-0.00261005
-0.00260293
-0.00255427
-0.00243764
-0.00221429
-0.0018273
-0.00119834
-0.000235216
0.00124024
0.00337554
0.00633736
0.00966955
0.0131921
-0.00287079
-0.00298626
-0.00299901
-0.00304157
-0.00309605
-0.00316789
-0.0032562
-0.00335635
-0.0034603
-0.0035559
-0.00362457
-0.00363771
-0.0035511
-0.0032958
-0.00277277
-0.00192282
-0.000300687
0.00282707
0.00725286
0.0139423
-0.00344597
-0.0035626
-0.00355825
-0.00360242
-0.0036786
-0.00379412
-0.00394937
-0.00414349
-0.00437568
-0.00464424
-0.00494678
-0.00528033
-0.00564644
-0.00606106
-0.00661072
-0.0074124
-0.00803619
-0.00662508
-0.00249333
0.00822187
-0.00412049
-0.00425945
-0.00422696
-0.00426777
-0.00434474
-0.00447967
-0.00468106
-0.00495644
-0.00531417
-0.00576629
-0.00633473
-0.00705809
-0.0080158
-0.00936913
-0.011511
-0.0149639
-0.0200295
-0.021247
-0.0181204
-0.00309477
-0.00498664
-0.00490988
-0.00477453
-0.00473028
-0.0048009
-0.00498097
-0.0052639
-0.00564804
-0.00614367
-0.00677219
-0.00757878
-0.00864276
-0.0101371
-0.0123352
-0.0159509
-0.021554
-0.0305948
-0.0348639
-0.0338235
-0.0131527
-0.00554421
-0.00598303
-0.00573311
-0.0057648
-0.00577069
-0.00588587
-0.00612
-0.00649124
-0.00701728
-0.00771909
-0.00865271
-0.00990197
-0.0117133
-0.0143499
-0.0189147
-0.0251778
-0.0366525
-0.0420739
-0.042035
-0.00907079
-0.00908014
-0.00650448
-0.0059307
-0.0054083
-0.00540129
-0.00563569
-0.00605193
-0.00659489
-0.00727786
-0.00809731
-0.00913594
-0.0104256
-0.0123134
-0.0148817
-0.0193911
-0.025517
-0.0348641
-0.0379189
-0.0314333
0.0184298
-0.00568104
-0.00865105
-0.00779807
-0.00794345
-0.00763071
-0.00750941
-0.00756259
-0.00781088
-0.00828809
-0.00893024
-0.00982582
-0.0109416
-0.01267
-0.0150607
-0.0193613
-0.024671
-0.0317738
-0.0262401
-0.00393351
0.0773961
-0.0308991
-0.0058343
-0.00463621
-0.00400442
-0.00389756
-0.00422431
-0.00487073
-0.00557205
-0.00647353
-0.00739836
-0.00861675
-0.0100049
-0.0119431
-0.014249
-0.0171741
-0.0181125
-0.0145598
0.0127531
0.0775249
0.212983
1.91524e-05
-7.36289e-06
2.31717e-05
8.47788e-05
0.000184406
0.00032212
0.000498496
0.000714022
0.000968358
0.00125979
0.00158465
0.00193661
0.00230642
0.00268059
0.00304213
0.00337092
0.00364456
0.00384052
0.00395551
0.00393707
4.64333e-05
1.89499e-05
5.24117e-05
0.000112836
0.00020912
0.0003419
0.000512228
0.000720971
0.000968139
0.00125242
0.00157059
0.0019166
0.00228199
0.00265363
0.00301466
0.00334485
0.0036213
0.00382111
0.00394277
0.00392262
1.17831e-05
-2.17381e-05
1.04218e-05
6.82167e-05
0.000161523
0.000291122
0.000458505
0.000665148
0.000911787
0.00119792
0.00152115
0.00187679
0.00225655
0.0026474
0.00303177
0.0033877
0.0036891
0.00390843
0.00404301
0.00401555
-6.19642e-05
-9.99164e-05
-6.96097e-05
-1.52544e-05
7.40815e-05
0.000199494
0.000363159
0.000567475
0.000814299
0.00110444
0.00143687
0.00180792
0.00221179
0.00263509
0.00305937
0.00345972
0.00380479
0.00405933
0.00421771
0.00418589
-0.000181696
-0.000224186
-0.000196518
-0.00014648
-6.20285e-05
5.83505e-05
0.000217704
0.000419627
0.00066751
0.000964024
0.00131021
0.00170406
0.00214319
0.00261379
0.00309719
0.003565
0.0039785
0.00428989
0.00448715
0.00445279
-0.000347056
-0.000394783
-0.000370596
-0.000326125
-0.000248142
-0.000134658
1.83899e-05
0.000216045
0.000463643
0.000766422
0.00112876
0.0015532
0.00203372
0.00256622
0.00313079
0.00369488
0.00420999
0.00460973
0.00486882
0.00483612
-0.000557908
-0.000611921
-0.000592231
-0.000555097
-0.000486032
-0.000382596
-0.000239637
-5.04946e-05
0.000192438
0.000497448
0.000872766
0.00132495
0.00185649
0.00246569
0.00313573
0.00383189
0.00449426
0.00503086
0.00538906
0.00537103
-0.000814533
-0.000876136
-0.000862145
-0.000834618
-0.000777787
-0.000688913
-0.000561828
-0.00038823
-0.000158045
0.000140593
0.000520903
0.000996138
0.00157702
0.00227203
0.00307091
0.00394146
0.00481321
0.00556266
0.00608343
0.00611844
-0.00111728
-0.00118791
-0.00118085
-0.00116551
-0.00112495
-0.00105644
-0.000953098
-0.000805203
-0.000600307
-0.000322751
4.64794e-05
0.00052873
0.00114357
0.00192425
0.00286703
0.00395555
0.00511718
0.00619686
0.00699478
0.00718775
-0.00146656
-0.0015477
-0.00154845
-0.00154783
-0.0015279
-0.00148651
-0.00141661
-0.00130771
-0.00114559
-0.000911232
-0.000579609
-0.000118225
0.000513817
0.00133995
0.00241063
0.00374305
0.00528501
0.00687151
0.00816508
0.0087803
-0.00186308
-0.00195607
-0.00196459
-0.00198046
-0.00198512
-0.00197778
-0.00195214
-0.00189801
-0.00180087
-0.00164023
-0.0013876
-0.00100361
-0.000436106
0.000377236
0.00150542
0.0030497
0.00502976
0.00735737
0.00954654
0.0111712
-0.00230855
-0.00241413
-0.00242823
-0.00246057
-0.00249232
-0.00252499
-0.00255411
-0.00257132
-0.00256395
-0.00251333
-0.00239211
-0.00216024
-0.00175882
-0.00110832
-0.000131421
0.00143332
0.00368932
0.00687276
0.0105005
0.0140698
-0.0028076
-0.00292603
-0.00294045
-0.0029859
-0.00304343
-0.00311853
-0.00321011
-0.00331337
-0.00342
-0.00351762
-0.00358747
-0.00360094
-0.00351333
-0.00325381
-0.00270612
-0.00189114
-0.000271573
0.00304266
0.00795665
0.0146915
-0.00336453
-0.00348462
-0.0034826
-0.00353092
-0.00361181
-0.0037327
-0.00389377
-0.00409405
-0.00433279
-0.0046086
-0.00492016
-0.00526745
-0.00565481
-0.0061097
-0.00674468
-0.00774601
-0.00875245
-0.0073607
-0.00257952
0.00823779
-0.00401481
-0.00415871
-0.00412957
-0.00417689
-0.00426079
-0.00440348
-0.00461335
-0.00489808
-0.00526648
-0.00573164
-0.0063179
-0.0070691
-0.00807635
-0.00952452
-0.0118651
-0.0157434
-0.0216215
-0.0233548
-0.0195672
-0.00411979
-0.00484544
-0.00477465
-0.00464396
-0.00460773
-0.0046874
-0.00487828
-0.00517349
-0.00557127
-0.00608233
-0.00672927
-0.00755991
-0.00866097
-0.0102238
-0.0125533
-0.0164688
-0.0226165
-0.032821
-0.0376743
-0.0359171
-0.0144612
-0.00535947
-0.00581118
-0.00556203
-0.00560759
-0.00562552
-0.00575468
-0.00600389
-0.00639151
-0.00693569
-0.00765849
-0.00861722
-0.00990059
-0.0117758
-0.0145214
-0.0193767
-0.0260104
-0.0384159
-0.0438492
-0.0426095
-0.0091558
-0.00883061
-0.0062744
-0.00570637
-0.00519667
-0.00520098
-0.00545192
-0.00588799
-0.00645302
-0.00715891
-0.0080021
-0.00906515
-0.0103809
-0.0123123
-0.0149443
-0.0196079
-0.0259323
-0.0355085
-0.0381905
-0.0300829
0.0200408
-0.00541198
-0.00841066
-0.00753355
-0.00769148
-0.00738561
-0.00727984
-0.00735177
-0.00762364
-0.0081264
-0.00879171
-0.00971594
-0.0108515
-0.0126173
-0.015048
-0.0194501
-0.0248214
-0.0318936
-0.0255906
-0.001446
0.0803703
-0.0305857
-0.00551021
-0.00430022
-0.00367342
-0.00358545
-0.00393817
-0.00461462
-0.00534738
-0.00628027
-0.00723719
-0.00848409
-0.00990534
-0.011879
-0.0142273
-0.0172033
-0.0181026
-0.0142595
0.0139349
0.0805737
0.21693
2.70254e-05
2.73943e-07
3.07721e-05
9.24143e-05
0.000192313
0.000330571
0.00050782
0.000724613
0.000980677
0.00127436
0.00160205
0.00195747
0.00233107
0.00270945
0.00307535
0.00340827
0.00368542
0.00388381
0.00400016
0.00398135
5.48803e-05
2.71184e-05
6.05531e-05
0.000121007
0.000217551
0.000350853
0.000522027
0.000732013
0.000980898
0.00126744
0.00158847
0.0019379
0.00230734
0.0026834
0.00304905
0.00338368
0.00366395
0.00386647
0.00398971
0.00396933
2.12333e-05
-1.26076e-05
1.95178e-05
7.73276e-05
0.000170888
0.000301015
0.000469274
0.000677226
0.000925707
0.00121432
0.00154073
0.00190032
0.00228467
0.0026807
0.00307061
0.00343201
0.00373824
0.00396112
0.00409783
0.00407015
-5.11133e-05
-8.94188e-05
-5.91511e-05
-4.7912e-06
8.48022e-05
0.000210767
0.000375369
0.000581116
0.000829997
0.00112297
0.00145918
0.00183506
0.00224442
0.00267418
0.00310561
0.00351323
0.00386495
0.00412455
0.00428611
0.00425415
-0.000169165
-0.000212037
-0.000184412
-0.000134374
-4.96477e-05
7.13318e-05
0.000231722
0.000435258
0.000685507
0.00098536
0.00133617
0.00173643
0.00218208
0.00266106
0.0031541
0.00363209
0.00405524
0.00437427
0.0045765
0.00454218
-0.000332516
-0.000380651
-0.000356512
-0.000312049
-0.000233775
-0.000119639
3.45594e-05
0.000234038
0.000484352
0.000790984
0.0011585
0.00158942
0.00207985
0.00262392
0.00320183
0.00378048
0.00430997
0.00472159
0.00498871
0.00495644
-0.000540939
-0.000595389
-0.000575764
-0.000538665
-0.000469317
-0.000365204
-0.000221007
-2.98449e-05
0.000216174
0.000525693
0.000907365
0.00136824
0.00191174
0.00253598
0.00322427
0.00394124
0.00462523
0.00518074
0.00555221
0.00553549
-0.000794583
-0.000856658
-0.000842777
-0.000815351
-0.000758301
-0.000668797
-0.000540473
-0.000364759
-0.000131218
0.000172493
0.000560219
0.00104603
0.00164173
0.00235593
0.00317931
0.0040793
0.00498347
0.00576344
0.0063067
0.00634493
-0.00109361
-0.00116476
-0.00115789
-0.0011428
-0.00110217
-0.00103321
-0.000928786
-0.000778883
-0.000570616
-0.000287726
8.96385e-05
0.000584045
0.00121692
0.00202058
0.00299521
0.00412423
0.00533374
0.00646276
0.00729997
0.00750032
-0.00143816
-0.00151988
-0.00152098
-0.00152084
-0.00150114
-0.00145965
-0.00138909
-0.00127862
-0.00111356
-0.00087422
-0.00053463
-6.10434e-05
0.000588751
0.00144333
0.00255399
0.00393867
0.00554876
0.00721463
0.00857968
0.00921083
-0.00182858
-0.00192223
-0.00193132
-0.00194804
-0.00195341
-0.00194658
-0.00192102
-0.00186622
-0.00176722
-0.00160289
-0.00134374
-0.000948933
-0.000363861
0.000478428
0.0016537
0.00325388
0.00532248
0.00777515
0.0100988
0.0117412
-0.00226608
-0.00237242
-0.00238742
-0.00242113
-0.00245429
-0.00248837
-0.0025187
-0.0025367
-0.00252936
-0.00247753
-0.00235317
-0.00211499
-0.00170156
-0.00102545
2.45382e-05
0.00159899
0.00394542
0.00730779
0.0111757
0.014761
-0.00275462
-0.00287394
-0.00288975
-0.00293731
-0.00299718
-0.00307486
-0.00316918
-0.00327523
-0.00338463
-0.0034849
-0.00355728
-0.00357325
-0.00348896
-0.00323778
-0.00273354
-0.0018771
-0.000232405
0.00325337
0.00855834
0.0153178
-0.00329754
-0.00341865
-0.00341852
-0.00346979
-0.00355415
-0.00367915
-0.00384491
-0.00405052
-0.00429541
-0.0045787
-0.00490008
-0.00526121
-0.00567165
-0.0061672
-0.00688112
-0.00801592
-0.00926187
-0.00785968
-0.00252257
0.00840543
-0.00393041
-0.00407582
-0.00404913
-0.00410071
-0.00418941
-0.00433777
-0.00455425
-0.00484679
-0.00522479
-0.0057025
-0.00630652
-0.00708518
-0.00813942
-0.00967165
-0.0121782
-0.0163855
-0.0228807
-0.0249113
-0.0205122
-0.00467473
-0.00473639
-0.00466744
-0.00454002
-0.0045089
-0.00459444
-0.00479266
-0.00509677
-0.00550521
-0.00602933
-0.00669304
-0.00754719
-0.00868505
-0.0103138
-0.0127606
-0.0169315
-0.0235244
-0.034654
-0.0399226
-0.0375518
-0.0153495
-0.00522957
-0.00568524
-0.00543513
-0.00548717
-0.00551121
-0.00564855
-0.00590755
-0.00630697
-0.00686558
-0.00760628
-0.0085896
-0.0099089
-0.0118515
-0.0147025
-0.0198203
-0.0267767
-0.0401087
-0.0455703
-0.043554
-0.00938723
-0.00865235
-0.00610687
-0.00554535
-0.00504322
-0.00505244
-0.00531107
-0.00575806
-0.00633676
-0.00705933
-0.00792126
-0.00900856
-0.0103538
-0.0123421
-0.0150418
-0.0198758
-0.0264112
-0.036357
-0.0389142
-0.0299243
0.0209086
-0.00527022
-0.00827081
-0.00736896
-0.00752793
-0.00721875
-0.0071158
-0.00719453
-0.00747759
-0.00799623
-0.00867885
-0.00962661
-0.0107844
-0.012598
-0.0150745
-0.0195914
-0.0250347
-0.0322027
-0.02547
-0.000367176
0.0822182
-0.0303901
-0.00531281
-0.00409292
-0.00346188
-0.00337743
-0.00373885
-0.00442911
-0.00517747
-0.00613098
-0.00710849
-0.00838387
-0.00983358
-0.0118564
-0.0142503
-0.0173056
-0.0182039
-0.014282
0.0144649
0.0821666
0.21922
3.40067e-05
7.23729e-06
3.77852e-05
9.95583e-05
0.000199769
0.000338564
0.000516633
0.000734588
0.000992218
0.00128793
0.00161812
0.00197654
0.00235356
0.00273567
0.00310542
0.00344203
0.00372238
0.00392311
0.00404088
0.00402208
6.21286e-05
3.4314e-05
6.77964e-05
0.000128383
0.000225243
0.000359089
0.000531093
0.000742261
0.000992742
0.00128136
0.00160498
0.00195755
0.00233055
0.00271056
0.00308031
0.00341892
0.00370267
0.00390779
0.00403264
0.00401242
2.918e-05
-4.71927e-06
2.74519e-05
8.53929e-05
0.000179278
0.00030997
0.000479102
0.000688312
0.000938518
0.0012294
0.00155871
0.00192184
0.0023103
0.00271095
0.00310577
0.00347206
0.00378266
0.00400886
0.00414769
0.00412022
-4.21262e-05
-8.04952e-05
-5.01823e-05
4.31034e-06
9.42432e-05
0.000220808
0.000386353
0.000593482
0.000844294
0.00113987
0.00147946
0.00185959
0.00227394
0.00270944
0.00314718
0.00356124
0.00391888
0.00418314
0.00434772
0.00431612
-0.000158852
-0.000201791
-0.000174122
-0.000123949
-3.88626e-05
8.27649e-05
0.000244191
0.000449274
0.00070173
0.00100462
0.0013595
0.0017651
0.00221687
0.00270328
0.00320474
0.0036916
0.0041232
0.00444906
0.00465585
0.00462212
-0.00032057
-0.000368774
-0.000344597
-0.000300001
-0.000221353
-0.000106525
4.88064e-05
0.000250011
0.000502831
0.000812968
0.00118521
0.00162224
0.00212091
0.00267487
0.00326424
0.00385534
0.00439715
0.00481909
0.00509328
0.005062
-0.000526997
-0.000581516
-0.000561873
-0.000524664
-0.000454951
-0.00035013
-0.000204736
-1.1695e-05
0.000237125
0.000550673
0.000937965
0.00140646
0.00196013
0.00259715
0.00330086
0.0040353
0.00473735
0.00530877
0.00569148
0.00567646
-0.000778185
-0.000840332
-0.000826475
-0.000799
-0.000741646
-0.000651484
-0.000521979
-0.000344331
-0.000107801
0.000200354
0.000594483
0.00108929
0.00169739
0.00242773
0.00327147
0.00419565
0.00512621
0.00593093
0.00649244
0.0065337
-0.00107415
-0.00114539
-0.00113862
-0.00112359
-0.00108281
-0.00101335
-0.000907904
-0.0007562
-0.000544995
-0.00025754
0.00012668
0.000631135
0.00127836
0.00210142
0.00310205
0.00426364
0.00551114
0.00667875
0.00754642
0.00775222
-0.00141486
-0.00149667
-0.00149801
-0.00149813
-0.00147852
-0.00143685
-0.00136564
-0.00125379
-0.00108624
-0.000842768
-0.000496619
-1.29987e-05
0.000651676
0.00152833
0.00267054
0.00409666
0.0057596
0.00748557
0.00890339
0.00954458
-0.0018004
-0.00189414
-0.00190367
-0.00192093
-0.00192679
-0.00192029
-0.00189472
-0.00183936
-0.00173889
-0.00157165
-0.00130738
-0.000904067
-0.000305196
0.000558959
0.00176794
0.00341457
0.00555119
0.00809621
0.0105159
0.0121665
-0.00223163
-0.00233808
-0.00235378
-0.00238843
-0.00242262
-0.00245775
-0.00248903
-0.00250772
-0.00250057
-0.00244809
-0.00232167
-0.0020791
-0.0016571
-0.000964213
0.000116044
0.00172458
0.00414312
0.00763741
0.0116775
0.0152667
-0.00271216
-0.00283161
-0.00284845
-0.00289748
-0.00295904
-0.00303868
-0.00313518
-0.00324361
-0.00335554
-0.00345849
-0.00353374
-0.0035528
-0.00347191
-0.00322482
-0.00272645
-0.00185852
-0.000184014
0.00344906
0.00903219
0.0158109
-0.00324482
-0.00336602
-0.00336727
-0.00342056
-0.00350739
-0.0036354
-0.0038048
-0.00401476
-0.00426498
-0.00455502
-0.00488542
-0.00525935
-0.00568915
-0.0062155
-0.00698233
-0.00820455
-0.00958688
-0.00812625
-0.00236371
0.00866284
-0.00386568
-0.00401129
-0.00398626
-0.00404053
-0.00413244
-0.00428478
-0.00450619
-0.00480493
-0.00519099
-0.00567961
-0.00629929
-0.00710158
-0.00819424
-0.00979083
-0.0124189
-0.0168543
-0.023749
-0.025924
-0.021001
-0.00485964
-0.00465502
-0.00458638
-0.00446113
-0.00443317
-0.00452239
-0.00472547
-0.00503584
-0.00545232
-0.00598695
-0.00666482
-0.0075395
-0.00870926
-0.0103931
-0.0129324
-0.0172962
-0.0242193
-0.0360123
-0.0415679
-0.0386097
-0.0158287
-0.00513857
-0.00559491
-0.00534366
-0.00539872
-0.00542564
-0.00556745
-0.00583249
-0.00624001
-0.00680967
-0.00756524
-0.00857038
-0.00992233
-0.0119244
-0.0148643
-0.020191
-0.0273949
-0.0414948
-0.0470693
-0.0442949
-0.00965344
-0.00852924
-0.00598892
-0.00543238
-0.00493442
-0.00494593
-0.00520813
-0.00566075
-0.00624771
-0.00698187
-0.00785866
-0.00896757
-0.0103415
-0.012385
-0.0151475
-0.0201339
-0.0268709
-0.0371673
-0.0397422
-0.0299269
0.0213206
-0.00518909
-0.00818312
-0.0072633
-0.00741964
-0.00710574
-0.00700166
-0.00708144
-0.00736926
-0.00789709
-0.00859168
-0.00955801
-0.0107403
-0.0125996
-0.0151245
-0.0197437
-0.0252767
-0.0325545
-0.0256158
0.00038466
0.0833314
-0.0302698
-0.00519405
-0.00396706
-0.00332991
-0.0032431
-0.00360523
-0.00430018
-0.00505547
-0.00602142
-0.00701321
-0.00831159
-0.00978838
-0.011856
-0.014302
-0.0174308
-0.0183777
-0.0144144
0.0146425
0.08317
0.220535
3.96336e-05
1.29111e-05
4.35375e-05
0.000105468
0.000205973
0.000345243
0.000524012
0.000742942
0.00100187
0.00129923
0.00163148
0.00199232
0.00237212
0.00275726
0.00313012
0.00346974
0.00375271
0.00395542
0.00407442
0.00405576
6.78915e-05
4.00978e-05
7.36565e-05
0.000134404
0.000231569
0.000365902
0.000538625
0.000750793
0.00100261
0.00129294
0.0016187
0.00197382
0.00234972
0.00273292
0.003106
0.00344786
0.00373447
0.00394178
0.00406802
0.00404805
3.54274e-05
1.55086e-06
3.37996e-05
9.19065e-05
0.000186108
0.000317311
0.000487202
0.000697482
0.000949133
0.0012419
0.00157357
0.00193958
0.00233139
0.00273577
0.00313458
0.0035048
0.00381896
0.00404794
0.00418855
0.0041614
-3.51319e-05
-7.34755e-05
-4.30834e-05
1.15815e-05
0.000101849
0.000228959
0.000395325
0.000603629
0.000856058
0.00115378
0.00149613
0.0018797
0.00229807
0.00273822
0.00318102
0.00360023
0.00396265
0.0042307
0.00439779
0.00436663
-0.000150871
-0.00019378
-0.000166031
-0.00011568
-3.02403e-05
9.19731e-05
0.000254298
0.000460692
0.000714982
0.00102037
0.00137854
0.00178838
0.00224511
0.00273746
0.00324561
0.00373949
0.00417778
0.0045091
0.00471956
0.00468648
-0.00031135
-0.000359517
-0.000335265
-0.000290493
-0.000211479
-9.60299e-05
6.02757e-05
0.00026293
0.00051782
0.00083082
0.0012069
0.00164889
0.00215401
0.00271574
0.00331408
0.00391487
0.00446626
0.00489626
0.005176
0.00514571
-0.000516251
-0.000570726
-0.000551024
-0.000513655
-0.000443587
-0.000338137
-0.000191722
2.87806e-06
0.000253986
0.000570784
0.000962568
0.00143709
0.0019987
0.00264566
0.00336126
0.00410909
0.0048249
0.00540839
0.00579963
0.00578616
-0.000765561
-0.000827656
-0.000813777
-0.000786188
-0.00072853
-0.000637784
-0.000507283
-0.00032805
-8.91122e-05
0.000222574
0.000621736
0.00112353
0.00174117
0.0024839
0.00334311
0.0042855
0.00523571
0.00605867
0.00663355
0.00667724
-0.00105921
-0.00113038
-0.00112365
-0.0011086
-0.00106763
-0.000997716
-0.000891418
-0.000738257
-0.000524723
-0.000233702
0.000155812
0.000667923
0.00132589
0.00216369
0.00318372
0.00436939
0.00564454
0.00683971
0.00772884
0.00793853
-0.00139701
-0.00147875
-0.00148023
-0.00148048
-0.00146088
-0.00141901
-0.00134725
-0.00123431
-0.00106483
-0.000818186
-0.000467066
2.41212e-05
0.000700001
0.00159272
0.00275782
0.00421413
0.00591472
0.00768225
0.00913537
0.00978292
-0.0017789
-0.00187257
-0.00188238
-0.00189999
-0.00190615
-0.00189984
-0.00187424
-0.00181845
-0.00171688
-0.00154751
-0.00127951
-0.000869992
-0.000261134
0.00061854
0.00185068
0.00353132
0.00571568
0.00832264
0.010804
0.0124593
-0.00220555
-0.0023119
-0.00232807
-0.00236335
-0.00239824
-0.00243411
-0.0024661
-0.00248533
-0.00247843
-0.00242563
-0.00229793
-0.00205244
-0.00162468
-0.000920944
0.000177808
0.00181388
0.00428331
0.00786497
0.012015
0.0156075
-0.00268035
-0.00279967
-0.00281722
-0.00286722
-0.00292996
-0.00301099
-0.00310912
-0.00321939
-0.00333338
-0.00343863
-0.0035164
-0.00353818
-0.00345998
-0.00321497
-0.00271664
-0.0018407
-0.000139391
0.00359855
0.00936138
0.0161565
-0.00320591
-0.0033269
-0.00332909
-0.00338369
-0.0034722
-0.00360234
-0.00377437
-0.00398764
-0.00424204
-0.00453749
-0.00487514
-0.0052591
-0.00570332
-0.00625104
-0.00705187
-0.00832755
-0.00978356
-0.00826189
-0.00222039
0.00887829
-0.00381884
-0.00396426
-0.00394029
-0.00399621
-0.00409018
-0.00424521
-0.00447012
-0.00477346
-0.00516571
-0.00566289
-0.00629486
-0.00711531
-0.00823635
-0.00987807
-0.0125876
-0.0171687
-0.024305
-0.0265532
-0.0212706
-0.00492053
-0.00459745
-0.00452859
-0.0044047
-0.00437864
-0.00447019
-0.0046764
-0.004991
-0.00541322
-0.0059557
-0.00664455
-0.00753535
-0.00872986
-0.0104551
-0.013061
-0.0175581
-0.0247064
-0.0369379
-0.0426938
-0.0393174
-0.0161801
-0.00507666
-0.00553267
-0.00528053
-0.00533694
-0.00536526
-0.00550956
-0.00577827
-0.00619122
-0.00676884
-0.0075359
-0.00855847
-0.00993652
-0.011985
-0.0149921
-0.0204695
-0.0278516
-0.0425078
-0.0482161
-0.0448983
-0.00994612
-0.00844733
-0.00590935
-0.00535621
-0.00486043
-0.00487305
-0.00513697
-0.00559266
-0.00618462
-0.00692665
-0.00781471
-0.00894158
-0.010339
-0.0124279
-0.0152409
-0.020347
-0.0272487
-0.0378267
-0.0404727
-0.0301111
0.0214371
-0.00513896
-0.00812662
-0.00719553
-0.00734918
-0.00703139
-0.0069255
-0.00700458
-0.00729447
-0.0078278
-0.00853154
-0.00951695
-0.0107155
-0.0126116
-0.0151783
-0.019879
-0.0254924
-0.0328707
-0.0258452
0.000743136
0.0839402
-0.0301943
-0.00512095
-0.00388961
-0.00324781
-0.00315806
-0.00351864
-0.00421473
-0.00497285
-0.00594631
-0.00694791
-0.00826439
-0.00976271
-0.0118668
-0.0143578
-0.0175488
-0.0185471
-0.0145835
0.0146453
0.0837065
0.221282
4.3564e-05
1.68935e-05
4.75925e-05
0.000109657
0.000210392
0.000350015
0.000529295
0.000748926
0.00100878
0.00130732
0.00164101
0.00200357
0.00238532
0.00277258
0.00314764
0.00348937
0.00377421
0.00397835
0.00409825
0.00407973
7.18928e-05
4.41337e-05
7.77634e-05
0.000138649
0.000236052
0.00037075
0.000543999
0.00075689
0.00100966
0.00130122
0.00162848
0.0019854
0.00236334
0.0027488
0.00312422
0.00346836
0.003757
0.00396587
0.00409312
0.00407336
3.97379e-05
5.89866e-06
3.82203e-05
9.64699e-05
0.000190919
0.000322506
0.000492954
0.000704008
0.000956695
0.0012508
0.00158415
0.00195218
0.00234635
0.00275335
0.00315494
0.00352793
0.00384459
0.00407552
0.00421742
0.00419054
-3.03349e-05
-6.86378e-05
-3.81711e-05
1.66428e-05
0.000107172
0.000234692
0.000401662
0.000610817
0.000864402
0.00116365
0.00150795
0.00189392
0.00231512
0.0027585
0.00320483
0.00362762
0.00399336
0.00426406
0.00443293
0.00440213
-0.000145418
-0.00018828
-0.000160456
-0.000109951
-2.4235e-05
9.84178e-05
0.000261401
0.000468739
0.000724338
0.00103148
0.00139197
0.00180477
0.00226495
0.00276141
0.00327418
0.00377288
0.00421578
0.00455086
0.00476386
0.0047313
-0.000305064
-0.000353178
-0.000328854
-0.000283928
-0.000204629
-8.87171e-05
6.82981e-05
0.000271991
0.000528349
0.000843365
0.00122213
0.0016676
0.00217713
0.00274419
0.00334864
0.00395603
0.00451391
0.00494937
0.00523286
0.00520333
-0.000508934
-0.000563349
-0.000543586
-0.000506075
-0.000435731
-0.000329813
-0.00018266
1.30488e-05
0.000265766
0.000584832
0.000979726
0.00145838
0.00202542
0.00267913
0.00340277
0.00415957
0.00488455
0.00547606
0.00587295
0.00586059
-0.000756977
-0.000819003
-0.000805087
-0.000777389
-0.000719491
-0.000628313
-0.000497096
-0.000316745
-7.61299e-05
0.000237994
0.000640602
0.00114714
0.00177123
0.00252228
0.00339181
0.00434624
0.00530932
0.0061441
0.00672759
0.00677297
-0.00104906
-0.00112015
-0.00111344
-0.00109834
-0.0010572
-0.000986953
-0.000880044
-0.000725865
-0.000510726
-0.000217272
0.000175824
0.000693066
0.00135816
0.00220576
0.00323855
0.00443991
0.00573283
0.0069454
0.00784788
0.0080601
-0.00138492
-0.00146658
-0.00146813
-0.00146843
-0.00144881
-0.00140678
-0.00133463
-0.00122092
-0.00105013
-0.000801363
-0.000446926
4.92865e-05
0.000732576
0.0016357
0.00281557
0.00429124
0.00601554
0.00780858
0.00928279
0.00993426
-0.0017644
-0.00185797
-0.00186795
-0.00188575
-0.00189209
-0.00188589
-0.00186025
-0.00180416
-0.00170187
-0.00153112
-0.00126069
-0.000847155
-0.00023186
0.000657736
0.00190443
0.00360672
0.00582072
0.00846478
0.0109818
0.0126404
-0.00218806
-0.00229429
-0.00231075
-0.00234641
-0.00238174
-0.00241807
-0.00245052
-0.00247014
-0.00246344
-0.00241051
-0.00228209
-0.00203483
-0.00160352
-0.000893138
0.00021707
0.00187097
0.00437204
0.00800544
0.0122186
0.0158149
-0.00265919
-0.00277836
-0.00279634
-0.00284692
-0.00291041
-0.00299234
-0.00309154
-0.00320306
-0.00331849
-0.00342539
-0.00350501
-0.00352873
-0.00345234
-0.00320843
-0.0027092
-0.00182696
-0.00010591
0.00369706
0.00956612
0.0163748
-0.00318031
-0.00330107
-0.00330383
-0.00335923
-0.00344878
-0.00358026
-0.00375403
-0.0039695
-0.00422676
-0.00452596
-0.0048686
-0.00525935
-0.00571295
-0.00627381
-0.00709418
-0.00839856
-0.00988926
-0.00832132
-0.00211416
0.00903492
-0.00378845
-0.00393364
-0.00391029
-0.00396715
-0.00406236
-0.00421906
-0.0044462
-0.00475258
-0.005149
-0.00565202
-0.00629233
-0.00712492
-0.00826431
-0.00993407
-0.0126921
-0.0173567
-0.0246245
-0.0269068
-0.0214033
-0.00492145
-0.00456071
-0.00449155
-0.00436844
-0.00434345
-0.00443637
-0.00464449
-0.00496173
-0.00538765
-0.00593534
-0.0066316
-0.00753334
-0.0087445
-0.010497
-0.0131453
-0.0177241
-0.0250098
-0.0375005
-0.0433819
-0.0397403
-0.0163791
-0.00503801
-0.00549357
-0.00524088
-0.00529788
-0.00532687
-0.00547253
-0.00574339
-0.0061597
-0.00674248
-0.00751726
-0.00855174
-0.00994781
-0.0120276
-0.015079
-0.0206518
-0.0281491
-0.0431547
-0.048972
-0.0453114
-0.0101589
-0.00839731
-0.00586031
-0.00530924
-0.00481454
-0.0048277
-0.00509246
-0.0055498
-0.00614469
-0.00689162
-0.00778703
-0.00892576
-0.0103404
-0.0124611
-0.0153089
-0.0204957
-0.0275123
-0.0382809
-0.0410001
-0.0303027
0.021444
-0.00510871
-0.00809205
-0.00715466
-0.00730649
-0.0069862
-0.00687895
-0.00695721
-0.00724803
-0.00778441
-0.00849349
-0.00948771
-0.0107023
-0.0126244
-0.0152218
-0.0199775
-0.025651
-0.0331008
-0.0260542
0.000898939
0.0842563
-0.0301496
-0.00507828
-0.0038446
-0.00319995
-0.00310805
-0.00346704
-0.00416312
-0.00492229
-0.00589981
-0.00690742
-0.00823518
-0.00974954
-0.0118787
-0.0144027
-0.0176371
-0.0186788
-0.0147225
0.0145894
0.0839835
0.221687
4.55654e-05
1.89265e-05
4.96692e-05
0.000111811
0.000212673
0.000352485
0.000532036
0.000752036
0.00101237
0.00131153
0.00164597
0.00200941
0.00239217
0.00278053
0.00315672
0.00349954
0.00378534
0.00399022
0.0041106
0.00409216
7.3926e-05
4.61897e-05
7.98624e-05
0.000140827
0.000238361
0.000373255
0.000546783
0.000760055
0.00101333
0.00130552
0.00163356
0.00199141
0.00237041
0.00275702
0.00313365
0.00347897
0.00376866
0.00397834
0.00410612
0.00408649
4.19234e-05
8.10869e-06
4.04742e-05
9.88061e-05
0.000193392
0.000325185
0.000495929
0.00070739
0.000960617
0.00125542
0.00158964
0.00195872
0.00235409
0.00276245
0.00316546
0.00353987
0.00385782
0.00408977
0.00423234
0.0042056
-2.79074e-05
-6.6184e-05
-3.56725e-05
1.92273e-05
0.0001099
0.00023764
0.00040493
0.000614532
0.00086872
0.00116876
0.00151406
0.00190127
0.00232393
0.00276897
0.0032171
0.00364172
0.00400916
0.00428123
0.004451
0.0044204
-0.000142661
-0.000185494
-0.000157625
-0.000107031
-2.11635e-05
0.000101724
0.000265056
0.000472888
0.000729167
0.00103722
0.0013989
0.00181321
0.00227517
0.00277373
0.00328884
0.00379
0.00423524
0.00457222
0.00478652
0.00475424
-0.000301888
-0.000349968
-0.000325601
-0.000280585
-0.000201132
-8.49725e-05
7.24162e-05
0.000276651
0.000533769
0.000849826
0.00122997
0.00167722
0.002189
0.00275876
0.0033663
0.00397702
0.00453816
0.00497636
0.00526174
0.00523261
-0.000505237
-0.000559615
-0.000539814
-0.00050222
-0.000431725
-0.000325559
-0.00017802
1.82646e-05
0.000271812
0.000592041
0.000988521
0.00146927
0.00203907
0.00269618
0.00342385
0.00418515
0.00491469
0.00551018
0.00590986
0.00589808
-0.000752641
-0.000814624
-0.000800684
-0.00077292
-0.00071489
-0.000623483
-0.000491892
-0.000310965
-6.94893e-05
0.000245877
0.000650232
0.00115917
0.00178649
0.00254172
0.00341639
0.00437678
0.00534619
0.00618674
0.00677442
0.00682066
-0.00104393
-0.00111498
-0.00110826
-0.00109313
-0.0010519
-0.000981476
-0.000874249
-0.000719547
-0.000503592
-0.000208907
0.000185992
0.000705802
0.00137443
0.00222691
0.00326601
0.00447506
0.0057766
0.00699751
0.00790633
0.0081198
-0.00137883
-0.00146043
-0.00146202
-0.00146233
-0.00144269
-0.00140057
-0.00132821
-0.00121412
-0.00104267
-0.000792833
-0.00043674
6.19684e-05
0.000748932
0.00165714
0.00284424
0.0043293
0.00606494
0.00786999
0.00935394
0.0100073
-0.00175711
-0.00185061
-0.00186067
-0.00187856
-0.00188498
-0.00187883
-0.00185317
-0.00179693
-0.00169429
-0.00152285
-0.00125123
-0.000835721
-0.000217293
0.000677054
0.00193086
0.00364356
0.00587157
0.00853277
0.0110658
0.0127262
-0.00217929
-0.00228545
-0.00230205
-0.00233788
-0.00237342
-0.00240999
-0.00244266
-0.00246248
-0.00245589
-0.00240292
-0.00227417
-0.00202607
-0.00159306
-0.000879418
0.000236279
0.00189868
0.00441466
0.00807173
0.0123131
0.015912
-0.00264863
-0.00276771
-0.0027859
-0.00283676
-0.0029006
-0.00298297
-0.0030827
-0.00319485
-0.00331103
-0.00341878
-0.00349936
-0.00352408
-0.0034486
-0.00320517
-0.00270541
-0.00181966
-8.83933e-05
0.00374502
0.00966244
0.0164788
-0.00316763
-0.00328826
-0.00329128
-0.00334705
-0.0034371
-0.00356924
-0.00374386
-0.00396044
-0.00421914
-0.00452025
-0.00486542
-0.00525956
-0.00571775
-0.00628484
-0.00711411
-0.00843093
-0.00993523
-0.00834352
-0.00205998
0.00911448
-0.00377351
-0.00391856
-0.0038955
-0.00395279
-0.00404858
-0.00420608
-0.00443432
-0.0047422
-0.00514072
-0.00564668
-0.0062912
-0.00712982
-0.00827817
-0.00996124
-0.0127418
-0.0174441
-0.0247691
-0.0270654
-0.0214584
-0.00491414
-0.00454282
-0.00447347
-0.00435072
-0.00432623
-0.00441979
-0.00462881
-0.00494733
-0.00537506
-0.00592534
-0.00662533
-0.00753257
-0.00875205
-0.0105179
-0.0131866
-0.017804
-0.0251544
-0.0377644
-0.0437067
-0.0399387
-0.0164727
-0.0050194
-0.0054747
-0.00522176
-0.00527898
-0.00530823
-0.0054545
-0.00572637
-0.00614431
-0.00672964
-0.00750828
-0.00854878
-0.00995398
-0.0120495
-0.0151227
-0.0207414
-0.0282951
-0.0434662
-0.0493451
-0.0455209
-0.0102756
-0.00837358
-0.00583694
-0.00528684
-0.00479259
-0.00480598
-0.00507108
-0.00552915
-0.00612542
-0.00687472
-0.00777379
-0.00891855
-0.010342
-0.0124791
-0.0153443
-0.0205716
-0.0276463
-0.0385097
-0.0412728
-0.0304197
0.0214231
-0.00509426
-0.0080755
-0.00713533
-0.00728628
-0.00696481
-0.00685687
-0.00693469
-0.00722588
-0.00776365
-0.00847535
-0.00947448
-0.0106969
-0.0126323
-0.0152456
-0.0200293
-0.0257343
-0.033221
-0.0261738
0.000949021
0.0843861
-0.0301287
-0.00505846
-0.00382378
-0.00317781
-0.00308485
-0.00344296
-0.00413887
-0.00489836
-0.00587767
-0.00688818
-0.00822156
-0.00974417
-0.0118862
-0.0144273
-0.0176844
-0.0187492
-0.0147995
0.0145459
0.0840941
0.221863
4.55188e-05
1.88818e-05
4.9628e-05
0.000111774
0.00021264
0.000352458
0.000532012
0.000752015
0.00101235
0.00131151
0.00164595
0.0020094
0.00239216
0.00278052
0.00315671
0.00349953
0.00378533
0.00399022
0.00411059
0.00409215
7.38812e-05
4.61468e-05
7.98228e-05
0.000140792
0.00023833
0.000373228
0.00054676
0.000760035
0.00101331
0.0013055
0.00163355
0.0019914
0.0023704
0.00275701
0.00313364
0.00347896
0.00376865
0.00397833
0.00410611
0.00408648
4.18816e-05
8.06861e-06
4.04371e-05
9.87728e-05
0.000193363
0.000325159
0.000495906
0.00070737
0.000960601
0.0012554
0.00158962
0.00195871
0.00235408
0.00276244
0.00316545
0.00353986
0.00385781
0.00408976
0.00423233
0.00420559
-2.79454e-05
-6.62206e-05
-3.57065e-05
1.91966e-05
0.000109873
0.000237616
0.000404909
0.000614513
0.000868705
0.00116874
0.00151405
0.00190126
0.00232392
0.00276896
0.00321708
0.00364171
0.00400915
0.00428122
0.00445099
0.00442039
-0.000142695
-0.000185527
-0.000157655
-0.000107058
-2.11884e-05
0.000101702
0.000265036
0.000472871
0.000729153
0.00103721
0.00139889
0.00181321
0.00227516
0.00277372
0.00328883
0.00378999
0.00423522
0.00457221
0.00478651
0.00475423
-0.000301918
-0.000349998
-0.000325629
-0.000280611
-0.000201155
-8.49929e-05
7.23983e-05
0.000276635
0.000533755
0.000849814
0.00122996
0.00167721
0.00218899
0.00275875
0.00336629
0.00397701
0.00453815
0.00497635
0.00526173
0.0052326
-0.000505264
-0.000559641
-0.000539839
-0.000502243
-0.000431746
-0.000325578
-0.000178037
1.82495e-05
0.000271798
0.00059203
0.00098851
0.00146926
0.00203906
0.00269617
0.00342384
0.00418514
0.00491468
0.00551017
0.00590986
0.00589808
-0.000752664
-0.000814647
-0.000800706
-0.000772941
-0.000714908
-0.000623499
-0.000491908
-0.000310979
-6.95027e-05
0.000245865
0.000650222
0.00115916
0.00178649
0.00254171
0.00341638
0.00437677
0.00534618
0.00618673
0.00677441
0.00682065
-0.00104396
-0.001115
-0.00110828
-0.00109315
-0.00105192
-0.000981492
-0.000874264
-0.000719562
-0.000503606
-0.000208919
0.00018598
0.000705793
0.00137442
0.0022269
0.003266
0.00447505
0.00577659
0.0069975
0.00790632
0.00811979
-0.00137885
-0.00146045
-0.00146203
-0.00146235
-0.0014427
-0.00140059
-0.00132823
-0.00121414
-0.00104268
-0.000792846
-0.00043675
6.19588e-05
0.000748923
0.00165713
0.00284423
0.00432929
0.00606493
0.00786998
0.00935393
0.0100073
-0.00175713
-0.00185063
-0.00186069
-0.00187858
-0.001885
-0.00187884
-0.00185318
-0.00179694
-0.0016943
-0.00152286
-0.00125124
-0.000835732
-0.000217302
0.000677046
0.00193085
0.00364355
0.00587156
0.00853276
0.0110658
0.0127262
-0.00217931
-0.00228546
-0.00230206
-0.00233789
-0.00237343
-0.00241
-0.00244267
-0.00246249
-0.00245591
-0.00240293
-0.00227418
-0.00202609
-0.00159307
-0.000879428
0.000236268
0.00189867
0.00441465
0.00807171
0.0123131
0.015912
-0.00264865
-0.00276772
-0.00278591
-0.00283677
-0.00290061
-0.00298298
-0.00308271
-0.00319486
-0.00331104
-0.00341879
-0.00349937
-0.00352409
-0.00344861
-0.00320519
-0.00270542
-0.00181967
-8.84057e-05
0.00374501
0.00966243
0.0164788
-0.00316764
-0.00328827
-0.00329129
-0.00334706
-0.00343711
-0.00356925
-0.00374387
-0.00396045
-0.00421915
-0.00452026
-0.00486543
-0.00525958
-0.00571777
-0.00628486
-0.00711412
-0.00843094
-0.00993524
-0.00834353
-0.00206
0.00911447
-0.00377352
-0.00391857
-0.00389551
-0.0039528
-0.00404859
-0.00420609
-0.00443433
-0.00474221
-0.00514073
-0.00564669
-0.00629121
-0.00712983
-0.00827819
-0.00996125
-0.0127418
-0.0174441
-0.0247691
-0.0270654
-0.0214585
-0.00491416
-0.00454283
-0.00447348
-0.00435073
-0.00432624
-0.0044198
-0.00462882
-0.00494733
-0.00537506
-0.00592535
-0.00662533
-0.00753258
-0.00875206
-0.0105179
-0.0131866
-0.017804
-0.0251544
-0.0377644
-0.0437067
-0.0399387
-0.0164727
-0.00501941
-0.00547471
-0.00522177
-0.00527898
-0.00530824
-0.00545451
-0.00572638
-0.00614432
-0.00672965
-0.00750829
-0.00854879
-0.00995399
-0.0120495
-0.0151227
-0.0207414
-0.0282951
-0.0434662
-0.0493451
-0.0455209
-0.0102757
-0.00837359
-0.00583694
-0.00528685
-0.0047926
-0.00480599
-0.00507109
-0.00552916
-0.00612542
-0.00687473
-0.0077738
-0.00891856
-0.010342
-0.0124791
-0.0153443
-0.0205716
-0.0276463
-0.0385097
-0.0412728
-0.0304197
0.0214231
-0.00509427
-0.00807551
-0.00713533
-0.00728628
-0.00696482
-0.00685688
-0.0069347
-0.00722589
-0.00776366
-0.00847536
-0.00947449
-0.0106969
-0.0126323
-0.0152457
-0.0200293
-0.0257343
-0.033221
-0.0261738
0.000949009
0.0843861
-0.0301287
-0.00505847
-0.00382379
-0.00317782
-0.00308486
-0.00344296
-0.00413888
-0.00489837
-0.00587768
-0.00688819
-0.00822157
-0.00974418
-0.0118862
-0.0144273
-0.0176845
-0.0187492
-0.0147995
0.0145459
0.0840941
0.221863
4.3421e-05
1.67565e-05
4.74665e-05
0.000109544
0.000210294
0.00034993
0.000529222
0.000748864
0.00100873
0.00130728
0.00164097
0.00200353
0.00238529
0.00277255
0.00314761
0.00348935
0.00377418
0.00397832
0.00409823
0.0040797
7.17553e-05
4.4002e-05
7.76422e-05
0.00013854
0.000235956
0.000370667
0.000543928
0.00075683
0.00100961
0.00130117
0.00162844
0.00198536
0.00236331
0.00274876
0.00312419
0.00346833
0.00375697
0.00396584
0.00409309
0.00407334
3.961e-05
5.77607e-06
3.81068e-05
9.63678e-05
0.000190829
0.000322427
0.000492886
0.00070395
0.000956646
0.00125076
0.00158411
0.00195215
0.00234632
0.00275332
0.00315491
0.0035279
0.00384456
0.00407549
0.00421739
0.00419051
-3.04507e-05
-6.87494e-05
-3.82751e-05
1.65488e-05
0.000107089
0.000234619
0.000401598
0.000610762
0.000864356
0.00116361
0.00150792
0.00189389
0.00231509
0.00275847
0.00320479
0.00362759
0.00399333
0.00426403
0.0044329
0.0044021
-0.000145521
-0.00018838
-0.00016055
-0.000110036
-2.43109e-05
9.83504e-05
0.000261342
0.000468689
0.000724296
0.00103145
0.00139194
0.00180474
0.00226492
0.00276138
0.00327415
0.00377285
0.00421575
0.00455083
0.00476383
0.00473128
-0.000305156
-0.000353267
-0.000328938
-0.000284004
-0.000204698
-8.87784e-05
6.82445e-05
0.000271944
0.000528308
0.00084333
0.0012221
0.00166757
0.0021771
0.00274416
0.00334861
0.003956
0.00451388
0.00494934
0.00523284
0.0052033
-0.000509015
-0.000563427
-0.00054366
-0.000506143
-0.000435792
-0.000329868
-0.00018271
1.30041e-05
0.000265726
0.000584797
0.000979692
0.00145835
0.00202539
0.0026791
0.00340274
0.00415955
0.00488453
0.00547604
0.00587293
0.00586057
-0.000757047
-0.000819071
-0.000805153
-0.00077745
-0.000719546
-0.000628363
-0.000497142
-0.000316788
-7.61695e-05
0.000237958
0.00064057
0.00114711
0.0017712
0.00252225
0.00339178
0.00434622
0.00530929
0.00614407
0.00672756
0.00677294
-0.00104912
-0.00112021
-0.00111349
-0.00109839
-0.00105725
-0.000987
-0.000880088
-0.000725907
-0.000510766
-0.000217308
0.000175789
0.000693035
0.00135813
0.00220573
0.00323852
0.00443988
0.0057328
0.00694537
0.00784785
0.00806007
-0.00138498
-0.00146663
-0.00146818
-0.00146848
-0.00144885
-0.00140682
-0.00133467
-0.00122097
-0.00105017
-0.0008014
-0.00044696
4.92546e-05
0.000732548
0.00163567
0.00281555
0.00429122
0.00601551
0.00780855
0.00928276
0.00993423
-0.00176445
-0.00185801
-0.00186799
-0.00188579
-0.00189213
-0.00188593
-0.00186029
-0.0018042
-0.00170191
-0.00153116
-0.00126073
-0.000847188
-0.000231891
0.000657707
0.0019044
0.0036067
0.00582069
0.00846475
0.0109817
0.0126404
-0.0021881
-0.00229433
-0.00231079
-0.00234645
-0.00238177
-0.00241811
-0.00245056
-0.00247018
-0.00246348
-0.00241055
-0.00228213
-0.00203486
-0.00160355
-0.000893171
0.000217038
0.00187094
0.004372
0.0080054
0.0122185
0.0158149
-0.00265922
-0.00277839
-0.00279638
-0.00284696
-0.00291044
-0.00299237
-0.00309157
-0.00320309
-0.00331853
-0.00342543
-0.00350504
-0.00352876
-0.00345238
-0.00320847
-0.00270924
-0.00182699
-0.000105947
0.00369702
0.00956609
0.0163748
-0.00318035
-0.00330111
-0.00330386
-0.00335926
-0.00344881
-0.0035803
-0.00375406
-0.00396953
-0.00422679
-0.00452599
-0.00486864
-0.00525939
-0.00571299
-0.00627385
-0.00709422
-0.0083986
-0.0098893
-0.00832136
-0.0021142
0.00903488
-0.00378847
-0.00393367
-0.00391032
-0.00396718
-0.00406239
-0.00421909
-0.00444623
-0.00475261
-0.00514903
-0.00565205
-0.00629237
-0.00712496
-0.00826435
-0.00993411
-0.0126922
-0.0173568
-0.0246245
-0.0269069
-0.0214034
-0.00492148
-0.00456073
-0.00449157
-0.00436846
-0.00434348
-0.0044364
-0.00464452
-0.00496176
-0.00538767
-0.00593536
-0.00663163
-0.00753337
-0.00874453
-0.010497
-0.0131453
-0.0177241
-0.0250098
-0.0375006
-0.0433819
-0.0397403
-0.0163791
-0.00503803
-0.00549359
-0.00524091
-0.00529791
-0.0053269
-0.00547255
-0.00574342
-0.00615973
-0.00674251
-0.00751729
-0.00855177
-0.00994784
-0.0120277
-0.0150791
-0.0206519
-0.0281491
-0.0431548
-0.048972
-0.0453114
-0.010159
-0.00839733
-0.00586033
-0.00530926
-0.00481457
-0.00482773
-0.00509248
-0.00554983
-0.00614472
-0.00689165
-0.00778706
-0.00892578
-0.0103404
-0.0124612
-0.015309
-0.0204957
-0.0275123
-0.0382809
-0.0410001
-0.0303027
0.0214439
-0.00510873
-0.00809208
-0.00715468
-0.00730651
-0.00698623
-0.00687897
-0.00695724
-0.00724806
-0.00778444
-0.00849352
-0.00948774
-0.0107023
-0.0126245
-0.0152218
-0.0199776
-0.0256511
-0.0331008
-0.0260543
0.000898899
0.0842563
-0.0301496
-0.0050783
-0.00384463
-0.00319998
-0.00310808
-0.00346706
-0.00416315
-0.00492231
-0.00589983
-0.00690745
-0.00823521
-0.00974957
-0.0118788
-0.0144028
-0.0176371
-0.0186788
-0.0147225
0.0145894
0.0839835
0.221687
3.93835e-05
1.2672e-05
4.33183e-05
0.000105273
0.000205804
0.000345098
0.000523889
0.000742839
0.00100178
0.00129916
0.00163141
0.00199226
0.00237207
0.0027572
0.00313007
0.0034697
0.00375267
0.00395538
0.00407438
0.00405572
6.76518e-05
3.98686e-05
7.34458e-05
0.000134216
0.000231405
0.000365761
0.000538506
0.000750692
0.00100252
0.00129287
0.00161863
0.00197376
0.00234966
0.00273287
0.00310595
0.00344781
0.00373443
0.00394173
0.00406797
0.004048
3.52059e-05
1.33851e-06
3.36032e-05
9.17301e-05
0.000185953
0.000317178
0.000487088
0.000697385
0.000949051
0.00124183
0.00157351
0.00193953
0.00233134
0.00273573
0.00313453
0.00350475
0.00381891
0.00404789
0.0041885
0.00416135
-3.53312e-05
-7.36674e-05
-4.32622e-05
1.14202e-05
0.000101706
0.000228835
0.000395219
0.000603539
0.000855981
0.00115372
0.00149608
0.00187965
0.00229803
0.00273817
0.00318097
0.00360018
0.0039626
0.00423065
0.00439774
0.00436658
-0.000151047
-0.00019395
-0.00016619
-0.000115824
-3.03687e-05
9.18603e-05
0.000254201
0.000460608
0.000714911
0.0010203
0.00137849
0.00178833
0.00224506
0.00273741
0.00324556
0.00373944
0.00417774
0.00450905
0.00471951
0.00468644
-0.000311505
-0.000359667
-0.000335406
-0.000290621
-0.000211594
-9.61316e-05
6.01877e-05
0.000262853
0.000517751
0.00083076
0.00120684
0.00164884
0.00215396
0.00271569
0.00331403
0.00391483
0.00446622
0.00489622
0.00517595
0.00514567
-0.000516386
-0.000570857
-0.000551148
-0.000513769
-0.00044369
-0.000338228
-0.000191802
2.80578e-06
0.00025392
0.000570725
0.000962512
0.00143704
0.00199865
0.00264561
0.00336121
0.00410904
0.00482485
0.00540835
0.00579959
0.00578611
-0.000765678
-0.00082777
-0.000813886
-0.00078629
-0.000728622
-0.000637867
-0.000507358
-0.000328119
-8.91761e-05
0.000222515
0.000621681
0.00112348
0.00174112
0.00248385
0.00334307
0.00428545
0.00523566
0.00605862
0.0066335
0.00667719
-0.00105931
-0.00113048
-0.00112375
-0.00110869
-0.00106771
-0.000997793
-0.00089149
-0.000738324
-0.000524785
-0.00023376
0.000155757
0.000667871
0.00132585
0.00216364
0.00318367
0.00436934
0.00564449
0.00683967
0.00772879
0.00793848
-0.0013971
-0.00147884
-0.00148031
-0.00148056
-0.00146096
-0.00141908
-0.00134732
-0.00123437
-0.00106489
-0.000818245
-0.000467121
2.4071e-05
0.000699953
0.00159267
0.00275778
0.00421408
0.00591467
0.00768219
0.00913532
0.00978287
-0.00177898
-0.00187264
-0.00188245
-0.00190006
-0.00190622
-0.00189991
-0.00187431
-0.00181851
-0.00171694
-0.00154757
-0.00127957
-0.000870045
-0.000261185
0.000618491
0.00185064
0.00353127
0.00571563
0.00832259
0.010804
0.0124593
-0.00220562
-0.00231197
-0.00232814
-0.00236341
-0.0023983
-0.00243417
-0.00246616
-0.0024854
-0.00247849
-0.00242569
-0.00229799
-0.0020525
-0.00162474
-0.000920998
0.000177756
0.00181383
0.00428326
0.00786491
0.0120149
0.0156074
-0.00268041
-0.00279973
-0.00281728
-0.00286727
-0.00293001
-0.00301105
-0.00310918
-0.00321944
-0.00333344
-0.00343869
-0.00351646
-0.00353823
-0.00346003
-0.00321503
-0.0027167
-0.00184076
-0.000139451
0.00359849
0.00936133
0.0161565
-0.00320597
-0.00332695
-0.00332914
-0.00338374
-0.00347225
-0.00360239
-0.00377443
-0.00398769
-0.00424209
-0.00453755
-0.0048752
-0.00525916
-0.00570339
-0.0062511
-0.00705193
-0.00832761
-0.00978363
-0.00826195
-0.00222045
0.00887822
-0.00381889
-0.00396431
-0.00394034
-0.00399625
-0.00409022
-0.00424526
-0.00447016
-0.00477351
-0.00516576
-0.00566294
-0.00629491
-0.00711537
-0.00823641
-0.00987813
-0.0125877
-0.0171687
-0.0243051
-0.0265532
-0.0212707
-0.0049206
-0.00459749
-0.00452863
-0.00440474
-0.00437868
-0.00447023
-0.00467645
-0.00499104
-0.00541326
-0.00595575
-0.0066446
-0.0075354
-0.00872991
-0.0104552
-0.0130611
-0.0175582
-0.0247064
-0.036938
-0.0426938
-0.0393175
-0.0161801
-0.0050767
-0.0055327
-0.00528057
-0.00533698
-0.00536531
-0.00550961
-0.00577831
-0.00619126
-0.00676889
-0.00753595
-0.00855852
-0.00993657
-0.0119851
-0.0149922
-0.0204696
-0.0278517
-0.0425079
-0.0482161
-0.0448984
-0.00994619
-0.00844736
-0.00590938
-0.00535625
-0.00486047
-0.00487309
-0.00513702
-0.00559271
-0.00618467
-0.0069267
-0.00781476
-0.00894163
-0.0103391
-0.012428
-0.015241
-0.020347
-0.0272488
-0.0378268
-0.0404727
-0.0301112
0.0214371
-0.005139
-0.00812666
-0.00719556
-0.00734922
-0.00703143
-0.00692554
-0.00700463
-0.00729451
-0.00782784
-0.00853158
-0.009517
-0.0107156
-0.0126116
-0.0151784
-0.019879
-0.0254925
-0.0328708
-0.0258453
0.00074307
0.0839402
-0.0301943
-0.00512099
-0.00388965
-0.00324785
-0.0031581
-0.00351868
-0.00421478
-0.00497289
-0.00594635
-0.00694796
-0.00826444
-0.00976276
-0.0118668
-0.0143578
-0.0175489
-0.0185472
-0.0145836
0.0146452
0.0837065
0.221282
3.36287e-05
6.87805e-06
3.74582e-05
9.92702e-05
0.000199521
0.000338355
0.000516459
0.000734444
0.000992097
0.00128782
0.00161803
0.00197646
0.00235349
0.0027356
0.00310536
0.00344197
0.00372232
0.00392305
0.00404081
0.00402202
6.17686e-05
3.39714e-05
6.74833e-05
0.000128105
0.000225003
0.000358886
0.000530924
0.00074212
0.000992624
0.00128126
0.00160489
0.00195747
0.00233048
0.00271049
0.00308024
0.00341886
0.00370261
0.00390773
0.00403258
0.00401236
2.88508e-05
-5.0338e-06
2.71625e-05
8.51349e-05
0.000179053
0.000309779
0.00047894
0.000688176
0.000938404
0.00122931
0.00155863
0.00192176
0.00231024
0.00271088
0.00310571
0.00347199
0.00378259
0.0040088
0.00414762
0.00412016
-4.24185e-05
-8.07758e-05
-5.04423e-05
4.07705e-06
9.4039e-05
0.000220632
0.000386202
0.000593353
0.000844186
0.00113978
0.00147938
0.00185953
0.00227387
0.00270938
0.00314712
0.00356117
0.00391881
0.00418307
0.00434766
0.00431605
-0.000159107
-0.000202037
-0.000174351
-0.000124155
-3.90453e-05
8.26054e-05
0.000244053
0.000449157
0.000701628
0.00100453
0.00135943
0.00176503
0.0022168
0.00270321
0.00320467
0.00369153
0.00412314
0.004449
0.00465578
0.00462205
-0.000320791
-0.000368987
-0.000344796
-0.000300183
-0.000221515
-0.000106667
4.86833e-05
0.000249904
0.000502735
0.000812882
0.00118513
0.00162217
0.00212083
0.0026748
0.00326417
0.00385527
0.00439709
0.00481903
0.00509322
0.00506195
-0.000527187
-0.000581701
-0.000562047
-0.000524824
-0.000455095
-0.000350257
-0.000204846
-1.17939e-05
0.000237035
0.00055059
0.000937887
0.00140639
0.00196005
0.00259709
0.00330079
0.00403524
0.00473729
0.00530871
0.00569142
0.0056764
-0.000778349
-0.000840492
-0.000826628
-0.000799142
-0.000741775
-0.000651599
-0.000522082
-0.000344425
-0.000107888
0.000200273
0.000594406
0.00108922
0.00169732
0.00242766
0.0032714
0.00419559
0.00512615
0.00593087
0.00649238
0.00653364
-0.0010743
-0.00114552
-0.00113876
-0.00112372
-0.00108292
-0.00101345
-0.000908002
-0.00075629
-0.000545077
-0.000257618
0.000126605
0.000631064
0.0012783
0.00210136
0.00310198
0.00426357
0.00551108
0.00667868
0.00754635
0.00775215
-0.00141498
-0.00149679
-0.00149812
-0.00149824
-0.00147863
-0.00143695
-0.00136574
-0.00125388
-0.00108633
-0.000842848
-0.000496695
-1.30689e-05
0.000651609
0.00152827
0.00267048
0.0040966
0.00575954
0.0074855
0.00890332
0.00954451
-0.0018005
-0.00189425
-0.00190377
-0.00192103
-0.00192689
-0.00192038
-0.00189481
-0.00183945
-0.00173897
-0.00157173
-0.00130746
-0.00090414
-0.000305266
0.00055889
0.00176787
0.0034145
0.00555112
0.00809613
0.0105158
0.0121664
-0.00223172
-0.00233817
-0.00235387
-0.00238852
-0.0024227
-0.00245783
-0.00248912
-0.0025078
-0.00250065
-0.00244817
-0.00232175
-0.00207917
-0.00165717
-0.000964287
0.000115972
0.0017245
0.00414305
0.00763733
0.0116774
0.0152666
-0.00271224
-0.00283169
-0.00284853
-0.00289755
-0.00295912
-0.00303875
-0.00313526
-0.00324369
-0.00335562
-0.00345857
-0.00353382
-0.00355287
-0.00347199
-0.0032249
-0.00272653
-0.0018586
-0.000184096
0.00344897
0.00903211
0.0158108
-0.00324489
-0.00336609
-0.00336734
-0.00342063
-0.00350746
-0.00363547
-0.00380487
-0.00401483
-0.00426505
-0.0045551
-0.0048855
-0.00525943
-0.00568923
-0.00621558
-0.00698241
-0.00820463
-0.00958696
-0.00812634
-0.0023638
0.00866275
-0.00386574
-0.00401135
-0.00398632
-0.00404059
-0.0041325
-0.00428485
-0.00450625
-0.004805
-0.00519106
-0.00567969
-0.00629937
-0.00710166
-0.00819432
-0.0097909
-0.012419
-0.0168543
-0.0237491
-0.0259241
-0.0210011
-0.00485973
-0.00465508
-0.00458644
-0.00446119
-0.00443323
-0.00452246
-0.00472553
-0.0050359
-0.00545238
-0.00598702
-0.0066649
-0.00753957
-0.00870934
-0.0103932
-0.0129324
-0.0172963
-0.0242194
-0.0360124
-0.041568
-0.0386098
-0.0158288
-0.00513862
-0.00559495
-0.00534371
-0.00539877
-0.0054257
-0.00556751
-0.00583255
-0.00624007
-0.00680974
-0.0075653
-0.00857045
-0.0099224
-0.0119245
-0.0148643
-0.0201911
-0.027395
-0.0414949
-0.0470694
-0.0442949
-0.00965353
-0.00852928
-0.00598897
-0.00543243
-0.00493448
-0.00494598
-0.00520819
-0.00566081
-0.00624777
-0.00698193
-0.00785872
-0.00896763
-0.0103416
-0.0123851
-0.0151476
-0.020134
-0.026871
-0.0371674
-0.0397423
-0.029927
0.0213205
-0.00518914
-0.00818317
-0.00726335
-0.00741969
-0.00710579
-0.00700171
-0.0070815
-0.00736932
-0.00789715
-0.00859174
-0.00955808
-0.0107403
-0.0125996
-0.0151246
-0.0197438
-0.0252768
-0.0325546
-0.0256159
0.00038457
0.0833313
-0.0302698
-0.0051941
-0.00396711
-0.00332996
-0.00324316
-0.00360529
-0.00430023
-0.00505553
-0.00602149
-0.00701327
-0.00831166
-0.00978845
-0.0118561
-0.0143021
-0.0174309
-0.0183778
-0.0144145
0.0146424
0.0831699
0.220535
2.64831e-05
-2.36092e-07
3.03149e-05
9.20181e-05
0.000191978
0.000330293
0.000507592
0.000724426
0.000980522
0.00127423
0.00160193
0.00195737
0.00233098
0.00270937
0.00307527
0.0034082
0.00368535
0.00388374
0.00400009
0.00398127
5.43697e-05
2.66365e-05
6.01186e-05
0.000120628
0.000217229
0.000350584
0.000521805
0.00073183
0.000980745
0.00126731
0.00158836
0.0019378
0.00230725
0.00268332
0.00304897
0.00338361
0.00366387
0.00386639
0.00398963
0.00396925
2.07745e-05
-1.30429e-05
1.91217e-05
7.69791e-05
0.000170589
0.000300764
0.000469063
0.00067705
0.00092556
0.00121419
0.00154063
0.00190023
0.00228459
0.00268062
0.00307053
0.00343193
0.00373816
0.00396103
0.00409775
0.00407006
-5.15126e-05
-8.97999e-05
-5.95009e-05
-5.10192e-06
8.4533e-05
0.000210537
0.000375173
0.00058095
0.000829857
0.00112285
0.00145908
0.00183497
0.00224435
0.00267411
0.00310553
0.00351315
0.00386486
0.00412447
0.00428603
0.00425407
-0.000169506
-0.000212365
-0.000184714
-0.000134645
-4.98858e-05
7.11254e-05
0.000231544
0.000435106
0.000685376
0.000985247
0.00133607
0.00173635
0.002182
0.00266098
0.00315401
0.00363201
0.00405516
0.00437419
0.00457642
0.0045421
-0.000332806
-0.000380931
-0.000356772
-0.000312284
-0.000233984
-0.000119822
3.44017e-05
0.000233901
0.00048423
0.000790874
0.0011584
0.00158933
0.00207976
0.00262383
0.00320175
0.0037804
0.00430989
0.00472152
0.00498863
0.00495636
-0.000541186
-0.000595629
-0.000575989
-0.000538871
-0.000469502
-0.000365365
-0.000221148
-2.99702e-05
0.000216059
0.000525587
0.000907265
0.00136815
0.00191165
0.00253589
0.00322418
0.00394116
0.00462515
0.00518067
0.00555214
0.00553541
-0.000794794
-0.000856864
-0.000842973
-0.000815534
-0.000758466
-0.000668942
-0.000540602
-0.000364876
-0.000131327
0.000172392
0.000560121
0.00104594
0.00164164
0.00235585
0.00317923
0.00407922
0.00498339
0.00576337
0.00630662
0.00634485
-0.00109379
-0.00116494
-0.00115806
-0.00114296
-0.00110232
-0.00103334
-0.000928908
-0.000778995
-0.000570719
-0.000287824
8.95449e-05
0.000583956
0.00121684
0.0020205
0.00299513
0.00412415
0.00533366
0.00646268
0.00729988
0.00750024
-0.00143831
-0.00152003
-0.00152113
-0.00152098
-0.00150128
-0.00145978
-0.00138921
-0.00127873
-0.00111366
-0.000874318
-0.000534722
-6.11318e-05
0.000588667
0.00144325
0.00255391
0.00393859
0.00554868
0.00721454
0.0085796
0.00921074
-0.00182872
-0.00192236
-0.00193145
-0.00194816
-0.00195354
-0.0019467
-0.00192113
-0.00186633
-0.00176733
-0.00160299
-0.00134383
-0.000949023
-0.00036395
0.00047834
0.00165361
0.00325379
0.00532239
0.00777506
0.0100987
0.0117411
-0.00226619
-0.00237253
-0.00238753
-0.00242124
-0.0024544
-0.00248848
-0.00251881
-0.0025368
-0.00252946
-0.00247763
-0.00235327
-0.00211509
-0.00170165
-0.00102554
2.44451e-05
0.0015989
0.00394533
0.00730769
0.0111756
0.0147609
-0.00275472
-0.00287404
-0.00288985
-0.00293741
-0.00299727
-0.00307495
-0.00316928
-0.00327533
-0.00338473
-0.003485
-0.00355738
-0.00357335
-0.00348906
-0.00323788
-0.00273364
-0.0018772
-0.000232506
0.00325327
0.00855824
0.0153177
-0.00329763
-0.00341874
-0.00341861
-0.00346988
-0.00355424
-0.00367923
-0.003845
-0.00405061
-0.0042955
-0.00457879
-0.00490018
-0.0052613
-0.00567175
-0.0061673
-0.00688122
-0.00801602
-0.00926197
-0.00785978
-0.00252268
0.00840532
-0.00393049
-0.0040759
-0.00404921
-0.00410079
-0.00418949
-0.00433785
-0.00455433
-0.00484687
-0.00522488
-0.00570259
-0.00630662
-0.00708527
-0.00813952
-0.00967175
-0.0121783
-0.0163856
-0.0228809
-0.0249115
-0.0205123
-0.00467484
-0.00473646
-0.00466751
-0.00454009
-0.00450898
-0.00459451
-0.00479273
-0.00509684
-0.00550529
-0.00602942
-0.00669313
-0.00754728
-0.00868514
-0.0103139
-0.0127607
-0.0169316
-0.0235245
-0.0346541
-0.0399228
-0.0375519
-0.0153496
-0.00522963
-0.0056853
-0.0054352
-0.00548724
-0.00551128
-0.00564862
-0.00590763
-0.00630704
-0.00686566
-0.00760636
-0.00858969
-0.00990899
-0.0118516
-0.0147026
-0.0198204
-0.0267768
-0.0401088
-0.0455704
-0.0435541
-0.00938734
-0.00865241
-0.00610694
-0.00554541
-0.00504329
-0.00505251
-0.00531114
-0.00575813
-0.00633684
-0.0070594
-0.00792134
-0.00900865
-0.0103539
-0.0123422
-0.0150419
-0.019876
-0.0264113
-0.0363571
-0.0389143
-0.0299245
0.0209084
-0.00527029
-0.00827087
-0.00736903
-0.00752799
-0.00721882
-0.00711586
-0.0071946
-0.00747766
-0.0079963
-0.00867893
-0.00962669
-0.0107845
-0.0125981
-0.0150746
-0.0195915
-0.0250348
-0.0322028
-0.0254701
-0.000367293
0.0822181
-0.0303901
-0.00531287
-0.00409298
-0.00346195
-0.00337749
-0.00373892
-0.00442918
-0.00517754
-0.00613105
-0.00710857
-0.00838395
-0.00983368
-0.0118565
-0.0142504
-0.0173057
-0.018204
-0.0142821
0.0144648
0.0821665
0.21922
1.83812e-05
-8.0741e-06
2.2551e-05
8.42554e-05
0.000183973
0.000321769
0.000498213
0.000713793
0.000968171
0.00125964
0.00158451
0.0019365
0.00230631
0.00268049
0.00304204
0.00337083
0.00364448
0.00384043
0.00395542
0.00393698
4.57217e-05
1.82886e-05
5.18286e-05
0.00011234
0.000208707
0.000341562
0.000511953
0.000720747
0.000967955
0.00125227
0.00157046
0.00191649
0.00228188
0.00265353
0.00301456
0.00334476
0.00362121
0.00382102
0.00394267
0.00392252
1.11618e-05
-2.23212e-05
9.90049e-06
6.77668e-05
0.000161144
0.000290808
0.000458245
0.000664932
0.000911609
0.00119778
0.00152103
0.00187669
0.00225646
0.00264731
0.00303168
0.00338761
0.003689
0.00390834
0.00404291
0.00401545
-6.24892e-05
-0.000100414
-7.00602e-05
-1.56485e-05
7.37446e-05
0.000199209
0.000362919
0.000567273
0.00081413
0.0011043
0.00143675
0.00180782
0.0022117
0.002635
0.00305928
0.00345962
0.00380469
0.00405923
0.00421762
0.0041858
-0.000182133
-0.000224603
-0.0001969
-0.000146819
-6.23223e-05
5.80979e-05
0.000217488
0.000419442
0.000667352
0.000963888
0.00131009
0.00170396
0.00214309
0.0026137
0.00309709
0.0035649
0.00397841
0.0042898
0.00448706
0.0044527
-0.00034742
-0.000395132
-0.000370919
-0.000326414
-0.000248397
-0.00013488
1.81989e-05
0.000215879
0.000463497
0.000766291
0.00112864
0.00155309
0.00203361
0.00256612
0.00313068
0.00369479
0.0042099
0.00460964
0.00486873
0.00483603
-0.000558212
-0.000612215
-0.000592506
-0.000555347
-0.000486255
-0.000382791
-0.000239807
-5.06448e-05
0.0001923
0.000497321
0.000872647
0.00132483
0.00185638
0.00246558
0.00313563
0.0038318
0.00449417
0.00503077
0.00538897
0.00537094
-0.00081479
-0.000876387
-0.000862383
-0.000834838
-0.000777985
-0.000689088
-0.000561983
-0.00038837
-0.000158175
0.000140472
0.000520787
0.000996027
0.00157692
0.00227193
0.00307082
0.00394136
0.00481311
0.00556257
0.00608334
0.00611834
-0.0011175
-0.00118813
-0.00118106
-0.00116571
-0.00112513
-0.00105661
-0.000953245
-0.000805337
-0.000600431
-0.000322866
4.637e-05
0.000528625
0.00114347
0.00192416
0.00286694
0.00395545
0.00511708
0.00619677
0.00699468
0.00718765
-0.00146674
-0.00154788
-0.00154863
-0.00154801
-0.00152807
-0.00148666
-0.00141675
-0.00130784
-0.00114571
-0.000911345
-0.000579716
-0.000118328
0.00051372
0.00133986
0.00241053
0.00374295
0.00528491
0.00687141
0.00816498
0.0087802
-0.00186324
-0.00195623
-0.00196474
-0.00198061
-0.00198526
-0.00197792
-0.00195227
-0.00189814
-0.00180099
-0.00164035
-0.00138771
-0.00100372
-0.000436207
0.000377134
0.00150532
0.0030496
0.00502966
0.00735727
0.00954643
0.0111711
-0.00230868
-0.00241426
-0.00242837
-0.0024607
-0.00249244
-0.00252512
-0.00255424
-0.00257144
-0.00256407
-0.00251344
-0.00239222
-0.00216034
-0.00175893
-0.00110843
-0.000131526
0.00143322
0.00368922
0.00687265
0.0105004
0.0140697
-0.00280772
-0.00292615
-0.00294057
-0.00298601
-0.00304354
-0.00311864
-0.00321023
-0.00331348
-0.00342012
-0.00351773
-0.00358758
-0.00360105
-0.00351344
-0.00325392
-0.00270623
-0.00189125
-0.00027169
0.00304254
0.00795654
0.0146914
-0.00336464
-0.00348473
-0.0034827
-0.00353102
-0.00361191
-0.00373281
-0.00389388
-0.00409416
-0.00433289
-0.00460871
-0.00492027
-0.00526756
-0.00565492
-0.00610982
-0.0067448
-0.00774613
-0.00875257
-0.00736082
-0.00257964
0.00823766
-0.00401491
-0.00415881
-0.00412966
-0.00417698
-0.00426088
-0.00440358
-0.00461345
-0.00489817
-0.00526658
-0.00573175
-0.00631801
-0.00706921
-0.00807646
-0.00952464
-0.0118653
-0.0157435
-0.0216217
-0.0233549
-0.0195673
-0.00411992
-0.00484552
-0.00477473
-0.00464404
-0.00460782
-0.00468749
-0.00487837
-0.00517358
-0.00557136
-0.00608243
-0.00672938
-0.00756001
-0.00866108
-0.0102239
-0.0125534
-0.0164689
-0.0226166
-0.0328212
-0.0376744
-0.0359172
-0.0144614
-0.00535954
-0.00581125
-0.00556211
-0.00560767
-0.0056256
-0.00575477
-0.00600397
-0.0063916
-0.00693579
-0.00765859
-0.00861732
-0.0099007
-0.0117759
-0.0145215
-0.0193768
-0.0260105
-0.038416
-0.0438493
-0.0426096
-0.00915593
-0.00883068
-0.00627447
-0.00570644
-0.00519675
-0.00520106
-0.005452
-0.00588807
-0.00645312
-0.007159
-0.00800219
-0.00906524
-0.010381
-0.0123124
-0.0149444
-0.019608
-0.0259324
-0.0355086
-0.0381907
-0.030083
0.0200407
-0.00541205
-0.00841073
-0.00753362
-0.00769155
-0.00738569
-0.00727992
-0.00735185
-0.00762372
-0.00812648
-0.00879181
-0.00971604
-0.0108516
-0.0126174
-0.0150481
-0.0194502
-0.0248216
-0.0318938
-0.0255908
-0.00144614
0.0803702
-0.0305858
-0.00551028
-0.00430029
-0.00367349
-0.00358552
-0.00393824
-0.00461471
-0.00534746
-0.00628035
-0.00723728
-0.0084842
-0.00990544
-0.0118791
-0.0142274
-0.0172035
-0.0181027
-0.0142596
0.0139348
0.0805736
0.21693
9.83532e-06
-1.58231e-05
1.50346e-05
7.69113e-05
0.000176479
0.000313803
0.000489411
0.000703728
0.000956343
0.00124548
0.00156741
0.00191584
0.00228152
0.00265117
0.00300809
0.00333252
0.00360262
0.00379635
0.00391034
0.0038932
3.59342e-05
9.41494e-06
4.31461e-05
0.000103854
0.000200124
0.00033259
0.000502246
0.00070989
0.000955451
0.00123753
0.00155284
0.00189528
0.00225659
0.00262365
0.00297989
0.0033055
0.00357813
0.00377545
0.00389585
0.00387685
-3.49242e-09
-3.24503e-05
-3.16698e-08
5.80633e-05
0.000151369
0.000280661
0.000447366
0.000652868
0.000897803
0.00118156
0.00150162
0.00185322
0.00222831
0.0026138
0.00299241
0.00334267
0.00363917
0.00385519
0.00398798
0.00396181
-7.54548e-05
-0.000112245
-8.16957e-05
-2.70321e-05
6.23007e-05
0.000187391
0.000350333
0.000553409
0.000798334
0.00108575
0.00141439
0.00178025
0.00217875
0.00259538
0.0030122
0.00340495
0.00374323
0.0039929
0.00414845
0.00411801
-0.000197117
-0.000238353
-0.000210459
-0.000160115
-7.56926e-05
4.43098e-05
0.000202834
0.000403326
0.000648987
0.000942226
0.00128352
0.00166815
0.00210315
0.00256521
0.00303845
0.00349552
0.00389897
0.00420277
0.00439536
0.00436241
-0.000364745
-0.00041112
-0.00038672
-0.000341946
-0.000264025
-0.000150987
1.09886e-06
0.000197084
0.000442068
0.000741034
0.00109837
0.0015188
0.00198621
0.00250612
0.00305636
0.00360485
0.00410465
0.00449215
0.00474332
0.00471183
-0.000578341
-0.000630892
-0.000610992
-0.000573539
-0.000504545
-0.000401598
-0.000259718
-7.24849e-05
0.000167394
0.000467821
0.000836596
0.00127987
0.00179834
0.00239119
0.00304135
0.00371473
0.00435349
0.00486986
0.0052143
0.00519665
-0.000838357
-0.000898367
-0.000884144
-0.000856234
-0.000799423
-0.00071101
-0.000585037
-0.000413499
-0.000186718
0.00010664
0.000479094
0.000942955
0.00150743
0.00218146
0.00295311
0.00379061
0.00462596
0.00534148
0.00583784
0.00587063
-0.00114537
-0.00121425
-0.00120689
-0.00119103
-0.00115033
-0.00108212
-0.000979749
-0.000833859
-0.000632479
-0.000360629
-2.6056e-07
0.000468362
0.00106003
0.001818
0.00272493
0.00376665
0.00487286
0.0058956
0.00664875
0.00683271
-0.00150011
-0.00157931
-0.00157963
-0.00157822
-0.00155783
-0.00151636
-0.00144704
-0.00133973
-0.0011808
-0.00095199
-0.000629388
-0.000181749
0.000433006
0.0012236
0.00224924
0.00351869
0.00497914
0.00647075
0.00767857
0.00826944
-0.00190381
-0.0019946
-0.00200244
-0.00201709
-0.00202074
-0.00201266
-0.0019868
-0.00193337
-0.00183839
-0.00168217
-0.00143736
-0.00106626
-0.000518855
0.000262943
0.00134451
0.00281113
0.00468034
0.00685395
0.00887686
0.0104638
-0.00235885
-0.00246192
-0.00247498
-0.00250543
-0.00253532
-0.0025662
-0.00259383
-0.00261019
-0.00260306
-0.0025544
-0.00243776
-0.00221441
-0.00182742
-0.00119845
-0.000235328
0.00124012
0.00337542
0.00633724
0.00966943
0.0131919
-0.00287093
-0.0029864
-0.00299915
-0.0030417
-0.00309618
-0.00316803
-0.00325633
-0.00335647
-0.00346043
-0.00355603
-0.0036247
-0.00363783
-0.00355123
-0.00329592
-0.00277289
-0.00192295
-0.000300817
0.00282694
0.00725273
0.0139422
-0.00344609
-0.00356272
-0.00355837
-0.00360254
-0.00367872
-0.00379424
-0.00394948
-0.00414361
-0.0043758
-0.00464436
-0.00494691
-0.00528046
-0.00564656
-0.00606119
-0.00661085
-0.00741253
-0.00803632
-0.00662521
-0.00249347
0.00822172
-0.0041206
-0.00425956
-0.00422707
-0.00426787
-0.00434484
-0.00447978
-0.00468117
-0.00495655
-0.00531428
-0.00576641
-0.00633486
-0.00705822
-0.00801593
-0.00936927
-0.0115112
-0.0149641
-0.0200297
-0.0212472
-0.0181205
-0.00309492
-0.00498674
-0.00490998
-0.00477462
-0.00473038
-0.004801
-0.00498106
-0.005264
-0.00564814
-0.00614378
-0.0067723
-0.0075789
-0.00864288
-0.0101372
-0.0123353
-0.0159511
-0.0215541
-0.030595
-0.034864
-0.0338236
-0.0131529
-0.0055443
-0.00598312
-0.0057332
-0.00576489
-0.00577078
-0.00588597
-0.0061201
-0.00649134
-0.00701739
-0.0077192
-0.00865283
-0.00990209
-0.0117135
-0.01435
-0.0189149
-0.025178
-0.0366527
-0.0420741
-0.0420351
-0.00907094
-0.00908022
-0.00650456
-0.00593078
-0.00540839
-0.00540138
-0.00563578
-0.00605202
-0.006595
-0.00727797
-0.00809742
-0.00913605
-0.0104257
-0.0123135
-0.0148819
-0.0193912
-0.0255171
-0.0348643
-0.0379191
-0.0314334
0.0184297
-0.00568111
-0.00865113
-0.00779815
-0.00794352
-0.00763079
-0.0075095
-0.00756268
-0.00781098
-0.00828819
-0.00893034
-0.00982593
-0.0109417
-0.0126701
-0.0150609
-0.0193614
-0.0246712
-0.0317739
-0.0262403
-0.00393366
0.077396
-0.0308992
-0.00583438
-0.00463629
-0.00400449
-0.00389764
-0.00422439
-0.00487082
-0.00557214
-0.00647363
-0.00739846
-0.00861687
-0.010005
-0.0119432
-0.0142491
-0.0171743
-0.0181126
-0.01456
0.0127529
0.0775247
0.212982
1.67437e-06
-2.16467e-05
9.82781e-06
7.21708e-05
0.000171676
0.000308512
0.000483218
0.000696179
0.000946919
0.0012336
0.00155246
0.00189719
0.00225855
0.0026235
0.00297561
0.00329561
0.00356228
0.00375437
0.00386823
0.00385468
2.48473e-05
7.34792e-07
3.4878e-05
9.60754e-05
0.000192447
0.000324702
0.000493814
0.000700512
0.000944645
0.00122474
0.0015374
0.00187643
0.00223387
0.00259649
0.00294807
0.00326927
0.00353842
0.00373397
0.00385394
0.00383852
-1.31803e-05
-4.28872e-05
-1.00533e-05
4.85984e-05
0.000142074
0.000271233
0.000437464
0.000642066
0.000885574
0.00116727
0.00148454
0.00183255
0.00220305
0.00258333
0.00295639
0.00330121
0.00359325
0.00380679
0.00393875
0.00391679
-9.10268e-05
-0.000124823
-9.38677e-05
-3.86004e-05
5.09478e-05
0.000175949
0.000338443
0.000540598
0.000783999
0.00106914
0.00139467
0.00175635
0.00214915
0.00255917
0.00296876
0.00335426
0.0036863
0.00393212
0.00408604
0.00406038
-0.000215091
-0.000253087
-0.000224799
-0.000173831
-8.91986e-05
3.06846e-05
0.000188683
0.000388099
0.000631955
0.000922501
0.00126043
0.00164413
0.00206747
0.0025203
0.00298359
0.00343029
0.00382435
0.00412183
0.00431125
0.00428369
-0.000385361
-0.000428236
-0.000403464
-0.000358062
-0.000279962
-0.000167113
-1.56905e-05
0.000178969
0.00042171
0.000717145
0.00106888
0.00147828
0.00194053
0.00244908
0.00298541
0.00351864
0.00400379
0.00438052
0.00462564
0.00460001
-0.00060207
-0.000650823
-0.000630574
-0.00059248
-0.000523328
-0.000420633
-0.000279554
-9.39127e-05
0.00014326
0.000439424
0.000801778
0.00123574
0.00174252
0.00231895
0.0029492
0.00359977
0.00421524
0.0047128
0.00504565
0.00503352
-0.000865892
-0.000921745
-0.000907183
-0.000878579
-0.000821578
-0.000733415
-0.000608315
-0.000438572
-0.000214915
7.34417e-05
0.000438325
0.000891303
0.00144088
0.00209165
0.00283501
0.00363834
0.00443641
0.00511845
0.0055925
0.00562765
-0.00117767
-0.00124196
-0.00123423
-0.00121754
-0.00117651
-0.00110842
-0.00100684
-0.000862781
-0.000664766
-0.000398508
-4.68261e-05
0.000409604
0.000990298
0.00171157
0.00257829
0.00356952
0.00461669
0.00558019
0.00628906
0.00646415
-0.00153853
-0.0016126
-0.00161246
-0.00160996
-0.00158892
-0.00154722
-0.00147833
-0.00137257
-0.00121688
-0.000993893
-0.000681127
-0.000250133
0.000332501
0.00109635
0.00207496
0.00327483
0.00464512
0.00603354
0.00714984
0.00770219
-0.00195026
-0.00203526
-0.00204245
-0.00205553
-0.00205796
-0.00204896
-0.00202279
-0.00197012
-0.00187758
-0.00172643
-0.00149075
-0.00113513
-0.000612722
0.000134214
0.00116161
0.00253786
0.00427974
0.00628107
0.00811933
0.00961784
-0.00241619
-0.00251263
-0.0025247
-0.00255281
-0.0025805
-0.0026093
-0.00263532
-0.00265097
-0.0026446
-0.00259897
-0.00248888
-0.0022774
-0.00191012
-0.00130986
-0.000379925
0.000996999
0.0029924
0.00570779
0.00870304
0.0120731
-0.00294345
-0.00305105
-0.00306212
-0.00310104
-0.00315186
-0.00321996
-0.00330472
-0.00340187
-0.00350379
-0.0035988
-0.00366889
-0.00368618
-0.0036074
-0.00336573
-0.00286966
-0.00199612
-0.000380157
0.00256092
0.00648559
0.0129742
-0.00354107
-0.00364851
-0.00364171
-0.00368046
-0.00375057
-0.00385946
-0.00400797
-0.00419565
-0.00442186
-0.0046848
-0.00498153
-0.00530738
-0.00565847
-0.00603814
-0.00649652
-0.00707727
-0.00731603
-0.0056985
-0.00201737
0.00850594
-0.0042472
-0.00437297
-0.00433633
-0.00436774
-0.00443526
-0.00456022
-0.00475149
-0.0050167
-0.00536404
-0.00580476
-0.00635857
-0.00705867
-0.00797173
-0.00922773
-0.0111399
-0.0140636
-0.0180053
-0.0184676
-0.0155237
-0.000910823
-0.00516351
-0.00507124
-0.00492935
-0.00487301
-0.00492958
-0.00509383
-0.00536018
-0.00572771
-0.00620666
-0.00681773
-0.00760271
-0.00863501
-0.0100675
-0.0121308
-0.0154195
-0.0203661
-0.0279444
-0.0312737
-0.0300675
-0.0104197
-0.00580618
-0.00620709
-0.00595001
-0.00595446
-0.00593808
-0.00602991
-0.00624111
-0.00659015
-0.00709498
-0.00777673
-0.00868881
-0.00991174
-0.0116745
-0.0142088
-0.0184764
-0.0242945
-0.0347899
-0.0400691
-0.0397196
-0.0085692
-0.00942174
-0.00681102
-0.00623636
-0.00569112
-0.00565656
-0.00585661
-0.00623621
-0.00674368
-0.00739641
-0.00818884
-0.00920686
-0.0104801
-0.0123522
-0.0148657
-0.0192579
-0.025172
-0.0343983
-0.0379997
-0.0314453
0.0159374
-0.00628039
-0.00909447
-0.00823199
-0.00831548
-0.0079623
-0.00779521
-0.00780439
-0.00800897
-0.00845128
-0.0090629
-0.00993663
-0.0110423
-0.0127576
-0.0151174
-0.0193472
-0.0245924
-0.0317566
-0.0271349
-0.00538549
0.0724894
-0.0314964
-0.00643917
-0.00523538
-0.00454829
-0.00437184
-0.00463379
-0.0052169
-0.00586092
-0.00671168
-0.00759007
-0.00878186
-0.0101332
-0.0120606
-0.0143389
-0.0172325
-0.0183121
-0.0150431
0.0106828
0.0735088
0.204891
-5.47589e-06
-2.47673e-05
7.62305e-06
7.0558e-05
0.000169994
0.000306306
0.000480083
0.00069168
0.000940687
0.00122507
0.001541
0.00188212
0.00223911
0.00259941
0.00294678
0.00326243
0.00352592
0.00371703
0.00383183
0.00382542
1.2222e-05
-7.25556e-06
2.73521e-05
8.92596e-05
0.000185905
0.000318166
0.000487017
0.000693129
0.000936285
0.00121492
0.0015256
0.00186224
0.002216
0.00257467
0.00292213
0.00323947
0.00350574
0.00370037
0.00382087
0.00381237
-2.86842e-05
-5.30079e-05
-1.97351e-05
3.97295e-05
0.000133612
0.000262937
0.000429081
0.000633246
0.000875871
0.00115612
0.00147128
0.00181629
0.00218304
0.00255885
0.00292701
0.00326705
0.00355536
0.00376749
0.00389984
0.00388609
-0.000109405
-0.000137338
-0.000105978
-4.98262e-05
4.02108e-05
0.000165471
0.000327961
0.000529743
0.000772271
0.00105588
0.00137913
0.00173797
0.00212538
0.00252979
0.00293313
0.00331233
0.0036392
0.00388268
0.00403662
0.00402046
-0.000236088
-0.000267788
-0.000239139
-0.000187265
-0.00010214
1.79886e-05
0.000175929
0.000374847
0.000617592
0.000906196
0.00124112
0.00162018
0.0020373
0.00248298
0.00293781
0.00337557
0.00376186
0.00405519
0.00424383
0.00422751
-0.00040916
-0.000445261
-0.000420194
-0.000373898
-0.000295347
-0.000182326
-3.10948e-05
0.000162829
0.000404054
0.00069687
0.00104444
0.00144758
0.0019028
0.00240072
0.00292487
0.00344485
0.00391775
0.00428694
0.00452956
0.00451741
-0.000629179
-0.000670583
-0.000650126
-0.000611154
-0.000541595
-0.000438802
-0.000298064
-0.000113431
0.000121764
0.000414582
0.000771699
0.00119796
0.00169407
0.00225531
0.00286834
0.00349893
0.00409451
0.00457799
0.00490482
0.00490833
-0.000897063
-0.000944865
-0.000930186
-0.00090069
-0.000843277
-0.000755037
-0.000630377
-0.000461879
-0.000240648
4.35812e-05
0.00040194
0.000845067
0.00138077
0.00200856
0.00272807
0.00350086
0.00426612
0.00492154
0.00538228
0.0054328
-0.00121394
-0.00126932
-0.00126154
-0.00124388
-0.00120233
-0.00113405
-0.00103288
-0.000890155
-0.00069489
-0.000433451
-8.95771e-05
0.000355068
0.000918767
0.00161457
0.0024425
0.00338563
0.00437857
0.00529232
0.0059719
0.00615204
-0.00158133
-0.00164542
-0.00164527
-0.00164157
-0.00161972
-0.0015775
-0.00150873
-0.00140413
-0.00125123
-0.00103354
-0.000729907
-0.000314081
0.000243846
0.000970715
0.00190493
0.00303698
0.00432097
0.00561827
0.00666745
0.00719226
-0.00200164
-0.00207534
-0.00208248
-0.00209391
-0.00209494
-0.00208474
-0.00205799
-0.00200582
-0.00191555
-0.00176938
-0.00154291
-0.0012031
-0.000706037
5.42202e-06
0.000964722
0.00225174
0.0038662
0.00570648
0.0073943
0.00880082
-0.00247927
-0.00256272
-0.00257461
-0.00260026
-0.00262548
-0.00265184
-0.00267596
-0.00269077
-0.00268528
-0.00264324
-0.00254095
-0.00234386
-0.00200149
-0.00144142
-0.000572413
0.000703044
0.00254997
0.00502182
0.00774234
0.0110159
-0.00302301
-0.00311514
-0.00312549
-0.00316044
-0.00320715
-0.00327098
-0.00335186
-0.00344595
-0.00354625
-0.00364187
-0.00371599
-0.00374241
-0.00368032
-0.00346553
-0.0030029
-0.00214282
-0.000566622
0.00219698
0.00580216
0.0122577
-0.0036461
-0.00373613
-0.0037281
-0.00376061
-0.00382327
-0.00392408
-0.00406483
-0.00424562
-0.00446622
-0.00472524
-0.00502017
-0.00534608
-0.00569605
-0.00606157
-0.00645118
-0.00683134
-0.00677091
-0.00497702
-0.00152152
0.00932061
-0.00438878
-0.00448949
-0.00445028
-0.00447021
-0.00452612
-0.00463893
-0.00481839
-0.00507237
-0.00540925
-0.00584021
-0.00638453
-0.00707121
-0.00795598
-0.00913668
-0.0108274
-0.0132019
-0.0160789
-0.015865
-0.0129731
0.00219879
-0.00536694
-0.00524742
-0.00509946
-0.005028
-0.00506517
-0.00520848
-0.00545387
-0.0058013
-0.00626162
-0.00685475
-0.00762397
-0.00863579
-0.010027
-0.0119776
-0.0149586
-0.0192045
-0.0253421
-0.0275314
-0.0266732
-0.00647888
-0.00614107
-0.00648661
-0.00621283
-0.00617626
-0.0061276
-0.00618639
-0.00636618
-0.00668392
-0.00715895
-0.00781437
-0.00871023
-0.00992037
-0.0116626
-0.0141098
-0.0181261
-0.0234481
-0.0332258
-0.0384674
-0.0395767
-0.0077472
-0.00980368
-0.00716117
-0.00660922
-0.00604337
-0.00596039
-0.00610187
-0.00642662
-0.0068825
-0.00748735
-0.00824433
-0.00925037
-0.0105257
-0.0124297
-0.0148884
-0.0192616
-0.0249323
-0.0348568
-0.0395577
-0.0366946
0.0133458
-0.0073652
-0.00992302
-0.00894137
-0.0089057
-0.00845901
-0.00820088
-0.00812814
-0.00825415
-0.00861347
-0.00916361
-0.0100116
-0.0111163
-0.0128688
-0.0151869
-0.0194279
-0.0245666
-0.0325457
-0.0301557
-0.012324
0.0667113
-0.0322152
-0.00724642
-0.00604973
-0.0052478
-0.00494605
-0.00511163
-0.00561061
-0.0061826
-0.00696818
-0.00778891
-0.00897199
-0.010274
-0.0122495
-0.0144627
-0.0175134
-0.0187484
-0.0165281
0.00654714
0.0637012
0.192703
-8.74632e-06
-1.82342e-05
1.55266e-05
7.91745e-05
0.000178297
0.000313769
0.00048635
0.000696371
0.000943121
0.00122478
0.00153747
0.00187488
0.00222759
0.00258347
0.00292612
0.00323729
0.00349749
0.00368807
0.00380486
0.00381253
-1.30426e-06
-1.12612e-05
2.37002e-05
8.62928e-05
0.000183191
0.000315554
0.000484429
0.000690434
0.000933269
0.0012113
0.00152101
0.00185623
0.00220796
0.00256428
0.00290921
0.00322399
0.00348842
0.00368318
0.00380485
0.00381153
-4.56734e-05
-5.88191e-05
-2.5211e-05
3.5059e-05
0.000129293
0.000258848
0.000425156
0.000629382
0.00087186
0.00115165
0.00146591
0.00180947
0.0021741
0.00254736
0.00291261
0.00324955
0.00353553
0.00374763
0.00388123
0.00388576
-0.000129277
-0.000145012
-0.000113375
-5.63572e-05
3.41016e-05
0.000159695
0.000322478
0.000524425
0.000766874
0.00105007
0.00137241
0.00172963
0.00211403
0.00251572
0.00291556
0.00329091
0.00361476
0.00385796
0.00401322
0.00401844
-0.000258064
-0.000276656
-0.000247792
-0.000195059
-0.000109545
1.08789e-05
0.000169062
0.000368063
0.000610597
0.000898536
0.00123213
0.00160867
0.00201985
0.0024641
0.00291442
0.00334682
0.00372867
0.00402119
0.00421134
0.00422011
-0.000433137
-0.00045515
-0.000429961
-0.000382867
-0.000304022
-0.000190822
-3.95031e-05
0.000154297
0.000395042
0.000686832
0.00103262
0.0014333
0.00188753
0.00237567
0.0028924
0.00340433
0.00387018
0.00423726
0.0044816
0.00449918
-0.000655439
-0.000681618
-0.000661167
-0.000621482
-0.000551745
-0.000448922
-0.000308295
-0.000124058
0.000110285
0.000401547
0.000756049
0.0011782
0.00166811
0.00221772
0.0028217
0.00344013
0.00402379
0.00450176
0.00483018
0.00486847
-0.00092605
-0.000957273
-0.000942753
-0.000912627
-0.00085515
-0.000767026
-0.000642689
-0.00047489
-0.000254957
2.70425e-05
0.0003817
0.00081876
0.0013431
0.00194284
0.00266048
0.00341446
0.00415833
0.00479992
0.00525991
0.00534725
-0.00124623
-0.00128341
-0.00127596
-0.00125772
-0.00121619
-0.00114813
-0.00104746
-0.000905725
-0.000712233
-0.00045378
-0.000114734
0.000322507
0.000876995
0.00157293
0.00235575
0.00325984
0.00421188
0.00509243
0.00576006
0.00596509
-0.00161769
-0.00166163
-0.00166198
-0.0016577
-0.00163586
-0.00159387
-0.00152567
-0.00142227
-0.00127157
-0.00105767
-0.000760335
-0.000354756
0.000187842
0.000896247
0.00178592
0.00285606
0.00406326
0.00528429
0.00628372
0.00675737
-0.00204319
-0.00209432
-0.0021021
-0.00211285
-0.00211372
-0.00210356
-0.00207726
-0.0020263
-0.00193845
-0.0017967
-0.00157792
-0.00125142
-0.000777783
-0.000109126
0.000801737
0.00200231
0.00348246
0.0051581
0.00668775
0.00774696
-0.00252783
-0.00258557
-0.00259825
-0.00262287
-0.0026475
-0.00267341
-0.00269755
-0.00271322
-0.00270997
-0.00267248
-0.00257871
-0.00239701
-0.00208233
-0.00157163
-0.000782688
0.000388126
0.00205576
0.00423033
0.0065305
0.00882061
-0.00308172
-0.00314312
-0.00315412
-0.00318726
-0.00323271
-0.00329548
-0.00337574
-0.00346989
-0.0035716
-0.00367104
-0.00375316
-0.00379472
-0.00376002
-0.00359188
-0.00319903
-0.00242721
-0.000974535
0.00154831
0.0047257
0.00932675
-0.00372326
-0.00377687
-0.00377059
-0.0037999
-0.00385871
-0.00395551
-0.00409292
-0.00427169
-0.00449193
-0.00475324
-0.00505462
-0.00539315
-0.00576338
-0.00614784
-0.00650919
-0.00670205
-0.00630764
-0.00410905
0.000362923
0.00872965
-0.00449434
-0.00453513
-0.00449669
-0.00450824
-0.00455912
-0.0046678
-0.00484408
-0.0050956
-0.00543096
-0.00586249
-0.00640968
-0.0071011
-0.007987
-0.00912377
-0.0105813
-0.0121908
-0.0134846
-0.0113656
-0.00556905
0.00705615
-0.00554779
-0.00536243
-0.00520582
-0.00512057
-0.00513982
-0.00526706
-0.00549883
-0.00583584
-0.00628875
-0.00687851
-0.00764843
-0.0086618
-0.0100398
-0.0118884
-0.0144571
-0.0173916
-0.020784
-0.0195557
-0.0142014
0.00380369
-0.00651555
-0.00663381
-0.00635183
-0.00625744
-0.00618187
-0.00621766
-0.00638022
-0.00668655
-0.0071576
-0.0078153
-0.00872126
-0.00994768
-0.0116994
-0.0140309
-0.0176657
-0.0216058
-0.0284873
-0.0296968
-0.0250437
0.00243368
-0.0103681
-0.00755617
-0.00696778
-0.00634067
-0.00615852
-0.00622017
-0.00647897
-0.00690021
-0.00748819
-0.00824291
-0.00926844
-0.0105948
-0.0125315
-0.0150681
-0.0191414
-0.0237692
-0.032085
-0.0333329
-0.0266247
0.0157136
-0.0101328
-0.0109998
-0.0096098
-0.00918325
-0.00853263
-0.00814399
-0.0079912
-0.0080867
-0.00844001
-0.00902352
-0.00992093
-0.0111336
-0.012999
-0.0154205
-0.0195104
-0.0239423
-0.0311541
-0.0269639
-0.010778
0.0584135
-0.0345551
-0.00917614
-0.00766238
-0.00629387
-0.00562538
-0.00560172
-0.0059445
-0.00643521
-0.00713302
-0.00795068
-0.00912298
-0.0104691
-0.0125137
-0.0146466
-0.0176423
-0.0184087
-0.0168249
0.00412673
0.049562
0.161131
)
;

boundaryField
{
    movingWall
    {
        type            zeroGradient;
    }
    fixedWalls
    {
        type            zeroGradient;
    }
}


// ************************************************************************* //
