/*--------------------------------*- C++ -*----------------------------------*\
  =========                 |
  \\      /  F ield         | OpenFOAM: The Open Source CFD Toolbox
   \\    /   O peration     | Website:  https://openfoam.org
    \\  /    A nd           | Version:  10
     \\/     M anipulation  |
\*---------------------------------------------------------------------------*/
FoamFile
{
    format      ascii;
    class       volScalarField;
    location    "4.825";
    object      p;
}
// * * * * * * * * * * * * * * * * * * * * * * * * * * * * * * * * * * * * * //

dimensions      [0 2 -2 0 0 0 0];

internalField   nonuniform List<scalar> 
8000
(
1.05758e-08
-1.48858e-05
1.59009e-05
7.7046e-05
0.000173542
0.000306004
0.000475051
0.000680916
0.000922833
0.0011989
0.00150523
0.00183559
0.00218079
0.00252813
0.00286243
0.00316581
0.00341931
0.00360486
0.0037185
0.00372537
3.19475e-06
-8.80136e-06
2.40545e-05
8.43778e-05
0.000178711
0.000308078
0.000473419
0.000675269
0.000913256
0.00118569
0.00148904
0.0018171
0.00216082
0.00250906
0.00284564
0.0031525
0.0034101
0.0035997
0.00371812
0.00372406
-4.20817e-05
-5.63051e-05
-2.42382e-05
3.40616e-05
0.000125911
0.000252608
0.000415508
0.000615692
0.000853426
0.0011277
0.00143566
0.00177211
0.00212881
0.00249342
0.00284978
0.00317822
0.00345679
0.00366329
0.00379334
0.00379724
-0.000124763
-0.000141289
-0.000110904
-5.56256e-05
3.26463e-05
0.000155573
0.000315142
0.000513244
0.000751134
0.00102898
0.00134516
0.00169543
0.00207215
0.00246434
0.00285437
0.00322021
0.00353562
0.00377239
0.00392358
0.00392825
-0.000251419
-0.000270718
-0.00024293
-0.000191735
-0.000108181
9.83006e-06
0.000165076
0.000360526
0.000598795
0.000881646
0.00120927
0.00157926
0.00198509
0.00241696
0.00285607
0.00327753
0.00364944
0.00393424
0.00411949
0.00412779
-0.000423407
-0.000446115
-0.000421862
-0.000376105
-0.000298954
-0.00018784
-3.907e-05
0.000151617
0.000388545
0.000675623
0.00101555
0.00140875
0.00185201
0.00233372
0.00283881
0.00333801
0.00379181
0.00414925
0.00438734
0.00440448
-0.00064183
-0.000668724
-0.000649074
-0.000610506
-0.000542146
-0.000440985
-0.000302372
-0.000120605
0.000110646
0.000397968
0.000747419
0.00116319
0.00164558
0.00218847
0.00277711
0.00337979
0.00394845
0.00441394
0.00473394
0.00477156
-0.000907916
-0.00093989
-0.000926029
-0.000896777
-0.000840298
-0.000753303
-0.000630267
-0.000464041
-0.000246122
3.31795e-05
0.000384145
0.000816334
0.00133599
0.00194302
0.00263079
0.00336483
0.00409021
0.00471537
0.00516362
0.00524901
-0.00122309
-0.00126107
-0.00125413
-0.00123651
-0.00119553
-0.00112797
-0.0010277
-0.000886355
-0.000693365
-0.000435788
-9.84601e-05
0.000335298
0.000881733
0.0015521
0.00233909
0.00322722
0.00415886
0.00501812
0.00566889
0.00586768
-0.00158923
-0.00163404
-0.00163477
-0.00163084
-0.00160911
-0.0015669
-0.00149806
-0.00139357
-0.00124135
-0.00102567
-0.000726739
-0.000320542
0.000220087
0.000921054
0.00180196
0.00285359
0.00404122
0.00523592
0.00621018
0.00666659
-0.00200933
-0.0020614
-0.00206948
-0.00208037
-0.00208095
-0.00206987
-0.00204181
-0.00198804
-0.00189618
-0.00174915
-0.00152395
-0.00119036
-0.000710015
-3.7137e-05
0.000872876
0.00204812
0.00352046
0.00516996
0.00666333
0.00768269
-0.00248872
-0.0025475
-0.00256047
-0.00258517
-0.00260923
-0.00263364
-0.00265496
-0.00266606
-0.00265606
-0.00260916
-0.00250282
-0.0023049
-0.00196994
-0.00143485
-0.000618006
0.000584741
0.00219818
0.004375
0.00663025
0.00883529
-0.00303774
-0.00310029
-0.00311172
-0.00314507
-0.00318997
-0.00325098
-0.00332766
-0.00341572
-0.00350802
-0.00359371
-0.00365644
-0.00367121
-0.00359979
-0.00338112
-0.00291868
-0.00205288
-0.000492654
0.00196744
0.00515136
0.00957739
-0.00367526
-0.00373031
-0.00372487
-0.0037549
-0.00381357
-0.00390878
-0.00404237
-0.00421411
-0.00442293
-0.00466685
-0.00494266
-0.0052442
-0.00556088
-0.00586745
-0.00611376
-0.00614403
-0.00554506
-0.00321095
0.00105481
0.00919307
-0.00444318
-0.0044855
-0.00444831
-0.0044614
-0.00451307
-0.00462099
-0.00479409
-0.00503879
-0.00536222
-0.00577463
-0.00629251
-0.00694019
-0.00776049
-0.0087998
-0.0101129
-0.0115391
-0.0126212
-0.0104907
-0.00486637
0.00768212
-0.00549321
-0.00530953
-0.00515546
-0.0050735
-0.00509552
-0.00522417
-0.00545491
-0.00578686
-0.00622889
-0.00680002
-0.00754054
-0.00850951
-0.00982059
-0.0115782
-0.014008
-0.0167946
-0.019959
-0.0186438
-0.01336
0.00463784
-0.00646359
-0.00658282
-0.00630428
-0.00621439
-0.00614369
-0.00618313
-0.00634754
-0.00665192
-0.00711475
-0.0077572
-0.0086376
-0.00982705
-0.0115191
-0.0137958
-0.0172842
-0.0211671
-0.0277292
-0.028828
-0.0242591
0.00304974
-0.01031
-0.00749903
-0.00691662
-0.0062978
-0.00612392
-0.00619344
-0.00645852
-0.00688064
-0.00746476
-0.00821085
-0.00921734
-0.0105119
-0.0124052
-0.0148908
-0.0189081
-0.0234909
-0.0317145
-0.0331098
-0.0267064
0.0154785
-0.0100845
-0.0109473
-0.00956591
-0.00914772
-0.00850835
-0.00813058
-0.00798598
-0.00808733
-0.00844042
-0.0090179
-0.00989898
-0.0110899
-0.0129204
-0.01531
-0.0193929
-0.0238716
-0.031221
-0.0274178
-0.0116643
0.0576154
-0.0344834
-0.00910665
-0.00760663
-0.00625053
-0.00559509
-0.00558458
-0.00593814
-0.00643786
-0.00713839
-0.00795278
-0.00911247
-0.010438
-0.0124541
-0.0145663
-0.0175713
-0.0184363
-0.0169808
0.00359784
0.0486837
0.16033
-1.63214e-06
-2.28346e-05
7.52959e-06
6.82623e-05
0.000165185
0.00029854
0.000468812
0.00067627
0.000920411
0.00119917
0.00150868
0.0018426
0.00219172
0.00254361
0.00288256
0.00319029
0.00344697
0.003633
0.00374469
0.00373766
1.51998e-05
-5.54709e-06
2.73305e-05
8.71288e-05
0.000181274
0.000310565
0.000475894
0.000677853
0.000916157
0.00118919
0.00149348
0.00182294
0.00216876
0.00251906
0.00285808
0.00316741
0.00342676
0.0036162
0.00373344
0.00372443
-2.56963e-05
-5.08603e-05
-1.90057e-05
3.85513e-05
0.000130077
0.000256556
0.000419295
0.000619425
0.000857304
0.00113204
0.00144086
0.00177868
0.00213736
0.0025044
0.00286359
0.00319503
0.00347583
0.0036823
0.00381111
0.00379703
-0.00010521
-0.000133804
-0.000103664
-4.92362e-05
3.86185e-05
0.000161211
0.000320482
0.000518413
0.000756372
0.00103462
0.00135166
0.00170342
0.00208258
0.0024776
0.00287113
0.00324072
0.00355903
0.00379601
0.00394588
0.00392958
-0.000229634
-0.000261942
-0.000234369
-0.000184041
-0.000100887
1.68179e-05
0.00017181
0.00036716
0.000605607
0.000889071
0.00121791
0.00158989
0.00199888
0.0024344
0.0028783
0.00330502
0.0036812
0.00396672
0.00415043
0.00413416
-0.000399531
-0.000436248
-0.000412131
-0.000367193
-0.000290357
-0.000179438
-3.07767e-05
0.000160003
0.000397364
0.000685395
0.001027
0.00142272
0.00186914
0.00235748
0.00286968
0.00337675
0.00383733
0.00419668
0.00443304
0.00442106
-0.000615588
-0.000657648
-0.000638009
-0.000600184
-0.000532026
-0.000430919
-0.000292224
-0.000110104
0.00012194
0.00041072
0.000762591
0.00118204
0.00166963
0.00222163
0.00282087
0.00343593
0.00401611
0.00448667
0.00480505
0.00480849
-0.000878855
-0.000927372
-0.000913367
-0.000884776
-0.000828389
-0.000741306
-0.000617985
-0.000451108
-0.000231958
4.94627e-05
0.000403884
0.000841262
0.00136698
0.00198976
0.00269315
0.00344752
0.0041935
0.00483138
0.00527986
0.00532863
-0.00119061
-0.00124678
-0.00123953
-0.0012225
-0.00118154
-0.00111379
-0.00101306
-0.000870777
-0.000676084
-0.000415609
-7.34701e-05
0.000368281
0.000928918
0.00161026
0.00242559
0.00334965
0.00431938
0.0052088
0.00586913
0.00604136
-0.00155254
-0.00161752
-0.00161775
-0.00161443
-0.00159272
-0.00155031
-0.00148093
-0.00137529
-0.00122094
-0.0010016
-0.0006965
-0.000280041
0.000276907
0.00100122
0.00192161
0.00303403
0.00429153
0.00555476
0.00657116
0.00706919
-0.00196727
-0.00204198
-0.00204939
-0.00206099
-0.00206175
-0.00205064
-0.00202215
-0.00196723
-0.00187302
-0.00172171
-0.00148906
-0.00114256
-0.00063976
7.22469e-05
0.00103541
0.00231121
0.00390109
0.00569632
0.00732536
0.00865436
-0.00243942
-0.00252405
-0.00253617
-0.00256191
-0.00258658
-0.00261144
-0.00263276
-0.00264304
-0.00263086
-0.00257951
-0.00246483
-0.00225184
-0.00188979
-0.00130698
-0.000413568
0.000887996
0.00272475
0.0051535
0.0077796
0.0109011
-0.00297796
-0.00307141
-0.00308209
-0.00311727
-0.00316343
-0.00322553
-0.00330287
-0.00339092
-0.00348185
-0.00356379
-0.00361862
-0.00361837
-0.00351952
-0.00325334
-0.00271847
-0.00176428
-8.72703e-05
0.00272882
0.00632198
0.0125317
-0.00359666
-0.00368824
-0.00368095
-0.00371422
-0.0037768
-0.00387612
-0.00401314
-0.00418701
-0.00439623
-0.00463791
-0.00490731
-0.00519606
-0.00549148
-0.00577463
-0.00603184
-0.00620283
-0.00585801
-0.00389105
-0.000476687
0.0101379
-0.00433551
-0.00443782
-0.00439986
-0.0044213
-0.00447809
-0.00459031
-0.00476688
-0.00501444
-0.0053395
-0.00575143
-0.00626647
-0.00690889
-0.0077258
-0.00880077
-0.0103179
-0.0124341
-0.0149484
-0.0145557
-0.0117769
0.00337992
-0.00530964
-0.0051914
-0.00504601
-0.00497801
-0.00501837
-0.00516354
-0.0054084
-0.00575165
-0.00620144
-0.00677659
-0.0075167
-0.00848382
-0.00980573
-0.0116558
-0.0144776
-0.0185121
-0.0243071
-0.0262925
-0.0254916
-0.00532596
-0.00608538
-0.00643182
-0.00616158
-0.00613
-0.00608707
-0.00615051
-0.00633295
-0.0066519
-0.00711799
-0.00775948
-0.00863145
-0.00980515
-0.0114887
-0.0138643
-0.0177657
-0.0229859
-0.032466
-0.0376318
-0.0387884
-0.00732364
-0.0097408
-0.00709882
-0.00655319
-0.00599729
-0.00592365
-0.00607339
-0.00640382
-0.00686493
-0.00746886
-0.00821857
-0.00920732
-0.0104535
-0.0123038
-0.0147169
-0.0190745
-0.0246939
-0.0346074
-0.0395099
-0.037141
0.0127841
-0.00730997
-0.00986261
-0.00889164
-0.0088674
-0.00843571
-0.00819051
-0.00812696
-0.00826233
-0.00862491
-0.00917231
-0.0100097
-0.0110898
-0.012812
-0.0150883
-0.0193295
-0.024518
-0.0326245
-0.0307001
-0.0133178
0.0658629
-0.0321339
-0.00717114
-0.00599221
-0.00520361
-0.00491648
-0.00509741
-0.00560896
-0.00619249
-0.00698472
-0.00780211
-0.00897951
-0.0102572
-0.0122075
-0.0144024
-0.0174354
-0.0187325
-0.0166546
0.0060599
0.0628049
0.191861
3.30776e-06
-2.09805e-05
9.05383e-06
6.94646e-05
0.00016657
0.000300486
0.000471681
0.000680459
0.000926275
0.00120723
0.00151953
0.00185689
0.00221012
0.00256646
0.00290992
0.00322178
0.00348148
0.00366842
0.0037792
0.00376522
2.64627e-05
1.51232e-06
3.42272e-05
9.34825e-05
0.000187435
0.000316753
0.000482341
0.000684858
0.000924088
0.0011985
0.00150469
0.00183651
0.00218573
0.00253971
0.00288259
0.00319558
0.00345763
0.00364791
0.00376463
0.00374888
-1.10631e-05
-4.1408e-05
-9.86237e-06
4.69722e-05
0.000138141
0.000264473
0.000427294
0.00062783
0.00086654
0.00114264
0.00145347
0.00179412
0.00215628
0.00252752
0.00289132
0.00322727
0.00351158
0.00371935
0.00384778
0.00382573
-8.74798e-05
-0.000121816
-9.20337e-05
-3.84501e-05
4.89379e-05
0.000171277
0.000330539
0.00052881
0.000767586
0.00104729
0.00136656
0.00172131
0.002105
0.00250526
0.00290469
0.00328023
0.00360339
0.00384257
0.00399241
0.00396692
-0.000209193
-0.000247693
-0.000220471
-0.000171038
-8.83745e-05
2.90747e-05
0.000184099
0.000379899
0.000619382
0.000904678
0.00123639
0.00161274
0.002027
0.00246939
0.00292135
0.00335654
0.00374003
0.00402943
0.0042139
0.0041868
-0.00037625
-0.000419633
-0.000395816
-0.000351779
-0.000275408
-0.000164687
-1.58761e-05
0.000175569
0.000414327
0.000704769
0.00105015
0.00145134
0.001905
0.00240288
0.00292657
0.0034462
0.00391832
0.00428474
0.00452347
0.0044986
-0.000588979
-0.000638267
-0.000618852
-0.000581922
-0.0005142
-0.000413229
-0.000274251
-9.1215e-05
0.000142657
0.000434546
0.000791274
0.00121787
0.0017158
0.00228091
0.00289673
0.00353091
0.00412985
0.00461355
0.0049376
0.00492625
-0.000848168
-0.0009046
-0.000890735
-0.000863062
-0.000807124
-0.000720167
-0.00059648
-0.000428471
-0.000207066
7.82236e-05
0.000438812
0.000885777
0.00142723
0.00206638
0.00279359
0.00357738
0.00435425
0.00501689
0.00547779
0.00551231
-0.0011548
-0.00121973
-0.00121255
-0.00119653
-0.00115614
-0.00108863
-0.000987583
-0.000844087
-0.000646834
-0.000381824
-3.23022e-05
0.000420546
0.000995764
0.00170462
0.00255537
0.00352476
0.00454514
0.00548057
0.00616784
0.00633623
-0.00151017
-0.00158495
-0.00158522
-0.00158313
-0.00156229
-0.00152045
-0.00145106
-0.00134439
-0.00118746
-0.000963165
-0.000649511
-0.000219053
0.000359768
0.00111849
0.00208435
0.00326287
0.00460108
0.00594825
0.00702574
0.00755182
-0.00191625
-0.00200206
-0.00200955
-0.00202285
-0.00202506
-0.00201522
-0.00198741
-0.00193211
-0.00183584
-0.00167985
-0.00143847
-0.00107699
-0.000550174
0.000198285
0.00122523
0.00259151
0.00430191
0.00624521
0.00801143
0.00944219
-0.0023766
-0.00247397
-0.00248633
-0.00251459
-0.00254178
-0.00256916
-0.00259247
-0.00260372
-0.00259083
-0.00253611
-0.00241388
-0.00218667
-0.00179955
-0.00117593
-0.00022673
0.0011798
0.00316806
0.00582641
0.00871425
0.0119655
-0.00289853
-0.00300714
-0.00301859
-0.00305779
-0.00310815
-0.00317461
-0.00325595
-0.00334719
-0.00343989
-0.00352134
-0.00357219
-0.00356261
-0.00344615
-0.00315024
-0.00257268
-0.00159466
0.000145868
0.00316555
0.00706828
0.0133583
-0.00349163
-0.00360029
-0.00359432
-0.00363393
-0.00370406
-0.00381155
-0.00395647
-0.00413737
-0.00435237
-0.00459803
-0.00486905
-0.00515707
-0.00545172
-0.00574331
-0.00605255
-0.0063834
-0.00629736
-0.00447371
-0.000823278
0.00954286
-0.0041937
-0.00432082
-0.00428552
-0.00431864
-0.00438719
-0.00451169
-0.00470019
-0.00495906
-0.00529495
-0.00571679
-0.00624103
-0.00689586
-0.00773779
-0.00887925
-0.0105984
-0.0132195
-0.0166981
-0.016941
-0.0140838
0.00050188
-0.00510585
-0.00501454
-0.00487538
-0.0048227
-0.00488267
-0.00504899
-0.00531497
-0.00567818
-0.00614779
-0.00674142
-0.0074977
-0.00848471
-0.00984559
-0.0118001
-0.0149212
-0.0196427
-0.0268609
-0.0300224
-0.0288662
-0.00926588
-0.00574981
-0.00615124
-0.00589792
-0.0059078
-0.00589767
-0.00599467
-0.00620886
-0.00655581
-0.00705756
-0.00772699
-0.00861636
-0.00980276
-0.0115055
-0.0139527
-0.0181496
-0.0238768
-0.0341899
-0.0395871
-0.0393549
-0.00837672
-0.00935708
-0.0067467
-0.00617973
-0.00564555
-0.00562127
-0.005831
-0.00621903
-0.00673181
-0.0073852
-0.00817152
-0.00917436
-0.0104177
-0.0122304
-0.0145824
-0.0192265
-0.0250266
-0.0343482
-0.038258
-0.0320869
0.0153165
-0.00622485
-0.00903214
-0.00818028
-0.00827557
-0.00793819
-0.00778586
-0.00780996
-0.0080285
-0.00847666
-0.00908716
-0.009954
-0.0110336
-0.012718
-0.0150224
-0.0192906
-0.0245999
-0.0318944
-0.0277044
-0.00623745
0.0717839
-0.0314122
-0.00636252
-0.00517735
-0.0045037
-0.00434334
-0.00462335
-0.00522273
-0.00588078
-0.00674254
-0.00761787
-0.00880957
-0.010138
-0.0120411
-0.0143112
-0.0172005
-0.0183309
-0.0152212
0.0102341
0.0727126
0.204148
1.02346e-05
-1.60795e-05
1.36044e-05
7.37138e-05
0.000170963
0.000305394
0.000477474
0.000687555
0.000935158
0.00121844
0.00153364
0.00187447
0.00223179
0.00259259
0.00294058
0.00325663
0.00351953
0.00370799
0.00381888
0.00380142
3.65514e-05
9.40309e-06
4.18758e-05
0.000100758
0.00019467
0.000324216
0.000490331
0.000693745
0.000934318
0.0012106
0.00151926
0.00185423
0.00220715
0.00256532
0.00291259
0.00322971
0.00349503
0.00368695
0.00380405
0.00378481
1.33892e-06
-3.16073e-05
-3.88295e-07
5.59571e-05
0.000146989
0.000273458
0.000436727
0.000638107
0.000878155
0.00115619
0.00146966
0.00181375
0.00218012
0.00255622
0.00292525
0.00326631
0.0035548
0.00376488
0.00389405
0.00386793
-7.25396e-05
-0.000109765
-8.03506e-05
-2.73404e-05
5.98411e-05
0.000182257
0.00034193
0.000541055
0.000781256
0.00106311
0.00138537
0.00174413
0.00213299
0.00253937
0.00294558
0.00332792
0.00365693
0.00389969
0.00405106
0.00402096
-0.000191762
-0.000233413
-0.000206575
-0.00015776
-7.53178e-05
4.22221e-05
0.00019772
0.000394515
0.000635686
0.000923566
0.00125893
0.00163966
0.00206121
0.00251174
0.00297298
0.00341791
0.0038102
0.00410551
0.00429295
0.00426071
-0.00035612
-0.00040292
-0.000379483
-0.000336084
-0.000259918
-0.000149053
3.52713e-07
0.000193017
0.000433851
0.000727532
0.0010777
0.00148603
0.00194776
0.00245658
0.00299337
0.00352736
0.00401321
0.00438969
0.0046341
0.00460375
-0.000565692
-0.000618698
-0.000599649
-0.000563383
-0.000495857
-0.000394693
-0.000254998
-7.04969e-05
0.000165891
0.000461745
0.000824393
0.00125944
0.00176879
0.00234899
0.00298355
0.00363925
0.00426004
0.0047613
0.00509622
0.0050799
-0.000821036
-0.000881543
-0.000868042
-0.000841094
-0.000785394
-0.000698255
-0.000573794
-0.000404134
-0.000179818
0.000110161
0.000477881
0.00093522
0.00149135
0.00215127
0.0029052
0.00372127
0.0045331
0.00522692
0.00570866
0.00574164
-0.00112286
-0.00119229
-0.00118551
-0.00117036
-0.00113035
-0.00106279
-0.000961068
-0.000815903
-0.000615517
-0.000345248
1.25291e-05
0.000477558
0.00106827
0.00180675
0.00269499
0.00371201
0.00478767
0.00577817
0.00650655
0.00668493
-0.00147205
-0.00155187
-0.00155263
-0.00155168
-0.00153154
-0.00149002
-0.0014203
-0.00131226
-0.00115234
-0.000922613
-0.000599843
-0.000154648
0.000448443
0.00123606
0.00225093
0.00349626
0.00491914
0.00636213
0.00752413
0.00808993
-0.00187002
-0.00196152
-0.0019697
-0.00198462
-0.00198811
-0.00197928
-0.00195189
-0.001896
-0.0017975
-0.00163676
-0.00138677
-0.00101086
-0.00046178
0.00031317
0.0014055
0.00285759
0.00468824
0.00679179
0.00872914
0.0102574
-0.00231938
-0.00242327
-0.00243667
-0.00246732
-0.00249679
-0.00252633
-0.00255137
-0.00256348
-0.00255001
-0.00249246
-0.00236383
-0.00212453
-0.00171544
-0.00104972
-5.93229e-05
0.00142667
0.00355033
0.00644312
0.00965124
0.013074
-0.00282599
-0.00294234
-0.00295552
-0.00299842
-0.00305252
-0.00312285
-0.00320787
-0.00330226
-0.00339715
-0.00347927
-0.00352861
-0.00351437
-0.00338869
-0.00307792
-0.0024872
-0.00150252
0.000272419
0.00349943
0.00789078
0.0144121
-0.00339647
-0.00351418
-0.00351073
-0.00355585
-0.00363219
-0.00374648
-0.00389832
-0.00408587
-0.00430702
-0.00455837
-0.004835
-0.00512999
-0.00543715
-0.00575827
-0.00614721
-0.00667044
-0.00690222
-0.00523451
-0.00111121
0.00945373
-0.00406671
-0.00420691
-0.00417588
-0.00421856
-0.00429675
-0.00443148
-0.00463039
-0.00489976
-0.00524632
-0.00567977
-0.00621858
-0.0068957
-0.00777916
-0.00900987
-0.0109399
-0.0140456
-0.0185509
-0.0195218
-0.0164206
-0.00147235
-0.00492845
-0.00485243
-0.00471994
-0.00467952
-0.00475388
-0.00493647
-0.00521964
-0.00560025
-0.00608707
-0.00669888
-0.00747736
-0.00849637
-0.00991881
-0.012004
-0.0154332
-0.0208044
-0.0294751
-0.0336457
-0.032576
-0.0119947
-0.00548694
-0.00592602
-0.00568013
-0.00571763
-0.00573037
-0.00585159
-0.00608995
-0.00646199
-0.00698427
-0.00767518
-0.00858808
-0.00980385
-0.0115622
-0.014124
-0.0185883
-0.0248049
-0.0361733
-0.0418794
-0.0418885
-0.00904248
-0.00901421
-0.00643844
-0.00587272
-0.00536192
-0.00536614
-0.00561153
-0.00603745
-0.00658723
-0.00727286
-0.00808847
-0.00911535
-0.0103809
-0.0122313
-0.0147432
-0.0192752
-0.0254264
-0.0349803
-0.0384137
-0.0321881
0.0177093
-0.00562352
-0.00858581
-0.00774311
-0.00790091
-0.00760588
-0.00750211
-0.00757192
-0.00783592
-0.00832193
-0.00896592
-0.00985888
-0.0109522
-0.0126583
-0.0150061
-0.0193173
-0.0247219
-0.0319779
-0.0268868
-0.00476033
0.0767586
-0.0308107
-0.00575304
-0.00457437
-0.00395664
-0.00386755
-0.00421469
-0.00488001
-0.00559785
-0.00651382
-0.00743801
-0.00866028
-0.0100296
-0.0119456
-0.0142518
-0.0171742
-0.0182107
-0.0148096
0.0122434
0.0767704
0.212304
1.79509e-05
-9.04656e-06
2.05253e-05
8.05504e-05
0.000177994
0.000312898
0.000485779
0.000697054
0.00094631
0.00123178
0.00154975
0.00189399
0.00225511
0.00262014
0.00297249
0.00329262
0.00355885
0.00374939
0.0038612
0.0038425
4.55962e-05
1.76226e-05
4.99898e-05
0.000108741
0.000202782
0.000332714
0.000499527
0.00070402
0.00094613
0.00122449
0.00153581
0.00187404
0.00223088
0.00259338
0.00294516
0.0032666
0.00353549
0.00372973
0.00384801
0.00382767
1.18673e-05
-2.20513e-05
9.02088e-06
6.5177e-05
0.000156294
0.00028312
0.000447077
0.00064956
0.000891225
0.00117149
0.00148789
0.00183569
0.00220651
0.00258769
0.00296214
0.00330852
0.00360158
0.00381476
0.00394562
0.00391828
-6.01241e-05
-9.84358e-05
-6.91953e-05
-1.64214e-05
7.08156e-05
0.000193576
0.000353959
0.000554267
0.000796251
0.00108062
0.00140628
0.00176947
0.00216378
0.00257655
0.00298979
0.00337926
0.00371464
0.00396196
0.00411599
0.00408461
-0.000177264
-0.00022011
-0.00019346
-0.00014491
-6.24155e-05
5.54986e-05
0.000211789
0.000409933
0.000653183
0.000944073
0.0012836
0.00166996
0.00209833
0.00255725
0.00302808
0.00348308
0.00388478
0.0041872
0.00437905
0.00434556
-0.000339232
-0.000387337
-0.000364095
-0.000320983
-0.000244756
-0.000133469
1.68416e-05
0.000211074
0.000454368
0.000751681
0.00110696
0.00152207
0.00199299
0.00251313
0.00306327
0.00361188
0.00411207
0.00450001
0.0047519
0.00472061
-0.000545963
-0.000600391
-0.000581551
-0.000545606
-0.000478028
-0.000376416
-0.00023572
-4.9435e-05
0.000189817
0.000489997
0.000858903
0.00130263
0.00182371
0.00241907
0.00307229
0.00374938
0.00439226
0.00491244
0.00526034
0.00524413
-0.000797833
-0.000859898
-0.00084664
-0.00082009
-0.000764404
-0.000676862
-0.000551384
-0.000379815
-0.000152319
0.000142607
0.000517669
0.000985497
0.00155638
0.00223639
0.00301614
0.00386331
0.00470923
0.00543475
0.00593943
0.0059755
-0.00109531
-0.00116646
-0.00116
-0.0011454
-0.00110558
-0.0010378
-0.000935206
-0.000788202
-0.000584546
-0.000308948
5.70587e-05
0.000534303
0.00114269
0.00190647
0.00282924
0.00389045
0.00501805
0.00606167
0.00683187
0.00702092
-0.00143895
-0.00152068
-0.00152191
-0.00152179
-0.00150216
-0.00146081
-0.00139064
-0.00128116
-0.00111831
-0.000883397
-0.000552115
-9.35866e-05
0.000529357
0.00134605
0.00240434
0.00370936
0.00520888
0.00674024
0.00798189
0.00857494
-0.00182966
-0.00192332
-0.00193222
-0.0019484
-0.00195297
-0.00194498
-0.00191794
-0.00186152
-0.00176109
-0.00159623
-0.00133882
-0.000950602
-0.000382347
0.000420545
0.00156247
0.00308737
0.00502324
0.0072704
0.0093615
0.0109396
-0.00226934
-0.0023757
-0.00239019
-0.00242278
-0.00245418
-0.00248564
-0.00251231
-0.00252543
-0.0025119
-0.00245256
-0.00231948
-0.00207151
-0.00164686
-0.000954305
7.08715e-05
0.00162276
0.00386336
0.00696575
0.0104513
0.0139438
-0.0027628
-0.00288206
-0.00289696
-0.00294282
-0.00300008
-0.00307379
-0.00316226
-0.00325993
-0.00335764
-0.00344185
-0.00349224
-0.0034777
-0.0033497
-0.00303403
-0.00243671
-0.00145283
0.000338993
0.00376849
0.00862787
0.0152207
-0.00331491
-0.00343603
-0.00343496
-0.00348432
-0.00356551
-0.00368537
-0.00384326
-0.0040372
-0.00426507
-0.0045237
-0.00480901
-0.0051163
-0.00544251
-0.00579842
-0.0062619
-0.0069509
-0.00750842
-0.00582363
-0.00106056
0.00959322
-0.00396076
-0.00410586
-0.00407827
-0.0041276
-0.00421291
-0.00435566
-0.00456338
-0.00484246
-0.00520001
-0.00564669
-0.0062031
-0.00690701
-0.00783676
-0.0091538
-0.0112613
-0.0147446
-0.0199875
-0.0214558
-0.0176732
-0.00236307
-0.00478681
-0.00471664
-0.00458889
-0.00455661
-0.00464031
-0.00483414
-0.00513016
-0.00552512
-0.00602797
-0.00665879
-0.00746184
-0.00851809
-0.0100077
-0.0122186
-0.0159264
-0.0218249
-0.0316165
-0.0364637
-0.0346616
-0.0133025
-0.00530131
-0.00575316
-0.00550825
-0.00555985
-0.00558509
-0.00572096
-0.00597534
-0.00636508
-0.0069065
-0.00761963
-0.00855936
-0.0098118
-0.0116372
-0.0143115
-0.0190513
-0.025671
-0.0379891
-0.0438736
-0.0427193
-0.00924604
-0.00876415
-0.00620721
-0.00564725
-0.00514916
-0.00516528
-0.00542806
-0.00587495
-0.0064485
-0.00715893
-0.00800023
-0.00905438
-0.0103505
-0.0122531
-0.0148485
-0.0194996
-0.025893
-0.0357491
-0.0389008
-0.0310354
0.0192333
-0.00535288
-0.00834305
-0.00747589
-0.0076462
-0.0073589
-0.00727172
-0.00736163
-0.00765161
-0.00816577
-0.00883666
-0.00976078
-0.0108773
-0.0126267
-0.0150191
-0.0194231
-0.0249075
-0.0321542
-0.0263496
-0.00230607
0.0797606
-0.0304949
-0.00542551
-0.00423501
-0.00362244
-0.003553
-0.00392745
-0.00462465
-0.00537625
-0.00632635
-0.00728553
-0.00853932
-0.00994545
-0.0119002
-0.0142545
-0.0172247
-0.0182373
-0.014567
0.0133741
0.0798149
0.216274
2.54375e-05
-1.78013e-06
2.77698e-05
8.78336e-05
0.000185534
0.000320944
0.000494633
0.000707081
0.000957939
0.00124549
0.00156608
0.00191347
0.00227822
0.00264722
0.00300365
0.00332766
0.00359717
0.00378999
0.00390307
0.00388404
5.36704e-05
2.54343e-05
5.77833e-05
0.000116563
0.000210845
0.000341258
0.000508852
0.000714492
0.000958188
0.00123863
0.00155262
0.00189408
0.00225467
0.00262133
0.00297744
0.00330304
0.00357551
0.00377229
0.00389205
0.00387151
2.0961e-05
-1.3264e-05
1.77749e-05
7.39379e-05
0.000165284
0.000292592
0.000457352
0.00066104
0.000904399
0.00118694
0.00150626
0.00185771
0.00223286
0.00261892
0.00299858
0.0033501
0.00364769
0.00386419
0.00399706
0.00396953
-4.96132e-05
-8.82679e-05
-5.90724e-05
-6.30971e-06
8.11524e-05
0.000204412
0.000365651
0.000567271
0.000811142
0.0010981
0.00142718
0.00179473
0.00219431
0.00261322
0.00303319
0.00342949
0.00377109
0.00402315
0.00418018
0.00414872
-0.000165057
-0.000208278
-0.000181682
-0.000133156
-5.04266e-05
6.80263e-05
0.000225262
0.00042489
0.000670317
0.000964262
0.00130793
0.0016998
0.00213472
0.00260164
0.00308153
0.00354607
0.00395681
0.00426639
0.00446291
0.00442958
-0.000325
-0.000373508
-0.000350332
-0.000307256
-0.000230786
-0.000118917
3.2444e-05
0.000228362
0.000474183
0.000775117
0.00113537
0.00155703
0.00203669
0.00256748
0.00313009
0.0036923
0.00420593
0.00460501
0.00486447
0.00483381
-0.000529285
-0.000584146
-0.000565392
-0.000529516
-0.00046171
-0.000359499
-0.000217675
-2.95221e-05
0.000212613
0.000517039
0.000891967
0.00134393
0.00187597
0.00248533
0.00315562
0.00385218
0.00451528
0.00505318
0.00541359
0.00539907
-0.000778151
-0.000840683
-0.00082756
-0.000801152
-0.000745308
-0.000657222
-0.000530626
-0.000357106
-0.000126481
0.000173199
0.000555203
0.00103283
0.00161734
0.00231544
0.0031182
0.00399301
0.00486928
0.00562336
0.0061492
0.00618928
-0.00107187
-0.00114354
-0.0011373
-0.00112299
-0.00108317
-0.00101503
-0.000911487
-0.000762652
-0.00055587
-0.00027529
9.83059e-05
0.000586742
0.00121117
0.00199718
0.00294988
0.00404931
0.00522189
0.00631165
0.00711869
0.00731671
-0.00141074
-0.00149305
-0.00149465
-0.00149506
-0.00147574
-0.00143439
-0.00136369
-0.00125283
-0.00108728
-0.000847716
-0.000508916
-3.87354e-05
0.000601568
0.00144351
0.00253824
0.00389359
0.00545777
0.00706343
0.00837172
0.00898364
-0.0017953
-0.00188961
-0.00189912
-0.0019162
-0.00192156
-0.00191419
-0.00188736
-0.00183045
-0.00172838
-0.00156012
-0.0012966
-0.000898232
-0.00031421
0.000509912
0.0016936
0.00327896
0.00530183
0.00766663
0.00988194
0.011488
-0.00222694
-0.00233405
-0.00234948
-0.0023835
-0.0024164
-0.00244938
-0.0024774
-0.00249147
-0.00247816
-0.00241782
-0.0022818
-0.00202786
-0.00159215
-0.000878044
0.000170102
0.001779
0.0041177
0.00738964
0.0110957
0.0146236
-0.00270979
-0.00282994
-0.00284627
-0.00289431
-0.002954
-0.00303043
-0.0031218
-0.00322244
-0.00332307
-0.00341001
-0.00346278
-0.0034501
-0.00332302
-0.00300548
-0.00239936
-0.00140926
0.000422017
0.00401503
0.00924393
0.0158789
-0.00324779
-0.00336991
-0.00337077
-0.00342317
-0.00350797
-0.0036321
-0.0037949
-0.00399438
-0.00422858
-0.00449472
-0.00478951
-0.00510967
-0.00545554
-0.00584366
-0.0063665
-0.00717057
-0.00790698
-0.00621177
-0.000909834
0.00984291
-0.0038761
-0.00402269
-0.00399762
-0.00405132
-0.00414162
-0.00429027
-0.00450489
-0.0047921
-0.00515952
-0.00561889
-0.00619283
-0.00692302
-0.00789613
-0.00928835
-0.0115414
-0.0153193
-0.0211279
-0.0228682
-0.0184642
-0.00281225
-0.00467737
-0.00460897
-0.00448452
-0.00445745
-0.00454724
-0.00474877
-0.00505415
-0.00546033
-0.00597678
-0.00662485
-0.00745171
-0.00854438
-0.0100975
-0.0124195
-0.0163636
-0.02269
-0.0333513
-0.0386853
-0.0362477
-0.014157
-0.0051706
-0.00562634
-0.00538061
-0.00543883
-0.0054705
-0.00561504
-0.0058799
-0.0062823
-0.00683908
-0.0075712
-0.00853678
-0.0098265
-0.0117196
-0.0144992
-0.0194916
-0.0264542
-0.0396092
-0.0457655
-0.0437857
-0.0095505
-0.0085854
-0.00603874
-0.00548515
-0.00499455
-0.00501588
-0.00528697
-0.0057457
-0.00633405
-0.0070623
-0.00792445
-0.00900502
-0.0103333
-0.0122955
-0.0149666
-0.0197831
-0.026408
-0.0366631
-0.039789
-0.0310332
0.020014
-0.00520947
-0.00820117
-0.00730907
-0.00748031
-0.00719003
-0.0071064
-0.00720425
-0.00750701
-0.00803866
-0.00872916
-0.00967966
-0.0108209
-0.0126216
-0.0150631
-0.0195824
-0.0251505
-0.0325061
-0.0263283
-0.00129532
0.0815904
-0.0302974
-0.00522538
-0.00402481
-0.00340797
-0.00334235
-0.00372635
-0.00443857
-0.00520758
-0.00618029
-0.0071625
-0.00844734
-0.00988488
-0.0118919
-0.0142973
-0.0173562
-0.0183713
-0.0146333
0.0138306
0.0813508
0.218546
3.21041e-05
4.87235e-06
3.44729e-05
9.46597e-05
0.000192649
0.000328554
0.000502999
0.000716519
0.000968821
0.00125824
0.00158116
0.00193133
0.00229929
0.00267178
0.00303183
0.0033593
0.0036318
0.00382681
0.00394123
0.00392222
6.06139e-05
3.233e-05
6.47256e-05
0.000123628
0.000218201
0.000349114
0.000517471
0.000724198
0.000969364
0.00125172
0.00156811
0.00191248
0.00227641
0.00264677
0.00300674
0.00333608
0.00361181
0.00381104
0.00393232
0.00391194
2.86132e-05
-5.66697e-06
2.54129e-05
8.16927e-05
0.000173334
0.000301158
0.000466719
0.000671561
0.000916502
0.00120113
0.00152311
0.00187783
0.00225685
0.00264727
0.00303155
0.00338765
0.00368934
0.00390897
0.00404383
0.00401654
-4.09091e-05
-7.96258e-05
-5.03943e-05
2.48181e-06
9.02485e-05
0.000214054
0.000376155
0.00057904
0.000824678
0.00111401
0.00144618
0.00181763
0.00222191
0.00264627
0.00307218
0.00347452
0.00382168
0.00407811
0.00423799
0.00420693
-0.000155015
-0.000198303
-0.000171677
-0.000123039
-3.99908e-05
7.90487e-05
0.000237232
0.000438279
0.00068573
0.000982451
0.00132982
0.00172654
0.0021673
0.00264126
0.00312908
0.00360193
0.00402058
0.00433657
0.0045374
0.00450472
-0.000313312
-0.00036189
-0.000338693
-0.000295514
-0.000218716
-0.000106222
4.61762e-05
0.000243687
0.000491833
0.000796026
0.00116068
0.0015881
0.0020754
0.00261546
0.00318878
0.00376263
0.00428777
0.00469653
0.00496267
0.00493314
-0.000515585
-0.000570517
-0.000551765
-0.000515812
-0.000447694
-0.000344849
-0.000201929
-1.2033e-05
0.000232728
0.000540961
0.000921239
0.00138043
0.00192188
0.00254313
0.00322778
0.00394063
0.00462061
0.00517339
0.00554442
0.00553188
-0.000761974
-0.000824582
-0.000811505
-0.000785084
-0.000728993
-0.00064033
-0.000512661
-0.000337351
-0.000103923
0.000199957
0.000588033
0.00107412
0.00167022
0.00238344
0.00320516
0.00410255
0.00500347
0.0057807
0.00632374
0.00636742
-0.00105261
-0.00112436
-0.00111825
-0.00110405
-0.00106413
-0.000995575
-0.000891131
-0.000740646
-0.000531124
-0.000246243
0.000133849
0.000631795
0.00126972
0.00207429
0.00305089
0.00418072
0.00538885
0.0065147
0.00735032
0.00755498
-0.00138761
-0.00147
-0.00147187
-0.00147258
-0.00145342
-0.00141198
-0.00134075
-0.00122867
-0.00106083
-0.000817378
-0.000472321
7.62245e-06
0.000662863
0.00152695
0.00264851
0.00404265
0.00565667
0.00731852
0.00867604
0.00930028
-0.00176723
-0.00186164
-0.0018716
-0.00188929
-0.00189521
-0.00188825
-0.00186155
-0.00180423
-0.00170087
-0.00152993
-0.00126159
-0.000854983
-0.000256902
0.000594222
0.00179917
0.00343028
0.00551921
0.00797066
0.0102744
0.0118956
-0.00219254
-0.00229977
-0.00231592
-0.00235095
-0.00238495
-0.00241908
-0.00244818
-0.0024631
-0.00245014
-0.00238933
-0.00225152
-0.00199383
-0.00155208
-0.000833273
0.000237044
0.00189814
0.00431316
0.00770923
0.0115709
0.0151157
-0.00266731
-0.00278758
-0.00280497
-0.00285454
-0.00291602
-0.00299453
-0.00308822
-0.00319139
-0.00329469
-0.0033844
-0.00344002
-0.00343017
-0.00330559
-0.00298808
-0.00236584
-0.00137051
0.000498668
0.00422731
0.00971493
0.0163791
-0.00319496
-0.00331716
-0.00331944
-0.00337393
-0.0034613
-0.0035886
-0.00375521
-0.00395924
-0.00419892
-0.00447184
-0.00477544
-0.00510753
-0.00547042
-0.00588354
-0.00644581
-0.00732111
-0.00815926
-0.00640872
-0.000701029
0.0101352
-0.00381114
-0.00395793
-0.00393456
-0.00399104
-0.00408468
-0.00423751
-0.0044573
-0.00475097
-0.00512667
-0.00559705
-0.00618643
-0.00693924
-0.00794783
-0.00939756
-0.0117563
-0.0157349
-0.0218899
-0.0237696
-0.0188516
-0.0029394
-0.00459568
-0.00452754
-0.00440528
-0.00438141
-0.00447507
-0.00468172
-0.0049937
-0.00540832
-0.00593566
-0.00659829
-0.00744577
-0.00856978
-0.0101756
-0.0125847
-0.016707
-0.0233479
-0.0346075
-0.0402734
-0.0372534
-0.0146363
-0.00507895
-0.0055353
-0.00528851
-0.00534983
-0.0053846
-0.00553395
-0.00580533
-0.00621642
-0.0067848
-0.00753275
-0.00852091
-0.00984385
-0.0117957
-0.0146632
-0.019857
-0.0270944
-0.0408889
-0.047346
-0.0445999
-0.00987025
-0.00846186
-0.00592006
-0.00537133
-0.00488477
-0.00490855
-0.00518359
-0.00564858
-0.00624605
-0.00698702
-0.00786524
-0.00896893
-0.0103273
-0.0123452
-0.0150843
-0.0200523
-0.026892
-0.0375051
-0.0407243
-0.031165
0.0203543
-0.00512709
-0.00811202
-0.00720178
-0.00737027
-0.00707537
-0.00699099
-0.00709056
-0.00739918
-0.0079413
-0.00864561
-0.00961778
-0.010784
-0.0126321
-0.0151244
-0.0197473
-0.0254137
-0.0328854
-0.0265514
-0.000619218
0.0826719
-0.030176
-0.00510483
-0.0038969
-0.00327381
-0.00320588
-0.003591
-0.00430863
-0.00508579
-0.00607239
-0.00707065
-0.00838049
-0.00984689
-0.0119007
-0.0143605
-0.0174931
-0.0185675
-0.0147974
0.0139544
0.0823032
0.219832
3.7483e-05
1.02976e-05
3.99726e-05
0.000100305
0.000198566
0.000334906
0.000509994
0.00072441
0.000977906
0.00126886
0.00159367
0.0019461
0.00231665
0.00269199
0.00305496
0.00338524
0.0036602
0.00385708
0.00397265
0.0039538
6.6136e-05
3.78736e-05
7.03407e-05
0.000129391
0.000224244
0.000355605
0.000524621
0.000732266
0.000978659
0.0012626
0.00158095
0.00192769
0.00229434
0.00266771
0.00303082
0.00336319
0.00364162
0.00384289
0.00396548
0.00394536
3.46265e-05
3.68812e-07
3.15194e-05
8.79496e-05
0.00017988
0.000308171
0.000474427
0.000680248
0.00092651
0.00121285
0.001537
0.00189438
0.00227655
0.00267051
0.00305854
0.00341835
0.00372338
0.0039456
0.00408216
0.00405519
-3.41407e-05
-7.28334e-05
-4.3532e-05
9.4978e-06
9.75672e-05
0.000221869
0.000384721
0.00058868
0.000835788
0.00112706
0.00146171
0.00183628
0.00224442
0.0026732
0.0031039
0.00351109
0.00386272
0.00412272
0.00428497
0.00425437
-0.000147251
-0.000190511
-0.000163817
-0.000115023
-3.16572e-05
8.7915e-05
0.000246921
0.000449166
0.000698287
0.000997243
0.0013475
0.00174791
0.00219358
0.00267328
0.00316744
0.00364688
0.00407179
0.0043929
0.0045972
0.00456522
-0.000304299
-0.000352843
-0.000329584
-0.000286254
-0.000209131
-9.60732e-05
5.72185e-05
0.000256066
0.000506119
0.000812921
0.00118093
0.00161237
0.00210635
0.00265392
0.00323567
0.00381859
0.00435268
0.00476898
0.00504036
0.0050119
-0.000505032
-0.000559924
-0.000541129
-0.000505045
-0.000436614
-0.000333201
-0.000189344
2.00354e-06
0.000248924
0.000560287
0.000945051
0.00141059
0.00195884
0.00258914
0.00328481
0.00401011
0.0047029
0.00526698
0.00564605
0.00563522
-0.000749525
-0.000812086
-0.000799003
-0.000772501
-0.000716152
-0.000626972
-0.000498393
-0.000321606
-8.58968e-05
0.000221388
0.000614402
0.00110735
0.00171228
0.00243704
0.00327307
0.00418734
0.00510653
0.00590079
0.00645641
0.00650288
-0.00103782
-0.00110951
-0.00110346
-0.00108927
-0.00104921
-0.000980275
-0.000875068
-0.000723239
-0.000511525
-0.00022323
0.000161993
0.00066739
0.00131567
0.00213445
0.00312881
0.00428086
0.00551464
0.00666617
0.00752191
0.00773121
-0.00136988
-0.00145221
-0.00145424
-0.00145512
-0.00143602
-0.00139445
-0.00132277
-0.00120971
-0.00104008
-0.000793617
-0.000443727
4.37664e-05
0.000710586
0.00159163
0.0027328
0.00415449
0.00580343
0.00750392
0.00889435
0.00952637
-0.00174581
-0.00184015
-0.00185043
-0.00186849
-0.00187477
-0.00186809
-0.00184146
-0.00178382
-0.00167951
-0.00150659
-0.00123465
-0.000821791
-0.000212534
0.000661732
0.00187985
0.00354205
0.00567606
0.00818523
0.0105457
0.0121756
-0.00216649
-0.00227363
-0.00229028
-0.00232598
-0.00236075
-0.0023957
-0.0024256
-0.00244119
-0.00242861
-0.00236763
-0.00222876
-0.00196869
-0.00152318
-0.000803775
0.000280291
0.00198363
0.00445139
0.00792933
0.0118893
0.0154448
-0.00263547
-0.00275563
-0.00277375
-0.00282434
-0.00288707
-0.00296706
-0.00306249
-0.00316763
-0.0032731
-0.00336521
-0.00342342
-0.00341633
-0.00329457
-0.00297821
-0.00233894
-0.00134155
0.00055883
0.0043847
0.0100343
0.0167225
-0.00315596
-0.00327795
-0.0032812
-0.00333705
-0.00342618
-0.00355573
-0.00372512
-0.00393259
-0.00417657
-0.00445495
-0.00476569
-0.00510739
-0.00548358
-0.00591517
-0.00650342
-0.00742123
-0.00831328
-0.00650306
-0.000531498
0.010372
-0.00376412
-0.00391073
-0.00388845
-0.00394662
-0.00404243
-0.00419809
-0.00442156
-0.00472002
-0.00510208
-0.0055811
-0.00618262
-0.00695291
-0.00798799
-0.00947853
-0.0119082
-0.0160126
-0.0223699
-0.0243196
-0.0190549
-0.00295748
-0.00453786
-0.00446947
-0.00434857
-0.00432666
-0.00442274
-0.00463271
-0.00494918
-0.00536982
-0.00590531
-0.00657912
-0.00744271
-0.00859098
-0.0102363
-0.0127083
-0.0169531
-0.0238062
-0.0354483
-0.0413378
-0.0379107
-0.014949
-0.00501656
-0.00547255
-0.00522491
-0.00528762
-0.00532392
-0.00547597
-0.00575134
-0.0061683
-0.00674517
-0.00750503
-0.00851093
-0.00986024
-0.0118577
-0.0147917
-0.02013
-0.0275679
-0.041799
-0.0485181
-0.0452401
-0.0101769
-0.00837961
-0.00583996
-0.00529452
-0.00481006
-0.00483503
-0.00511203
-0.00558046
-0.0061835
-0.00693303
-0.00782316
-0.00894506
-0.0103283
-0.0123915
-0.0151851
-0.020272
-0.0272838
-0.0381742
-0.0415158
-0.0314321
0.0204253
-0.00507609
-0.00805455
-0.00713292
-0.0072986
-0.00699984
-0.00691386
-0.00701306
-0.00732439
-0.00787274
-0.00858663
-0.00957518
-0.0107627
-0.0126494
-0.0151856
-0.0198911
-0.0256434
-0.033218
-0.0268341
-0.000326102
0.083247
-0.0300999
-0.00503058
-0.00381809
-0.0031902
-0.00311927
-0.00350303
-0.00422221
-0.00500294
-0.00599792
-0.0070069
-0.00833548
-0.00982518
-0.0119169
-0.0144233
-0.0176206
-0.0187519
-0.0149871
0.0139161
0.0827837
0.220544
4.12319e-05
1.40974e-05
4.38404e-05
0.000104296
0.000202768
0.000339434
0.000514991
0.000730053
0.000984402
0.00127644
0.00160259
0.00195662
0.002329
0.00270632
0.00307136
0.00340362
0.00368033
0.00387854
0.00399497
0.00397625
6.99609e-05
4.17325e-05
7.42657e-05
0.000133443
0.000228514
0.00036021
0.00052971
0.00073802
0.000985291
0.00127035
0.00159009
0.0019385
0.00230707
0.00268256
0.00304788
0.0033824
0.00366272
0.00386546
0.00398901
0.0039691
3.87652e-05
4.54374e-06
3.57611e-05
9.23217e-05
0.000184479
0.000313121
0.000479888
0.000686418
0.000933624
0.00122118
0.00154684
0.00190608
0.00229049
0.00268694
0.00307761
0.00344002
0.0037474
0.00397147
0.00410923
0.00408253
-2.95095e-05
-6.81632e-05
-3.87944e-05
1.43702e-05
0.000102678
0.000227354
0.000390758
0.000595493
0.000843647
0.00113627
0.00147261
0.00184929
0.00226022
0.00269214
0.00312621
0.00353677
0.00389153
0.00415402
0.00431794
0.00428771
-0.000141956
-0.000185172
-0.000158411
-0.00010948
-2.58643e-05
9.41085e-05
0.000253717
0.000456823
0.000707121
0.0010076
0.00135966
0.00176198
0.00221175
0.00269565
0.00319424
0.00367823
0.00410746
0.00443209
0.0046388
0.00460736
-0.000298162
-0.000346656
-0.000323336
-0.00027987
-0.000202491
-8.90119e-05
6.49311e-05
0.000264734
0.000516128
0.000824677
0.00119443
0.00162425
0.00212727
0.0026806
0.00326821
0.0038573
0.00439745
0.00481885
0.00509378
0.00506612
-0.000497854
-0.000552689
-0.000533844
-0.000497638
-0.000428962
-0.000325126
-0.00018059
1.17968e-05
0.000260257
0.0005739
0.000962389
0.00143676
0.00198521
0.00262108
0.00332411
0.00405772
0.00475903
0.00533059
0.00571499
0.00570536
-0.000741066
-0.000803561
-0.000790455
-0.000763865
-0.00070731
-0.000617744
-0.000488509
-0.000310672
-7.33499e-05
0.000236359
0.000633001
0.00113131
0.00174159
0.00247392
0.00331948
0.00424485
0.00517594
0.0059812
0.0065449
0.00659324
-0.00102778
-0.0010994
-0.00109337
-0.00107915
-0.00103897
-0.000969747
-0.000863989
-0.000711215
-0.000497972
-0.000207305
0.000181485
0.000692041
0.00134722
0.00217547
0.00318177
0.00434811
0.00559817
0.00676578
0.007634
0.0078462
-0.00135788
-0.00144013
-0.00144225
-0.0014432
-0.00142412
-0.00138244
-0.00131043
-0.00119669
-0.00102583
-0.000777314
-0.000424139
6.84596e-05
0.000743005
0.00163516
0.00279063
0.00422913
0.00589938
0.00762327
0.00903327
0.00966991
-0.00173137
-0.00182562
-0.00183608
-0.00185437
-0.00186086
-0.00185435
-0.00182774
-0.00176988
-0.00166494
-0.00149071
-0.00121638
-0.000799327
-0.000182674
0.000704894
0.00194112
0.0036176
0.0057772
0.00832023
0.0107131
0.0123483
-0.00214903
-0.00225605
-0.00227301
-0.00230911
-0.00234436
-0.00237984
-0.00241028
-0.00242633
-0.00241404
-0.00235303
-0.00221352
-0.00195175
-0.00150238
-0.000772598
0.000357963
0.00204597
0.00453979
0.00806503
0.0120809
0.0156437
-0.0026143
-0.0027343
-0.00275288
-0.00280408
-0.0028676
-0.00294856
-0.00304514
-0.00315161
-0.00325862
-0.00335245
-0.00341258
-0.00340767
-0.0032887
-0.00297863
-0.00237015
-0.00132933
0.000598678
0.00448551
0.0102293
0.0169352
-0.00313031
-0.00325207
-0.0032559
-0.00331258
-0.00340281
-0.00353378
-0.00370499
-0.00391477
-0.00416169
-0.00444388
-0.00475961
-0.00510802
-0.00549359
-0.0059389
-0.0065483
-0.00748249
-0.00839587
-0.00654042
-0.000414008
0.0105361
-0.00373361
-0.00387999
-0.00385835
-0.00391751
-0.00401461
-0.00417203
-0.00439785
-0.00469948
-0.00508582
-0.00557074
-0.00618055
-0.00696265
-0.00801521
-0.00953186
-0.0120047
-0.0161792
-0.0226429
-0.024624
-0.0191501
-0.00293565
-0.00450094
-0.00443224
-0.00431213
-0.00429132
-0.00438885
-0.00460083
-0.00492009
-0.00534461
-0.0058855
-0.00656686
-0.00744138
-0.00860597
-0.0102774
-0.0127895
-0.0171093
-0.0240903
-0.0359526
-0.0419786
-0.0382989
-0.0151272
-0.0049776
-0.00543312
-0.00518495
-0.00524827
-0.00528531
-0.00543885
-0.00571657
-0.00613715
-0.0067195
-0.00748736
-0.00850539
-0.00987275
-0.0119008
-0.0148787
-0.0203082
-0.0278753
-0.0423703
-0.0492757
-0.0456727
-0.0104034
-0.00832933
-0.00579058
-0.00524714
-0.00476371
-0.00478926
-0.00506721
-0.00553752
-0.00614384
-0.0068987
-0.00779669
-0.00893108
-0.0103317
-0.0124262
-0.0152574
-0.020424
-0.0275537
-0.0386267
-0.0420731
-0.0316743
0.0203923
-0.00504529
-0.00801938
-0.0070914
-0.00725518
-0.0069539
-0.00686668
-0.0069652
-0.00727785
-0.00782976
-0.00854983
-0.00954952
-0.010752
-0.0126652
-0.0152334
-0.0199948
-0.02581
-0.0334571
-0.0270746
-0.000215845
0.0835357
-0.0300548
-0.00498725
-0.00377227
-0.00314142
-0.00306827
-0.00345051
-0.00416989
-0.00495209
-0.0059517
-0.0069674
-0.00830822
-0.0098144
-0.0119319
-0.0144722
-0.0177134
-0.0188917
-0.0151384
0.0138342
0.0830218
0.220923
4.31194e-05
1.60159e-05
4.58002e-05
0.000106328
0.000204918
0.000341759
0.000517567
0.00073297
0.000987766
0.00128037
0.00160722
0.00196207
0.00233539
0.00271375
0.00307985
0.00341314
0.00369075
0.00388966
0.00400653
0.0039879
7.18833e-05
4.36773e-05
7.62508e-05
0.000135502
0.000230695
0.000362573
0.000532331
0.000740992
0.000988724
0.00127437
0.00159483
0.0019441
0.00231367
0.00269026
0.00305671
0.00339234
0.00367365
0.00387715
0.0040012
0.00398141
4.08433e-05
6.64568e-06
3.79039e-05
9.45406e-05
0.000186824
0.000315657
0.000482697
0.000689601
0.000937302
0.00122549
0.00155195
0.00191215
0.0022977
0.00269544
0.00308746
0.00345121
0.00375981
0.00398483
0.00412322
0.00409667
-2.71848e-05
-6.5813e-05
-3.6403e-05
1.68401e-05
0.00010528
0.000230159
0.000393858
0.000599002
0.000847702
0.00114104
0.00147828
0.00185611
0.00226841
0.00270192
0.0031377
0.00355
0.00390635
0.00417012
0.0043349
0.00430488
-0.000139296
-0.000182484
-0.000155682
-0.000106671
-2.29172e-05
9.72718e-05
0.0002572
0.00046076
0.000711675
0.00101297
0.00136611
0.00176994
0.00222128
0.00270719
0.00320801
0.00369431
0.00412572
0.00445216
0.00466009
0.00462893
-0.000295075
-0.000343537
-0.000320179
-0.000276634
-0.000199115
-8.54088e-05
6.88786e-05
0.000269183
0.000521282
0.000830801
0.001202
0.00163532
0.00213863
0.00269434
0.00328485
0.00387705
0.00442024
0.00484421
0.00512092
0.00509368
-0.000494239
-0.000549037
-0.000530161
-0.000493884
-0.000425072
-0.00032101
-0.000176116
1.68106e-05
0.000266058
0.000580808
0.000970661
0.00144522
0.00199807
0.00263729
0.00334409
0.00408187
0.00478742
0.00536269
0.0057497
0.0057407
-0.000736802
-0.000799257
-0.000786132
-0.000759488
-0.000702818
-0.000613046
-0.000483467
-0.000305085
-6.69368e-05
0.000243985
0.000642331
0.00114284
0.00175634
0.00249262
0.00334297
0.00427383
0.00521076
0.00602137
0.00658899
0.00663826
-0.00102271
-0.00109429
-0.00108826
-0.00107403
-0.00103377
-0.000964395
-0.000858349
-0.000705086
-0.000491061
-0.000199193
0.000191376
0.000704468
0.00136315
0.00219616
0.00320842
0.00438177
0.00563967
0.00681496
0.00768909
0.00790269
-0.00135183
-0.00143403
-0.00143619
-0.00143718
-0.00141809
-0.00137635
-0.00130416
-0.00119007
-0.00101859
-0.000769038
-0.000414215
8.09234e-05
0.00075928
0.00165677
0.00281946
0.0042662
0.00594656
0.00768139
0.00910039
0.00973921
-0.00172411
-0.0018183
-0.00182885
-0.00184724
-0.00185383
-0.00184739
-0.00182079
-0.00176282
-0.00165757
-0.00148269
-0.00120717
-0.00078804
-0.00016785
0.000725321
0.00197028
0.00365469
0.00582636
0.00838491
0.0107924
0.01243
-0.00214028
-0.00224723
-0.00226434
-0.00230063
-0.00233611
-0.00237185
-0.00240255
-0.00241883
-0.0024067
-0.00234569
-0.00220588
-0.00194324
-0.00149182
-0.000756966
0.000384263
0.00207554
0.00458226
0.00812903
0.0121698
0.0157365
-0.00260374
-0.00272366
-0.00274245
-0.00279394
-0.00285784
-0.00293927
-0.00303642
-0.00314357
-0.00325136
-0.00334608
-0.00340723
-0.00340344
-0.00328579
-0.00297768
-0.00237323
-0.00132228
0.000618582
0.00453382
0.0103202
0.0170355
-0.00311759
-0.00323923
-0.00324334
-0.00330041
-0.00339116
-0.00352283
-0.00369493
-0.00390586
-0.00415428
-0.0044384
-0.00475668
-0.0051085
-0.00549876
-0.00595062
-0.00656897
-0.00751077
-0.00843172
-0.00655314
-0.000355863
0.0106178
-0.00371861
-0.00386485
-0.00384351
-0.00390312
-0.00400084
-0.0041591
-0.00438607
-0.00468926
-0.00507776
-0.00556566
-0.00617965
-0.00696767
-0.00802885
-0.00955804
-0.0120509
-0.0162567
-0.0227657
-0.0247591
-0.0191882
-0.00291814
-0.00448297
-0.00441408
-0.00429433
-0.00427403
-0.00437222
-0.00458516
-0.00490577
-0.00533219
-0.00587576
-0.00656091
-0.00744094
-0.0086137
-0.0102979
-0.0128295
-0.0171847
-0.0242253
-0.0361874
-0.042278
-0.0384798
-0.0152101
-0.00495884
-0.00541409
-0.00516567
-0.00522922
-0.00526656
-0.00542078
-0.00569959
-0.00612192
-0.00670695
-0.00747884
-0.00850298
-0.00987947
-0.0119227
-0.0149223
-0.0203957
-0.0280255
-0.0426437
-0.0496445
-0.0458903
-0.0105233
-0.00830548
-0.00576704
-0.00522454
-0.00474153
-0.00476732
-0.00504567
-0.00551682
-0.00612467
-0.00688212
-0.00778402
-0.00892468
-0.0103342
-0.0124446
-0.0152947
-0.0205011
-0.0276899
-0.0388526
-0.0423569
-0.0318135
0.0203602
-0.00503058
-0.00800256
-0.00707176
-0.00723461
-0.00693215
-0.0068443
-0.00694243
-0.00725564
-0.00780918
-0.00853226
-0.00953735
-0.0107478
-0.0126744
-0.0152593
-0.0200487
-0.0258968
-0.0335811
-0.0272084
-0.00018818
0.0836518
-0.0300337
-0.00496712
-0.00375107
-0.00311885
-0.00304459
-0.00342597
-0.00414528
-0.004928
-0.00592967
-0.0069486
-0.00829544
-0.00981011
-0.0119408
-0.0144985
-0.0177624
-0.0189657
-0.015221
0.0137782
0.0831125
0.221085
4.30261e-05
1.59253e-05
4.57146e-05
0.00010625
0.000204847
0.000341696
0.000517512
0.000732923
0.000987726
0.00128034
0.00160719
0.00196205
0.00233538
0.00271374
0.00307984
0.00341313
0.00369075
0.00388965
0.00400653
0.0039879
7.1793e-05
4.35896e-05
7.61678e-05
0.000135426
0.000230625
0.000362511
0.000532278
0.000740946
0.000988685
0.00127434
0.0015948
0.00194408
0.00231365
0.00269024
0.0030567
0.00339233
0.00367364
0.00387715
0.00400119
0.00398141
4.07588e-05
6.56354e-06
3.7826e-05
9.44685e-05
0.000186758
0.000315599
0.000482646
0.000689558
0.000937264
0.00122546
0.00155192
0.00191213
0.00229769
0.00269543
0.00308745
0.0034512
0.0037598
0.00398482
0.00412322
0.00409667
-2.72613e-05
-6.58874e-05
-3.64738e-05
1.6774e-05
0.00010522
0.000230106
0.000393811
0.000598961
0.000847667
0.00114101
0.00147826
0.00185608
0.00226839
0.00270191
0.00313769
0.00354999
0.00390635
0.00417012
0.0043349
0.00430488
-0.000139363
-0.000182549
-0.000155745
-0.00010673
-2.29715e-05
9.72233e-05
0.000257158
0.000460723
0.000711643
0.00101294
0.00136608
0.00176991
0.00222126
0.00270718
0.003208
0.0036943
0.00412572
0.00445215
0.00466008
0.00462892
-0.000295133
-0.000343594
-0.000320233
-0.000276685
-0.000199162
-8.54517e-05
6.88405e-05
0.00026915
0.000521253
0.000830775
0.00120198
0.0016353
0.00213861
0.00269433
0.00328485
0.00387705
0.00442024
0.00484421
0.00512092
0.00509367
-0.000494287
-0.000549085
-0.000530207
-0.000493927
-0.000425113
-0.000321047
-0.000176149
1.67815e-05
0.000266033
0.000580785
0.000970641
0.0014452
0.00199806
0.00263728
0.00334408
0.00408187
0.00478741
0.00536268
0.0057497
0.0057407
-0.000736843
-0.000799297
-0.000786171
-0.000759524
-0.000702852
-0.000613078
-0.000483495
-0.000305109
-6.69577e-05
0.000243966
0.000642314
0.00114283
0.00175632
0.00249261
0.00334296
0.00427383
0.00521075
0.00602136
0.00658898
0.00663825
-0.00102275
-0.00109432
-0.0010883
-0.00107406
-0.0010338
-0.000964421
-0.000858372
-0.000705106
-0.000491078
-0.00019921
0.000191362
0.000704455
0.00136314
0.00219615
0.00320841
0.00438176
0.00563967
0.00681495
0.00768908
0.00790268
-0.00135186
-0.00143406
-0.00143622
-0.0014372
-0.00141811
-0.00137637
-0.00130418
-0.00119009
-0.0010186
-0.00076905
-0.000414225
8.09132e-05
0.000759271
0.00165677
0.00281945
0.00426619
0.00594655
0.00768138
0.00910039
0.0097392
-0.00172414
-0.00181832
-0.00182887
-0.00184726
-0.00185385
-0.00184741
-0.00182081
-0.00176284
-0.00165758
-0.0014827
-0.00120717
-0.00078805
-0.000167861
0.000725311
0.00197027
0.00365469
0.00582636
0.0083849
0.0107924
0.01243
-0.0021403
-0.00224725
-0.00226436
-0.00230065
-0.00233613
-0.00237186
-0.00240256
-0.00241885
-0.00240671
-0.0023457
-0.00220589
-0.00194325
-0.00149182
-0.000756973
0.00038426
0.00207553
0.00458226
0.00812904
0.0121698
0.0157364
-0.00260376
-0.00272367
-0.00274246
-0.00279396
-0.00285786
-0.00293929
-0.00303643
-0.00314357
-0.00325136
-0.00334609
-0.00340723
-0.00340344
-0.0032858
-0.00297769
-0.00237323
-0.00132228
0.000618581
0.00453382
0.0103202
0.0170355
-0.00311761
-0.00323924
-0.00324335
-0.00330042
-0.00339117
-0.00352284
-0.00369494
-0.00390587
-0.00415428
-0.0044384
-0.00475668
-0.00510851
-0.00549876
-0.00595062
-0.00656897
-0.00751077
-0.00843172
-0.00655314
-0.000355861
0.0106178
-0.00371862
-0.00386487
-0.00384352
-0.00390313
-0.00400084
-0.00415911
-0.00438608
-0.00468927
-0.00507777
-0.00556566
-0.00617966
-0.00696767
-0.00802885
-0.00955804
-0.0120509
-0.0162567
-0.0227657
-0.0247591
-0.0191882
-0.00291814
-0.00448298
-0.00441409
-0.00429434
-0.00427403
-0.00437223
-0.00458517
-0.00490578
-0.0053322
-0.00587577
-0.00656091
-0.00744094
-0.0086137
-0.0102979
-0.0128295
-0.0171847
-0.0242253
-0.0361874
-0.042278
-0.0384798
-0.0152101
-0.00495885
-0.0054141
-0.00516568
-0.00522923
-0.00526657
-0.00542078
-0.0056996
-0.00612193
-0.00670696
-0.00747884
-0.00850299
-0.00987947
-0.0119227
-0.0149223
-0.0203957
-0.0280255
-0.0426437
-0.0496445
-0.0458903
-0.0105233
-0.00830549
-0.00576705
-0.00522455
-0.00474153
-0.00476733
-0.00504568
-0.00551683
-0.00612468
-0.00688212
-0.00778402
-0.00892468
-0.0103342
-0.0124446
-0.0152947
-0.0205011
-0.0276899
-0.0388526
-0.0423569
-0.0318135
0.0203602
-0.00503059
-0.00800256
-0.00707177
-0.00723462
-0.00693215
-0.00684431
-0.00694243
-0.00725564
-0.00780918
-0.00853227
-0.00953735
-0.0107478
-0.0126744
-0.0152593
-0.0200487
-0.0258968
-0.0335811
-0.0272084
-0.000188177
0.0836518
-0.0300337
-0.00496713
-0.00375108
-0.00311886
-0.0030446
-0.00342598
-0.00414529
-0.004928
-0.00592968
-0.0069486
-0.00829544
-0.00981011
-0.0119408
-0.0144985
-0.0177624
-0.0189657
-0.015221
0.0137782
0.0831125
0.221085
4.0946e-05
1.38202e-05
4.35796e-05
0.000104057
0.000202553
0.000339244
0.000514825
0.00072991
0.000984281
0.00127634
0.00160251
0.00195655
0.00232894
0.00270628
0.00307133
0.00340359
0.00368031
0.00387852
0.00399495
0.00397624
6.96848e-05
4.14645e-05
7.40131e-05
0.000133211
0.000228305
0.000360025
0.000529549
0.000737881
0.000985174
0.00127025
0.00159001
0.00193843
0.00230702
0.00268252
0.00304784
0.00338237
0.0036627
0.00386545
0.00398899
0.00396909
3.85076e-05
4.29349e-06
3.55246e-05
9.21035e-05
0.000184281
0.000312946
0.000479736
0.000686287
0.000933512
0.00122108
0.00154676
0.00190601
0.00229043
0.0026869
0.00307758
0.00343999
0.00374738
0.00397146
0.00410922
0.00408253
-2.97422e-05
-6.83895e-05
-3.90092e-05
1.41706e-05
0.000102496
0.000227193
0.000390618
0.000595372
0.000843541
0.00113618
0.00147253
0.00184922
0.00226016
0.0026921
0.00312618
0.00353675
0.00389151
0.00415401
0.00431793
0.0042877
-0.00014216
-0.000185371
-0.000158601
-0.000109658
-2.60273e-05
9.39632e-05
0.000253589
0.000456712
0.000707023
0.00100751
0.00135958
0.00176192
0.0022117
0.00269562
0.00319422
0.00367821
0.00410744
0.00443208
0.00463879
0.00460734
-0.000298337
-0.000346827
-0.0003235
-0.000280025
-0.000202633
-8.91401e-05
6.48171e-05
0.000264634
0.000516041
0.0008246
0.00119437
0.0016242
0.00212722
0.00268056
0.00326818
0.00385728
0.00439743
0.00481884
0.00509377
0.00506611
-0.000498001
-0.000552833
-0.000533983
-0.000497769
-0.000429083
-0.000325237
-0.000180689
1.17091e-05
0.00026018
0.000573834
0.000962332
0.00143671
0.00198517
0.00262105
0.00332408
0.0040577
0.00475902
0.00533058
0.00571497
0.00570535
-0.000741189
-0.000803682
-0.000790571
-0.000763974
-0.000707411
-0.000617838
-0.000488593
-0.000310745
-7.34128e-05
0.000236303
0.000632951
0.00113127
0.00174155
0.00247389
0.00331946
0.00424483
0.00517592
0.00598118
0.00654488
0.00659322
-0.00102788
-0.0010995
-0.00109346
-0.00107924
-0.00103905
-0.000969824
-0.000864057
-0.000711274
-0.000498023
-0.000207351
0.000181445
0.000692006
0.00134718
0.00217545
0.00318174
0.00434809
0.00559815
0.00676577
0.00763399
0.00784619
-0.00135796
-0.00144021
-0.00144233
-0.00144328
-0.00142419
-0.00138251
-0.00131049
-0.00119674
-0.00102587
-0.000777351
-0.000424172
6.8428e-05
0.000742979
0.00163514
0.00279061
0.00422911
0.00589936
0.00762326
0.00903326
0.0096699
-0.00173144
-0.00182568
-0.00183614
-0.00185443
-0.00186092
-0.0018544
-0.00182779
-0.00176992
-0.00166497
-0.00149074
-0.0012164
-0.000799349
-0.000182697
0.000704874
0.00194111
0.00361758
0.00577719
0.00832022
0.0107131
0.0123483
-0.00214909
-0.00225611
-0.00227307
-0.00230917
-0.00234441
-0.00237989
-0.00241032
-0.00242636
-0.00241407
-0.00235305
-0.00221354
-0.00195177
-0.0015024
-0.000772605
0.000357949
0.00204596
0.00453978
0.00806503
0.0120809
0.0156437
-0.00261435
-0.00273435
-0.00275293
-0.00280413
-0.00286765
-0.0029486
-0.00304517
-0.00315164
-0.00325864
-0.00335247
-0.0034126
-0.00340768
-0.00328871
-0.00297864
-0.00237016
-0.00132933
0.000598676
0.00448551
0.0102293
0.0169352
-0.00313034
-0.00325211
-0.00325594
-0.00331262
-0.00340285
-0.00353382
-0.00370502
-0.00391479
-0.00416171
-0.00444389
-0.00475962
-0.00510803
-0.00549359
-0.00593891
-0.00654829
-0.00748249
-0.00839586
-0.00654041
-0.000414001
0.0105362
-0.00373365
-0.00388003
-0.00385838
-0.00391754
-0.00401464
-0.00417206
-0.00439788
-0.0046995
-0.00508585
-0.00557076
-0.00618056
-0.00696266
-0.00801521
-0.00953186
-0.0120047
-0.0161792
-0.0226429
-0.024624
-0.01915
-0.00293564
-0.00450097
-0.00443227
-0.00431216
-0.00429135
-0.00438887
-0.00460086
-0.00492012
-0.00534464
-0.00588552
-0.00656687
-0.00744139
-0.00860598
-0.0102774
-0.0127895
-0.0171093
-0.0240903
-0.0359526
-0.0419785
-0.0382989
-0.0151272
-0.00497763
-0.00543315
-0.00518497
-0.00524829
-0.00528533
-0.00543887
-0.00571659
-0.00613717
-0.00671951
-0.00748738
-0.0085054
-0.00987275
-0.0119008
-0.0148787
-0.0203082
-0.0278753
-0.0423703
-0.0492757
-0.0456727
-0.0104034
-0.00832936
-0.0057906
-0.00524716
-0.00476373
-0.00478928
-0.00506723
-0.00553754
-0.00614385
-0.00689872
-0.0077967
-0.00893109
-0.0103317
-0.0124262
-0.0152574
-0.020424
-0.0275537
-0.0386267
-0.0420731
-0.0316743
0.0203923
-0.00504532
-0.00801941
-0.00709142
-0.0072552
-0.00695392
-0.0068667
-0.00696521
-0.00727787
-0.00782978
-0.00854984
-0.00954953
-0.010752
-0.0126652
-0.0152334
-0.0199948
-0.02581
-0.0334571
-0.0270746
-0.000215835
0.0835357
-0.0300548
-0.00498727
-0.00377229
-0.00314145
-0.0030683
-0.00345053
-0.0041699
-0.00495211
-0.00595172
-0.00696741
-0.00830823
-0.00981441
-0.0119319
-0.0144722
-0.0177134
-0.0188917
-0.0151384
0.0138342
0.0830218
0.220923
3.69856e-05
9.81732e-06
3.95238e-05
9.98965e-05
0.000198202
0.000334587
0.000509717
0.000724173
0.000977706
0.00126869
0.00159353
0.001946
0.00231657
0.00269192
0.00305491
0.0033852
0.00366016
0.00385704
0.00397263
0.00395378
6.56572e-05
3.74107e-05
6.99073e-05
0.000128996
0.000223891
0.000355295
0.000524352
0.000732035
0.000978464
0.00126243
0.00158081
0.00192758
0.00229425
0.00266764
0.00303076
0.00336315
0.00364158
0.00384286
0.00396546
0.00394534
3.41824e-05
-6.12054e-08
3.11154e-05
8.75796e-05
0.000179548
0.000307878
0.000474173
0.00068003
0.000926323
0.00121269
0.00153686
0.00189427
0.00227646
0.00267043
0.00305848
0.00341831
0.00372335
0.00394558
0.00408214
0.00405517
-3.45391e-05
-7.32199e-05
-4.3897e-05
9.16094e-06
9.72629e-05
0.0002216
0.000384487
0.000588478
0.000835613
0.00112691
0.00146158
0.00183617
0.00224433
0.00267313
0.00310385
0.00351105
0.0038627
0.0041227
0.00428495
0.00425435
-0.000147598
-0.000190849
-0.000164138
-0.000115322
-3.19293e-05
8.7673e-05
0.000246708
0.000448981
0.000698126
0.000997103
0.00134737
0.0017478
0.0021935
0.00267322
0.00316739
0.00364684
0.00407176
0.00439288
0.00459718
0.0045652
-0.000304595
-0.000353131
-0.000329861
-0.000286513
-0.000209368
-9.62864e-05
5.70289e-05
0.000255899
0.000505974
0.000812795
0.00118082
0.00161228
0.00210628
0.00265386
0.00323563
0.00381855
0.00435265
0.00476895
0.00504033
0.00501187
-0.00050528
-0.000560166
-0.000541361
-0.000505263
-0.000436816
-0.000333386
-0.00018951
1.85716e-06
0.000248797
0.000560179
0.000944959
0.00141051
0.00195877
0.00258909
0.00328477
0.00401007
0.00470287
0.00526695
0.00564603
0.0056352
-0.000749732
-0.000812287
-0.000799196
-0.000772682
-0.000716321
-0.000627128
-0.000498534
-0.00032173
-8.60039e-05
0.000221295
0.000614324
0.00110729
0.00171222
0.00243699
0.00327303
0.0041873
0.0051065
0.00590077
0.00645639
0.00650286
-0.00103799
-0.00110968
-0.00110362
-0.00108942
-0.00104935
-0.000980404
-0.000875183
-0.000723341
-0.000511615
-0.000223307
0.000161927
0.000667333
0.00131562
0.0021344
0.00312877
0.00428083
0.00551462
0.00666614
0.00752189
0.00773119
-0.00137002
-0.00145235
-0.00145437
-0.00145524
-0.00143613
-0.00139456
-0.00132286
-0.00120979
-0.00104015
-0.000793678
-0.00044378
4.37176e-05
0.000710542
0.0015916
0.00273277
0.00415446
0.00580341
0.0075039
0.00889434
0.00952636
-0.00174593
-0.00184027
-0.00185053
-0.0018686
-0.00187487
-0.00186818
-0.00184153
-0.00178388
-0.00167957
-0.00150664
-0.00123469
-0.000821829
-0.000212565
0.0006617
0.00187982
0.00354203
0.00567604
0.00818522
0.0105457
0.0121756
-0.00216659
-0.00227373
-0.00229037
-0.00232607
-0.00236083
-0.00239577
-0.00242567
-0.00244125
-0.00242866
-0.00236767
-0.00222879
-0.00196872
-0.00152321
-0.000803796
0.000280277
0.00198362
0.00445138
0.00792933
0.0118893
0.0154448
-0.00263555
-0.0027557
-0.00277383
-0.00282441
-0.00288714
-0.00296713
-0.00306254
-0.00316767
-0.00327315
-0.00336524
-0.00342345
-0.00341635
-0.00329458
-0.00297822
-0.00233895
-0.00134156
0.000558828
0.0043847
0.0100343
0.0167225
-0.00315603
-0.00327802
-0.00328126
-0.00333711
-0.00342624
-0.00355578
-0.00372517
-0.00393263
-0.00417661
-0.00445498
-0.00476571
-0.0051074
-0.00548358
-0.00591518
-0.00650343
-0.00742123
-0.00831328
-0.00650306
-0.000531492
0.010372
-0.00376418
-0.00391079
-0.00388851
-0.00394668
-0.00404248
-0.00419814
-0.0044216
-0.00472006
-0.00510211
-0.00558113
-0.00618264
-0.00695293
-0.00798799
-0.00947853
-0.0119082
-0.0160126
-0.0223699
-0.0243196
-0.0190549
-0.00295746
-0.00453791
-0.00446953
-0.00434862
-0.0043267
-0.00442278
-0.00463275
-0.00494922
-0.00536986
-0.00590534
-0.00657915
-0.00744273
-0.00859099
-0.0102363
-0.0127083
-0.0169531
-0.0238062
-0.0354483
-0.0413378
-0.0379107
-0.014949
-0.00501661
-0.0054726
-0.00522495
-0.00528766
-0.00532396
-0.00547601
-0.00575138
-0.00616833
-0.0067452
-0.00750505
-0.00851094
-0.00986025
-0.0118577
-0.0147916
-0.02013
-0.0275679
-0.041799
-0.0485181
-0.0452401
-0.0101769
-0.00837965
-0.00584
-0.00529456
-0.0048101
-0.00483507
-0.00511206
-0.00558049
-0.00618353
-0.00693306
-0.00782318
-0.00894507
-0.0103283
-0.0123915
-0.015185
-0.020272
-0.0272838
-0.0381742
-0.0415158
-0.0314321
0.0204253
-0.00507612
-0.00805458
-0.00713296
-0.00729864
-0.00699987
-0.0069139
-0.00701309
-0.00732441
-0.00787276
-0.00858665
-0.00957519
-0.0107627
-0.0126494
-0.0151856
-0.0198911
-0.0256434
-0.033218
-0.0268341
-0.00032609
0.083247
-0.0300999
-0.00503061
-0.00381813
-0.00319024
-0.00311931
-0.00350306
-0.00422224
-0.00500297
-0.00599795
-0.00700692
-0.00833549
-0.00982519
-0.0119169
-0.0144233
-0.0176206
-0.0187519
-0.0149871
0.0139161
0.0827837
0.220544
3.13596e-05
4.1581e-06
3.38133e-05
9.4068e-05
0.000192128
0.000328102
0.00050261
0.000716187
0.000968541
0.00125801
0.00158097
0.00193118
0.00229917
0.00267169
0.00303176
0.00335923
0.00363175
0.00382677
0.0039412
0.0039222
5.99015e-05
3.16455e-05
6.40918e-05
0.000123057
0.000217697
0.000348676
0.000517093
0.000723875
0.000969092
0.0012515
0.00156792
0.00191233
0.00227629
0.00264667
0.00300666
0.00333602
0.00361177
0.003811
0.00393229
0.00391192
2.79592e-05
-6.29697e-06
2.48265e-05
8.11614e-05
0.000172862
0.000300746
0.000466363
0.000671256
0.000916243
0.00120091
0.00152292
0.00187768
0.00225672
0.00264717
0.00303147
0.0033876
0.0036893
0.00390894
0.00404381
0.00401651
-4.14891e-05
-8.01864e-05
-5.09199e-05
2.00104e-06
8.98181e-05
0.000213676
0.000375827
0.000578758
0.000824437
0.00111381
0.001446
0.00181748
0.00222179
0.00264617
0.00307211
0.00347447
0.00382164
0.00407808
0.00423796
0.0042069
-0.000155516
-0.000198788
-0.000172136
-0.000123463
-4.03741e-05
7.87094e-05
0.000236936
0.000438022
0.000685509
0.000982262
0.00132966
0.0017264
0.00216719
0.00264117
0.00312901
0.00360188
0.00402054
0.00433653
0.00453737
0.00450469
-0.000313735
-0.000362301
-0.000339084
-0.000295879
-0.000219049
-0.00010652
4.59123e-05
0.000243457
0.000491634
0.000795856
0.00116053
0.00158798
0.00207531
0.00261539
0.00318872
0.00376258
0.00428773
0.00469649
0.00496264
0.00493311
-0.000515936
-0.00057086
-0.000552093
-0.000516119
-0.000447976
-0.000345106
-0.000202159
-1.22357e-05
0.000232553
0.000540813
0.000921114
0.00138032
0.0019218
0.00254306
0.00322772
0.00394058
0.00462057
0.00517335
0.00554438
0.00553185
-0.000762264
-0.000824864
-0.000811774
-0.000785337
-0.000729228
-0.000640547
-0.000512856
-0.000337522
-0.000104071
0.000199828
0.000587926
0.00107403
0.00167014
0.00238338
0.00320511
0.0041025
0.00500343
0.00578067
0.0063237
0.00636739
-0.00105285
-0.00112459
-0.00111847
-0.00110425
-0.00106432
-0.000995752
-0.00089129
-0.000740787
-0.00053125
-0.000246352
0.000133757
0.000631717
0.00126965
0.00207423
0.00305084
0.00418068
0.00538882
0.00651467
0.0073503
0.00755496
-0.0013878
-0.00147019
-0.00147205
-0.00147275
-0.00145358
-0.00141212
-0.00134088
-0.00122878
-0.00106093
-0.000817466
-0.000472397
7.55558e-06
0.000662804
0.0015269
0.00264846
0.00404262
0.00565664
0.0073185
0.00867603
0.00930027
-0.00176739
-0.00186179
-0.00187175
-0.00188943
-0.00189533
-0.00188837
-0.00186165
-0.00180432
-0.00170095
-0.00153
-0.00126165
-0.000855038
-0.000256951
0.000594182
0.00179913
0.00343025
0.00551919
0.00797064
0.0102744
0.0118956
-0.00219267
-0.0022999
-0.00231604
-0.00235107
-0.00238506
-0.00241917
-0.00244826
-0.00246317
-0.0024502
-0.00238939
-0.00225157
-0.00199387
-0.00155212
-0.000833307
0.000237023
0.00189813
0.00431315
0.00770922
0.0115709
0.0151157
-0.00266741
-0.00278769
-0.00280508
-0.00285464
-0.00291612
-0.00299461
-0.00308829
-0.00319145
-0.00329475
-0.00338445
-0.00344006
-0.0034302
-0.00330562
-0.00298809
-0.00236586
-0.00137052
0.000498662
0.00422731
0.00971493
0.0163791
-0.00319505
-0.00331725
-0.00331953
-0.00337401
-0.00346138
-0.00358868
-0.00375528
-0.0039593
-0.00419897
-0.00447188
-0.00477547
-0.00510755
-0.00547044
-0.00588356
-0.00644582
-0.00732111
-0.00815926
-0.00640871
-0.000701016
0.0101353
-0.00381122
-0.00395801
-0.00393464
-0.00399111
-0.00408474
-0.00423757
-0.00445736
-0.00475103
-0.00512672
-0.00559709
-0.00618646
-0.00693926
-0.00794784
-0.00939757
-0.0117563
-0.0157349
-0.0218899
-0.0237696
-0.0188516
-0.00293938
-0.00459575
-0.00452762
-0.00440534
-0.00438148
-0.00447512
-0.00468177
-0.00499376
-0.00540837
-0.0059357
-0.00659832
-0.0074458
-0.0085698
-0.0101756
-0.0125847
-0.016707
-0.0233479
-0.0346075
-0.0402734
-0.0372534
-0.0146362
-0.00507902
-0.00553537
-0.00528858
-0.00534988
-0.00538466
-0.005534
-0.00580537
-0.00621646
-0.00678483
-0.00753278
-0.00852093
-0.00984387
-0.0117957
-0.0146632
-0.019857
-0.0270944
-0.0408889
-0.047346
-0.0445999
-0.00987024
-0.00846192
-0.00592011
-0.00537138
-0.00488483
-0.00490861
-0.00518364
-0.00564862
-0.00624609
-0.00698706
-0.00786527
-0.00896895
-0.0103273
-0.0123452
-0.0150843
-0.0200523
-0.0268919
-0.0375051
-0.0407243
-0.031165
0.0203544
-0.00512714
-0.00811207
-0.00720183
-0.00737032
-0.00707542
-0.00699104
-0.0070906
-0.00739921
-0.00794134
-0.00864563
-0.0096178
-0.010784
-0.0126321
-0.0151244
-0.0197473
-0.0254137
-0.0328854
-0.0265514
-0.000619199
0.0826719
-0.0301761
-0.00510488
-0.00389695
-0.00327385
-0.00320593
-0.00359105
-0.00430867
-0.00508583
-0.00607242
-0.00707068
-0.00838051
-0.0098469
-0.0119007
-0.0143605
-0.0174931
-0.0185675
-0.0147974
0.0139544
0.0823032
0.219832
2.43847e-05
-2.7793e-06
2.68632e-05
8.70363e-05
0.000184846
0.000320356
0.000494133
0.000706658
0.000957585
0.0012452
0.00156584
0.00191328
0.00227807
0.00264709
0.00300355
0.00332758
0.00359711
0.00378994
0.00390303
0.003884
5.26731e-05
2.44855e-05
5.69185e-05
0.000115799
0.000210181
0.000340689
0.000508366
0.000714081
0.000957843
0.00123835
0.00155238
0.00189389
0.00225451
0.0026212
0.00297734
0.00330296
0.00357545
0.00377225
0.00389202
0.00387148
2.00603e-05
-1.4125e-05
1.69836e-05
7.32312e-05
0.000164665
0.000292058
0.000456896
0.000660653
0.000904072
0.00118666
0.00150603
0.00185751
0.0022327
0.00261879
0.00299848
0.00335003
0.00364764
0.00386415
0.00399703
0.0039695
-5.03981e-05
-8.90224e-05
-5.97733e-05
-6.94363e-06
8.05913e-05
0.000203924
0.000365233
0.000566914
0.000810839
0.00109785
0.00142696
0.00179454
0.00219415
0.00261309
0.00303309
0.00342942
0.00377104
0.00402311
0.00418014
0.00414869
-0.000165723
-0.000208922
-0.000182287
-0.00013371
-5.09231e-05
6.75904e-05
0.000224885
0.000424566
0.000670041
0.000964027
0.00130773
0.00169963
0.00213458
0.00260153
0.00308145
0.00354601
0.00395676
0.00426634
0.00446288
0.00442954
-0.000325555
-0.000374047
-0.000350843
-0.000307729
-0.000231215
-0.000119299
3.21089e-05
0.000228071
0.000473934
0.000774907
0.00113519
0.00155689
0.00203657
0.00256739
0.00313001
0.00369224
0.00420588
0.00460496
0.00486443
0.00483377
-0.000529741
-0.00058459
-0.000565815
-0.00052991
-0.000462072
-0.000359826
-0.000217967
-2.97773e-05
0.000212395
0.000516856
0.000891814
0.0013438
0.00187587
0.00248525
0.00315555
0.00385212
0.00451523
0.00505313
0.00541355
0.00539903
-0.000778523
-0.000841045
-0.000827904
-0.000801475
-0.000745606
-0.000657496
-0.000530873
-0.000357322
-0.000126667
0.000173041
0.00055507
0.00103272
0.00161725
0.00231536
0.00311814
0.00399296
0.00486924
0.00562332
0.00614917
0.00618925
-0.00107217
-0.00114383
-0.00113758
-0.00112325
-0.00108341
-0.00101525
-0.000911689
-0.00076283
-0.000556027
-0.000275426
9.81902e-05
0.000586644
0.00121109
0.00199711
0.00294982
0.00404926
0.00522185
0.00631162
0.00711867
0.00731668
-0.00141099
-0.00149329
-0.00149488
-0.00149527
-0.00147594
-0.00143457
-0.00136385
-0.00125297
-0.0010874
-0.000847828
-0.000509013
-3.88186e-05
0.000601495
0.00144345
0.00253819
0.00389355
0.00545774
0.00706341
0.00837169
0.00898362
-0.0017955
-0.00188981
-0.0018993
-0.00191638
-0.00192172
-0.00191433
-0.00188749
-0.00183056
-0.00172849
-0.00156021
-0.00129668
-0.000898298
-0.000314271
0.000509865
0.00169356
0.00327893
0.00530181
0.00766661
0.00988192
0.011488
-0.0022271
-0.00233421
-0.00234964
-0.00238365
-0.00241654
-0.0024495
-0.0024775
-0.00249157
-0.00247824
-0.00241789
-0.00228186
-0.00202791
-0.00159219
-0.000878077
0.000170071
0.00177898
0.00411768
0.00738963
0.0110957
0.0146236
-0.00270993
-0.00283008
-0.0028464
-0.00289443
-0.00295411
-0.00303053
-0.00312189
-0.00322252
-0.00332314
-0.00341006
-0.00346283
-0.00345014
-0.00332305
-0.00300551
-0.00239937
-0.00140927
0.000422011
0.00401503
0.00924393
0.0158789
-0.0032479
-0.00337002
-0.00337089
-0.00342328
-0.00350807
-0.00363219
-0.00379498
-0.00399445
-0.00422865
-0.00449477
-0.00478955
-0.0051097
-0.00545556
-0.00584367
-0.00636651
-0.00717058
-0.00790697
-0.00621176
-0.000909819
0.00984292
-0.0038762
-0.00402279
-0.00399772
-0.00405141
-0.0041417
-0.00429035
-0.00450496
-0.00479217
-0.00515958
-0.00561893
-0.00619287
-0.00692304
-0.00789615
-0.00928836
-0.0115414
-0.0153193
-0.0211279
-0.0228682
-0.0184642
-0.00281223
-0.00467746
-0.00460906
-0.00448461
-0.00445752
-0.00454731
-0.00474884
-0.00505422
-0.00546039
-0.00597683
-0.00662488
-0.00745174
-0.0085444
-0.0100975
-0.0124195
-0.0163636
-0.0226899
-0.0333513
-0.0386852
-0.0362477
-0.014157
-0.00517068
-0.00562642
-0.00538069
-0.0054389
-0.00547057
-0.00561511
-0.00587996
-0.00628236
-0.00683913
-0.00757124
-0.00853681
-0.00982652
-0.0117196
-0.0144992
-0.0194916
-0.0264542
-0.0396092
-0.0457655
-0.0437857
-0.00955048
-0.00858548
-0.00603881
-0.00548522
-0.00499461
-0.00501595
-0.00528704
-0.00574575
-0.00633409
-0.00706234
-0.00792448
-0.00900505
-0.0103333
-0.0122955
-0.0149666
-0.0197831
-0.026408
-0.036663
-0.039789
-0.0310332
0.020014
-0.00520954
-0.00820124
-0.00730913
-0.00748038
-0.00719009
-0.00710646
-0.0072043
-0.00750705
-0.00803871
-0.0087292
-0.00967969
-0.010821
-0.0126216
-0.015063
-0.0195823
-0.0251505
-0.0325061
-0.0263283
-0.00129529
0.0815905
-0.0302975
-0.00522544
-0.00402487
-0.00340803
-0.00334241
-0.00372641
-0.00443862
-0.00520763
-0.00618033
-0.00716254
-0.00844736
-0.00988489
-0.0118919
-0.0142972
-0.0173562
-0.0183712
-0.0146333
0.0138306
0.0813509
0.218546
1.64827e-05
-1.04146e-05
1.93173e-05
7.95171e-05
0.000177124
0.00031217
0.000485169
0.000696544
0.000945886
0.00123143
0.00154946
0.00189376
0.00225493
0.00261999
0.00297237
0.00329253
0.00355878
0.00374933
0.00386115
0.00384246
4.42301e-05
1.63424e-05
4.88495e-05
0.000107757
0.000201947
0.000332011
0.000498937
0.000703525
0.000945717
0.00122414
0.00153553
0.00187381
0.0022307
0.00259324
0.00294505
0.0032665
0.00353542
0.00372968
0.00384797
0.00382763
1.0665e-05
-2.31881e-05
7.99405e-06
6.42775e-05
0.000155521
0.000282463
0.000446523
0.000649095
0.000890834
0.00117116
0.00148761
0.00183546
0.00220633
0.00258754
0.00296202
0.00330843
0.00360152
0.00381472
0.00394558
0.00391824
-6.11451e-05
-9.94101e-05
-7.00891e-05
-1.72181e-05
7.01206e-05
0.00019298
0.000353453
0.000553839
0.00079589
0.00108032
0.00140603
0.00176925
0.0021636
0.0025764
0.00298968
0.00337918
0.00371457
0.00396191
0.00411595
0.00408458
-0.000178111
-0.000220925
-0.000194219
-0.000145598
-6.30248e-05
5.49692e-05
0.000211335
0.000409547
0.000652855
0.000943795
0.00128336
0.00166976
0.00209817
0.00255713
0.00302798
0.003483
0.00388472
0.00418715
0.004379
0.00434552
-0.000339924
-0.000388007
-0.000364727
-0.000321563
-0.000245278
-0.00013393
1.64402e-05
0.000210729
0.000454074
0.000751434
0.00110675
0.0015219
0.00199286
0.00251302
0.00306319
0.00361181
0.004112
0.00449995
0.00475185
0.00472057
-0.000546523
-0.000600935
-0.000582067
-0.000546085
-0.000478465
-0.000376809
-0.000236068
-4.97367e-05
0.000189561
0.000489782
0.000858725
0.00130249
0.00182359
0.00241898
0.00307221
0.00374931
0.00439221
0.00491239
0.00526029
0.00524409
-0.000798283
-0.000860336
-0.000847056
-0.000820479
-0.000764763
-0.000677189
-0.000551677
-0.00038007
-0.000152538
0.000142421
0.000517513
0.000985369
0.00155628
0.0022363
0.00301606
0.00386325
0.00470918
0.0054347
0.00593939
0.00597546
-0.00109567
-0.00116681
-0.00116033
-0.00114571
-0.00110587
-0.00103806
-0.000935443
-0.000788412
-0.000584731
-0.000309108
5.69231e-05
0.000534188
0.00114259
0.00190639
0.00282917
0.00389039
0.00501801
0.00606163
0.00683184
0.00702089
-0.00143924
-0.00152097
-0.00152218
-0.00152204
-0.00150239
-0.00146102
-0.00139083
-0.00128133
-0.00111846
-0.00088353
-0.000552229
-9.36839e-05
0.000529273
0.00134598
0.00240428
0.00370931
0.00520885
0.00674021
0.00798186
0.00857492
-0.0018299
-0.00192355
-0.00193243
-0.00194861
-0.00195316
-0.00194515
-0.00191809
-0.00186165
-0.00176121
-0.00159634
-0.00133892
-0.00095068
-0.000382416
0.000420487
0.00156242
0.00308733
0.00502321
0.00727038
0.00936148
0.0109396
-0.00226954
-0.00237589
-0.00239037
-0.00242296
-0.00245434
-0.00248578
-0.00251243
-0.00252554
-0.002512
-0.00245264
-0.00231955
-0.00207158
-0.00164691
-0.000954348
7.08371e-05
0.00162273
0.00386334
0.00696574
0.0104513
0.0139438
-0.00276296
-0.00288222
-0.00289711
-0.00294297
-0.00300021
-0.00307391
-0.00316237
-0.00326002
-0.00335772
-0.00344192
-0.00349229
-0.00347774
-0.00334974
-0.00303406
-0.00243673
-0.00145284
0.000338988
0.00376849
0.00862787
0.0152207
-0.00331504
-0.00343616
-0.00343509
-0.00348444
-0.00356563
-0.00368547
-0.00384335
-0.00403728
-0.00426514
-0.00452376
-0.00480906
-0.00511634
-0.00544253
-0.00579844
-0.00626192
-0.00695091
-0.00750842
-0.00582362
-0.00106055
0.00959324
-0.00396088
-0.00410597
-0.00407838
-0.0041277
-0.00421301
-0.00435576
-0.00456347
-0.00484254
-0.00520008
-0.00564674
-0.00620314
-0.00690704
-0.00783678
-0.00915381
-0.0112613
-0.0147446
-0.0199875
-0.0214558
-0.0176731
-0.00236304
-0.00478692
-0.00471675
-0.00458899
-0.0045567
-0.0046404
-0.00483423
-0.00513024
-0.00552519
-0.00602802
-0.00665883
-0.00746187
-0.00851811
-0.0100077
-0.0122186
-0.0159264
-0.0218249
-0.0316165
-0.0364636
-0.0346616
-0.0133025
-0.00530141
-0.00575326
-0.00550835
-0.00555994
-0.00558518
-0.00572103
-0.00597541
-0.00636514
-0.00690655
-0.00761967
-0.00855939
-0.00981182
-0.0116373
-0.0143115
-0.0190512
-0.025671
-0.0379891
-0.0438736
-0.0427193
-0.00924602
-0.00876424
-0.0062073
-0.00564734
-0.00514925
-0.00516536
-0.00542813
-0.00587502
-0.00644855
-0.00715898
-0.00800027
-0.00905441
-0.0103506
-0.0122531
-0.0148485
-0.0194996
-0.025893
-0.0357491
-0.0389007
-0.0310353
0.0192333
-0.00535296
-0.00834313
-0.00747597
-0.00764628
-0.00735897
-0.00727179
-0.00736169
-0.00765166
-0.00816583
-0.0088367
-0.00976081
-0.0108773
-0.0126267
-0.0150191
-0.019423
-0.0249075
-0.0321541
-0.0263496
-0.00230604
0.0797607
-0.030495
-0.00542558
-0.00423509
-0.00362251
-0.00355308
-0.00392752
-0.00462471
-0.0053763
-0.0063264
-0.00728557
-0.00853934
-0.00994546
-0.0119002
-0.0142545
-0.0172246
-0.0182372
-0.0145669
0.0133741
0.0798149
0.216274
8.14996e-06
-1.79582e-05
1.20157e-05
7.24079e-05
0.000169899
0.000304525
0.00047676
0.000686966
0.000934671
0.00121804
0.00153332
0.00187421
0.00223158
0.00259242
0.00294045
0.00325652
0.00351944
0.00370792
0.00381882
0.00380137
3.46752e-05
7.68869e-06
4.04005e-05
9.95266e-05
0.000193654
0.00032338
0.000489641
0.000693173
0.000933844
0.00121021
0.00151894
0.00185397
0.00220694
0.00256515
0.00291245
0.00322961
0.00349494
0.00368689
0.00380401
0.00378477
-2.43801e-07
-3.30793e-05
-1.68561e-06
5.48491e-05
0.000146058
0.000272682
0.000436083
0.000637571
0.000877708
0.00115582
0.00146935
0.0018135
0.00217991
0.00255605
0.00292511
0.00326621
0.00355472
0.00376482
0.00389401
0.00386789
-7.38334e-05
-0.000110987
-8.1453e-05
-2.83053e-05
5.90136e-05
0.000181557
0.000341343
0.000540563
0.000780844
0.00106276
0.00138508
0.00174389
0.00213279
0.00253921
0.00294545
0.00332783
0.00365687
0.00389964
0.00405101
0.00402092
-0.000192803
-0.000234408
-0.000207491
-0.00015858
-7.60355e-05
4.16053e-05
0.000197196
0.000394071
0.000635312
0.000923253
0.00125866
0.00163944
0.00206102
0.0025116
0.00297287
0.00341782
0.00381014
0.00410545
0.0042929
0.00426067
-0.00035695
-0.00040372
-0.000380232
-0.000336767
-0.000260527
-0.000149586
-1.08526e-07
0.000192622
0.000433517
0.000727253
0.00107747
0.00148583
0.0019476
0.00245646
0.00299328
0.00352728
0.00401315
0.00438963
0.00463406
0.00460371
-0.000566352
-0.000619337
-0.000600254
-0.000563941
-0.000496363
-0.000395144
-0.000255396
-7.08393e-05
0.000165602
0.000461502
0.000824192
0.00125928
0.00176866
0.00234889
0.00298346
0.00363917
0.00425998
0.00476125
0.00509618
0.00507986
-0.000821559
-0.000882051
-0.000868525
-0.000841543
-0.000785806
-0.00069863
-0.000574126
-0.000404422
-0.000180065
0.000109951
0.000477706
0.000935076
0.00149123
0.00215117
0.00290512
0.00372121
0.00453305
0.00522687
0.00570861
0.00574159
-0.00112327
-0.0011927
-0.00118589
-0.00117072
-0.00113068
-0.0010631
-0.000961338
-0.00081614
-0.000615725
-0.000345429
1.23763e-05
0.00047743
0.00106816
0.00180666
0.00269491
0.00371195
0.00478762
0.00577813
0.00650651
0.0066849
-0.00147239
-0.0015522
-0.00155293
-0.00155197
-0.0015318
-0.00149026
-0.00142052
-0.00131245
-0.00115251
-0.000922764
-0.000599973
-0.000154761
0.000448346
0.00123598
0.00225086
0.00349621
0.0049191
0.00636209
0.0075241
0.00808991
-0.00187029
-0.00196179
-0.00196995
-0.00198485
-0.00198833
-0.00197947
-0.00195207
-0.00189616
-0.00179764
-0.00163689
-0.00138688
-0.00101096
-0.000461861
0.000313105
0.00140545
0.00285755
0.00468821
0.00679176
0.00872912
0.0102574
-0.0023196
-0.00242349
-0.00243688
-0.00246751
-0.00249696
-0.00252649
-0.00255151
-0.00256361
-0.00255012
-0.00249255
-0.00236392
-0.00212461
-0.00171551
-0.00104977
-5.93651e-05
0.00142664
0.00355031
0.00644311
0.00965123
0.013074
-0.00282617
-0.00294251
-0.00295569
-0.00299858
-0.00305267
-0.00312298
-0.00320799
-0.00330237
-0.00339724
-0.00347936
-0.00352868
-0.00351443
-0.00338873
-0.00307796
-0.00248723
-0.00150254
0.00027241
0.00349942
0.00789078
0.0144121
-0.00339662
-0.00351433
-0.00351088
-0.00355599
-0.00363232
-0.0037466
-0.00389843
-0.00408597
-0.00430711
-0.00455844
-0.00483505
-0.00513003
-0.00543718
-0.00575829
-0.00614723
-0.00667045
-0.00690222
-0.0052345
-0.0011112
0.00945375
-0.00406684
-0.00420703
-0.00417601
-0.00421868
-0.00429686
-0.00443158
-0.00463049
-0.00489984
-0.00524639
-0.00567982
-0.00621862
-0.00689573
-0.00777919
-0.00900989
-0.01094
-0.0140456
-0.0185508
-0.0195218
-0.0164206
-0.00147231
-0.00492857
-0.00485255
-0.00472006
-0.00467962
-0.00475398
-0.00493657
-0.00521972
-0.00560033
-0.00608713
-0.00669893
-0.0074774
-0.0084964
-0.00991883
-0.012004
-0.0154332
-0.0208044
-0.029475
-0.0336457
-0.032576
-0.0119946
-0.00548705
-0.00592614
-0.00568024
-0.00571773
-0.00573047
-0.00585168
-0.00609003
-0.00646206
-0.00698432
-0.00767523
-0.00858812
-0.00980387
-0.0115622
-0.014124
-0.0185883
-0.0248049
-0.0361732
-0.0418794
-0.0418885
-0.00904244
-0.00901431
-0.00643854
-0.00587283
-0.00536202
-0.00536624
-0.00561162
-0.00603752
-0.00658729
-0.00727291
-0.00808851
-0.00911538
-0.010381
-0.0122313
-0.0147432
-0.0192752
-0.0254264
-0.0349803
-0.0384136
-0.0321881
0.0177093
-0.00562362
-0.00858591
-0.00774321
-0.007901
-0.00760597
-0.00750219
-0.00757199
-0.00783598
-0.00832198
-0.00896596
-0.00985891
-0.0109522
-0.0126583
-0.0150061
-0.0193173
-0.0247219
-0.0319779
-0.0268867
-0.0047603
0.0767587
-0.0308108
-0.00575312
-0.00457447
-0.00395673
-0.00386764
-0.00421477
-0.00488008
-0.00559791
-0.00651388
-0.00743806
-0.00866031
-0.0100296
-0.0119457
-0.0142517
-0.0171742
-0.0182107
-0.0148096
0.0122434
0.0767704
0.212304
1.88867e-07
-2.36105e-05
6.98178e-06
6.78537e-05
0.000165309
0.000299485
0.000470874
0.000679802
0.000925737
0.00120679
0.00151917
0.0018566
0.00220989
0.00256628
0.00290977
0.00322166
0.00348139
0.00366835
0.00377914
0.00376517
2.38377e-05
-7.83273e-07
3.23517e-05
9.1985e-05
0.000186241
0.000315794
0.000481562
0.000684221
0.000923565
0.00119807
0.00150434
0.00183623
0.0021855
0.00253953
0.00288245
0.00319546
0.00345754
0.00364784
0.00376458
0.00374883
-1.31279e-05
-4.328e-05
-1.14579e-05
4.56514e-05
0.000137059
0.000263589
0.000426569
0.000627233
0.000866047
0.00114223
0.00145313
0.00179384
0.00215605
0.00252734
0.00289117
0.00322716
0.0035115
0.00371929
0.00384773
0.00382569
-8.90784e-05
-0.000123305
-9.3349e-05
-3.95775e-05
4.79884e-05
0.000170485
0.000329881
0.000528264
0.000767132
0.00104692
0.00136624
0.00172105
0.00210478
0.00250508
0.00290456
0.00328012
0.00360332
0.00384251
0.00399237
0.00396688
-0.000210431
-0.000248867
-0.000221538
-0.00017198
-8.91887e-05
2.83818e-05
0.000183514
0.000379408
0.000618971
0.000904336
0.00123611
0.0016125
0.0020268
0.00246923
0.00292123
0.00335644
0.00373996
0.00402938
0.00421385
0.00418675
-0.000377212
-0.000420556
-0.000396673
-0.000352553
-0.000276093
-0.000165282
-1.63874e-05
0.000175134
0.000413961
0.000704465
0.0010499
0.00145113
0.00190483
0.00240275
0.00292647
0.00344612
0.00391826
0.00428468
0.00452342
0.00449856
-0.000589728
-0.000638992
-0.000619534
-0.000582549
-0.000514765
-0.00041373
-0.000274689
-9.15905e-05
0.00014234
0.000434282
0.000791056
0.00121769
0.00171565
0.0022808
0.00289664
0.00353083
0.00412979
0.00461349
0.00493755
0.0049262
-0.000848755
-0.00090517
-0.000891274
-0.000863562
-0.000807582
-0.00072058
-0.000596844
-0.000428786
-0.000207335
7.79953e-05
0.000438621
0.000885621
0.00142711
0.00206627
0.0027935
0.00357731
0.00435419
0.00501684
0.00547774
0.00551227
-0.00115527
-0.00122018
-0.00121297
-0.00119693
-0.00115651
-0.00108896
-0.000987879
-0.000844346
-0.00064706
-0.000382021
-3.24681e-05
0.000420407
0.000995645
0.00170452
0.00255529
0.0035247
0.00454509
0.00548053
0.00616781
0.0063362
-0.00151054
-0.00158531
-0.00158555
-0.00158345
-0.00156258
-0.00152071
-0.00145129
-0.0013446
-0.00118765
-0.000963329
-0.000649652
-0.000219176
0.000359662
0.0011184
0.00208428
0.00326281
0.00460104
0.00594822
0.00702571
0.00755179
-0.00191655
-0.00200235
-0.00200982
-0.0020231
-0.00202529
-0.00201543
-0.0019876
-0.00193228
-0.00183599
-0.00167998
-0.00143859
-0.00107709
-0.000550264
0.000198212
0.00122517
0.00259146
0.00430187
0.00624518
0.00801142
0.00944218
-0.00237685
-0.0024742
-0.00248655
-0.0025148
-0.00254197
-0.00256933
-0.00259262
-0.00260386
-0.00259095
-0.00253622
-0.00241397
-0.00218676
-0.00179962
-0.00117599
-0.000226776
0.00117977
0.00316804
0.0058264
0.00871425
0.0119655
-0.00289873
-0.00300733
-0.00301878
-0.00305797
-0.00310831
-0.00317475
-0.00325608
-0.0033473
-0.00343999
-0.00352143
-0.00357227
-0.00356268
-0.0034462
-0.00315028
-0.00257271
-0.00159468
0.000145863
0.00316556
0.00706829
0.0133583
-0.00349179
-0.00360045
-0.00359448
-0.00363407
-0.0037042
-0.00381167
-0.00395658
-0.00413747
-0.00435246
-0.0045981
-0.00486911
-0.00515712
-0.00545176
-0.00574334
-0.00605257
-0.00638341
-0.00629736
-0.0044737
-0.000823254
0.00954288
-0.00419384
-0.00432096
-0.00428566
-0.00431877
-0.00438731
-0.0045118
-0.00470029
-0.00495916
-0.00529503
-0.00571686
-0.00624108
-0.0068959
-0.00773782
-0.00887927
-0.0105984
-0.0132194
-0.0166981
-0.016941
-0.0140838
0.000501899
-0.00510599
-0.00501467
-0.00487551
-0.00482282
-0.00488278
-0.00504909
-0.00531507
-0.00567827
-0.00614786
-0.00674148
-0.00749774
-0.00848474
-0.00984561
-0.0118001
-0.0149212
-0.0196427
-0.0268608
-0.0300224
-0.0288662
-0.00926586
-0.00574994
-0.00615136
-0.00589804
-0.00590791
-0.00589777
-0.00599476
-0.00620894
-0.00655588
-0.00705762
-0.00772704
-0.00861639
-0.00980279
-0.0115055
-0.0139527
-0.0181496
-0.0238768
-0.0341899
-0.0395871
-0.0393549
-0.00837668
-0.0093572
-0.00674681
-0.00617985
-0.00564566
-0.00562137
-0.00583109
-0.00621911
-0.00673187
-0.00738526
-0.00817157
-0.0091744
-0.0104177
-0.0122304
-0.0145824
-0.0192265
-0.0250266
-0.0343482
-0.0382579
-0.0320869
0.0153166
-0.00622495
-0.00903225
-0.00818038
-0.00827568
-0.00793829
-0.00778595
-0.00781004
-0.00802857
-0.00847672
-0.0090872
-0.00995403
-0.0110336
-0.012718
-0.0150223
-0.0192906
-0.0245999
-0.0318944
-0.0277044
-0.0062374
0.071784
-0.0314123
-0.00636262
-0.00517745
-0.0045038
-0.00434344
-0.00462344
-0.00522281
-0.00588084
-0.0067426
-0.00761792
-0.00880959
-0.010138
-0.0120411
-0.0143112
-0.0172005
-0.0183309
-0.0152212
0.0102341
0.0727126
0.204148
-6.79858e-06
-2.66074e-05
4.88144e-06
6.63465e-05
0.00016375
0.000297431
0.000467934
0.000675563
0.000919839
0.00119871
0.0015083
0.00184229
0.00219148
0.00254342
0.0028824
0.00319017
0.00344687
0.00363293
0.00374463
0.00373761
1.14442e-05
-8.58778e-06
2.50204e-05
8.53781e-05
0.000179926
0.000309507
0.000475048
0.00067717
0.000915602
0.00118873
0.00149311
0.00182264
0.00216852
0.00251887
0.00285792
0.00316729
0.00342666
0.00361612
0.00373338
0.00372438
-2.83359e-05
-5.31673e-05
-2.08927e-05
3.7041e-05
0.000128871
0.000255586
0.000418509
0.000618785
0.000856781
0.0011316
0.0014405
0.00177839
0.00213712
0.00250421
0.00286343
0.00319491
0.00347574
0.00368224
0.00381106
0.00379698
-0.000107114
-0.000135546
-0.000105169
-5.04999e-05
3.75714e-05
0.000160349
0.000319773
0.000517828
0.000755889
0.00103422
0.00135133
0.00170314
0.00208235
0.00247741
0.00287098
0.00324061
0.00355895
0.00379596
0.00394583
0.00392953
-0.000231047
-0.00026327
-0.000235562
-0.000185081
-0.000101776
1.60685e-05
0.000171182
0.000366634
0.000605169
0.000888708
0.00121761
0.00158964
0.00199867
0.00243423
0.00287817
0.00330493
0.00368113
0.00396666
0.00415038
0.00413411
-0.000400601
-0.00043727
-0.000413073
-0.000368038
-0.000291097
-0.000180076
-3.13234e-05
0.000159538
0.000396975
0.000685075
0.00102674
0.00142251
0.00186896
0.00235734
0.00286957
0.00337666
0.00383725
0.00419662
0.00443299
0.00442101
-0.000616408
-0.000658439
-0.000638751
-0.000600861
-0.000532632
-0.000431454
-0.000292691
-0.000110505
0.000121604
0.000410443
0.000762362
0.00118186
0.00166948
0.00222151
0.00282077
0.00343585
0.00401604
0.00448661
0.00480499
0.00480844
-0.00087949
-0.000927987
-0.000913949
-0.000885313
-0.000828879
-0.000741747
-0.000618374
-0.000451442
-0.000232241
4.92234e-05
0.000403683
0.000841097
0.00136685
0.00198965
0.00269306
0.00344744
0.00419343
0.00483132
0.00527981
0.00532859
-0.00119111
-0.00124726
-0.00123998
-0.00122292
-0.00118194
-0.00111414
-0.00101338
-0.000871051
-0.000676323
-0.000415817
-7.36465e-05
0.000368137
0.000928795
0.00161015
0.0024255
0.00334958
0.00431933
0.00520875
0.00586909
0.00604132
-0.00155293
-0.0016179
-0.00161811
-0.00161476
-0.00159303
-0.00155059
-0.00148118
-0.00137551
-0.00122115
-0.00100178
-0.000696649
-0.000280168
0.000276795
0.00100112
0.00192154
0.00303398
0.00429148
0.00555472
0.00657113
0.00706916
-0.00196759
-0.00204229
-0.00204967
-0.00206126
-0.00206199
-0.00205087
-0.00202235
-0.00196741
-0.00187318
-0.00172186
-0.00148918
-0.00114267
-0.000639857
7.21706e-05
0.00103535
0.00231116
0.00390105
0.00569629
0.00732534
0.00865435
-0.00243968
-0.00252429
-0.0025364
-0.00256213
-0.00258678
-0.00261162
-0.00263292
-0.00264319
-0.002631
-0.00257963
-0.00246493
-0.00225193
-0.00188987
-0.00130704
-0.000413617
0.000887961
0.00272472
0.00515348
0.00777959
0.0109011
-0.00297817
-0.00307161
-0.00308228
-0.00311746
-0.0031636
-0.00322568
-0.00330301
-0.00339104
-0.00348196
-0.00356388
-0.00361871
-0.00361845
-0.00351958
-0.00325338
-0.0027185
-0.0017643
-8.728e-05
0.00272882
0.00632197
0.0125318
-0.00359683
-0.00368841
-0.00368111
-0.00371437
-0.00377695
-0.00387625
-0.00401326
-0.00418712
-0.00439632
-0.00463799
-0.00490738
-0.00519612
-0.00549151
-0.00577466
-0.00603186
-0.00620284
-0.00585801
-0.00389105
-0.000476678
0.0101379
-0.00433566
-0.00443797
-0.0044
-0.00442144
-0.00447822
-0.00459042
-0.00476699
-0.00501454
-0.00533958
-0.0057515
-0.00626653
-0.00690893
-0.00772583
-0.00880079
-0.010318
-0.0124341
-0.0149484
-0.0145557
-0.0117769
0.00337993
-0.00530978
-0.00519153
-0.00504614
-0.00497814
-0.00501848
-0.00516364
-0.0054085
-0.00575174
-0.00620151
-0.00677665
-0.00751675
-0.00848385
-0.00980575
-0.0116558
-0.0144775
-0.018512
-0.0243071
-0.0262924
-0.0254916
-0.00532594
-0.0060855
-0.00643194
-0.00616171
-0.00613011
-0.00608718
-0.00615061
-0.00633304
-0.00665197
-0.00711805
-0.00775953
-0.00863149
-0.00980518
-0.0114887
-0.0138643
-0.0177656
-0.0229859
-0.0324659
-0.0376317
-0.0387884
-0.00732361
-0.00974092
-0.00709894
-0.00655331
-0.0059974
-0.00592376
-0.00607349
-0.0064039
-0.006865
-0.00746892
-0.00821862
-0.00920735
-0.0104536
-0.0123038
-0.0147169
-0.0190745
-0.0246939
-0.0346073
-0.0395099
-0.0371409
0.0127842
-0.00731007
-0.00986272
-0.00889175
-0.00886751
-0.00843581
-0.0081906
-0.00812704
-0.00826239
-0.00862497
-0.00917236
-0.0100097
-0.0110898
-0.012812
-0.0150883
-0.0193295
-0.024518
-0.0326245
-0.0307
-0.0133178
0.0658629
-0.032134
-0.00717126
-0.00599232
-0.00520372
-0.00491658
-0.0050975
-0.00560904
-0.00619257
-0.00698478
-0.00780216
-0.00897953
-0.0102573
-0.0122075
-0.0144024
-0.0174353
-0.0187324
-0.0166545
0.00605992
0.0628049
0.191861
-1.00416e-05
-2.00975e-05
1.27483e-05
7.49149e-05
0.000171998
0.000304833
0.000474133
0.000680184
0.000922244
0.00119842
0.00150485
0.00183528
0.00218054
0.00252793
0.00286227
0.00316568
0.00341921
0.00360478
0.00371843
0.00372532
-2.03589e-06
-1.25729e-05
2.14042e-05
8.24572e-05
0.000177269
0.000306963
0.000472537
0.000674562
0.000912685
0.00118523
0.00148866
0.00181679
0.00216058
0.00250886
0.00284548
0.00315237
0.00340999
0.00359962
0.00371806
0.00372401
-4.52378e-05
-5.89543e-05
-2.63266e-05
3.24324e-05
0.000124631
0.00025159
0.000414691
0.00061503
0.000852885
0.00112726
0.00143529
0.00177181
0.00212856
0.00249322
0.00284962
0.0031781
0.0034567
0.00366322
0.00379329
0.00379719
-0.000126886
-0.000143202
-0.000112529
-5.697e-05
3.15442e-05
0.000154672
0.000314405
0.000512639
0.000750634
0.00102857
0.00134482
0.00169514
0.00207191
0.00246415
0.00285423
0.0032201
0.00353554
0.00377233
0.00392353
0.00392821
-0.000252941
-0.000272141
-0.000244196
-0.00019283
-0.000109109
9.05215e-06
0.000164425
0.000359982
0.000598342
0.000881273
0.00120896
0.001579
0.00198488
0.0024168
0.00285595
0.00327743
0.00364936
0.00393418
0.00411944
0.00412773
-0.000424539
-0.000447194
-0.000422853
-0.000376987
-0.000299722
-0.0001885
-3.96357e-05
0.000151137
0.000388144
0.000675293
0.00101528
0.00140853
0.00185183
0.00233358
0.0028387
0.00333792
0.00379174
0.00414918
0.00438728
0.00440442
-0.00064269
-0.000669553
-0.000649849
-0.00061121
-0.000542772
-0.000441538
-0.000302855
-0.000121018
0.000110301
0.000397682
0.000747183
0.001163
0.00164543
0.00218834
0.00277701
0.0033797
0.00394838
0.00441387
0.00473388
0.0047715
-0.000908579
-0.000940532
-0.000926634
-0.000897334
-0.000840804
-0.000753759
-0.000630669
-0.000464386
-0.000246414
3.29319e-05
0.00038394
0.000816165
0.00133585
0.0019429
0.00263069
0.00336475
0.00409014
0.00471531
0.00516357
0.00524896
-0.0012236
-0.00126157
-0.0012546
-0.00123694
-0.00119594
-0.00112834
-0.00102802
-0.000886639
-0.000693613
-0.000436001
-9.86389e-05
0.00033515
0.000881605
0.00155198
0.00233899
0.00322715
0.0041588
0.00501807
0.00566885
0.00586764
-0.00158964
-0.00163443
-0.00163514
-0.00163119
-0.00160943
-0.00156719
-0.00149832
-0.0013938
-0.00124155
-0.00102585
-0.00072689
-0.000320674
0.000219971
0.000920955
0.00180188
0.00285353
0.00404118
0.00523588
0.00621015
0.00666656
-0.00200966
-0.00206172
-0.00206977
-0.00208065
-0.00208121
-0.00207011
-0.00204202
-0.00198823
-0.00189635
-0.0017493
-0.00152408
-0.00119048
-0.000710116
-3.72149e-05
0.000872817
0.00204807
0.00352043
0.00516993
0.00666331
0.00768269
-0.00248899
-0.00254775
-0.00256071
-0.00258539
-0.00260944
-0.00263383
-0.00265514
-0.00266621
-0.00265619
-0.00260928
-0.00250293
-0.00230499
-0.00197002
-0.00143491
-0.000618056
0.000584704
0.00219816
0.00437499
0.00663025
0.00883529
-0.00303795
-0.0031005
-0.00311191
-0.00314526
-0.00319015
-0.00325114
-0.0033278
-0.00341584
-0.00350813
-0.00359382
-0.00365653
-0.00367129
-0.00359985
-0.00338116
-0.00291872
-0.0020529
-0.00049266
0.00196744
0.00515135
0.00957738
-0.00367544
-0.00373048
-0.00372503
-0.00375506
-0.00381372
-0.00390891
-0.00404249
-0.00421422
-0.00442303
-0.00466694
-0.00494274
-0.00524426
-0.00556092
-0.00586748
-0.00611378
-0.00614403
-0.00554506
-0.00321095
0.00105483
0.00919309
-0.00444333
-0.00448565
-0.00444846
-0.00446155
-0.0045132
-0.0046211
-0.00479419
-0.00503889
-0.00536231
-0.0057747
-0.00629256
-0.00694023
-0.00776052
-0.00879982
-0.010113
-0.0115391
-0.0126212
-0.0104907
-0.00486633
0.00768216
-0.00549335
-0.00530967
-0.0051556
-0.00507363
-0.00509563
-0.00522428
-0.00545501
-0.00578695
-0.00622896
-0.00680008
-0.00754058
-0.00850954
-0.00982061
-0.0115782
-0.014008
-0.0167946
-0.0199589
-0.0186438
-0.01336
0.00463789
-0.00646372
-0.00658295
-0.00630441
-0.00621451
-0.0061438
-0.00618323
-0.00634763
-0.006652
-0.00711482
-0.00775726
-0.00863765
-0.00982707
-0.0115191
-0.0137958
-0.0172842
-0.0211671
-0.0277292
-0.0288279
-0.0242591
0.00304978
-0.0103101
-0.00749916
-0.00691674
-0.00629792
-0.00612403
-0.00619354
-0.0064586
-0.00688071
-0.00746482
-0.0082109
-0.00921737
-0.0105119
-0.0124052
-0.0148908
-0.0189081
-0.0234909
-0.0317145
-0.0331098
-0.0267064
0.0154785
-0.0100846
-0.0109474
-0.00956601
-0.00914783
-0.00850845
-0.00813067
-0.00798606
-0.0080874
-0.00844048
-0.00901795
-0.00989901
-0.0110899
-0.0129204
-0.01531
-0.0193929
-0.0238715
-0.031221
-0.0274177
-0.0116642
0.0576155
-0.0344835
-0.00910678
-0.00760674
-0.00625064
-0.00559519
-0.00558468
-0.00593822
-0.00643794
-0.00713845
-0.00795282
-0.00911249
-0.010438
-0.0124541
-0.0145663
-0.0175713
-0.0184363
-0.0169808
0.00359788
0.0486838
0.16033
)
;

boundaryField
{
    movingWall
    {
        type            zeroGradient;
    }
    fixedWalls
    {
        type            zeroGradient;
    }
}


// ************************************************************************* //
