/*--------------------------------*- C++ -*----------------------------------*\
  =========                 |
  \\      /  F ield         | OpenFOAM: The Open Source CFD Toolbox
   \\    /   O peration     | Website:  https://openfoam.org
    \\  /    A nd           | Version:  10
     \\/     M anipulation  |
\*---------------------------------------------------------------------------*/
FoamFile
{
    format      ascii;
    class       volScalarField;
    location    "6.95";
    object      p;
}
// * * * * * * * * * * * * * * * * * * * * * * * * * * * * * * * * * * * * * //

dimensions      [0 2 -2 0 0 0 0];

internalField   nonuniform List<scalar> 
8000
(
3.2147e-09
-2.72579e-06
4.69886e-05
0.000136154
0.000271308
0.00045427
0.000686843
0.000970913
0.00130725
0.00169494
0.00213045
0.00260646
0.00311076
0.00362532
0.00412669
0.00458489
0.00496794
0.00524577
0.0054122
0.00541986
2.79184e-06
-7.81848e-07
5.06782e-05
0.0001396
0.000273051
0.000453176
0.000682229
0.00096222
0.0012942
0.00167761
0.00210935
0.00258264
0.00308541
0.00359971
0.00410357
0.00456596
0.00495405
0.00523636
0.00540788
0.00540992
-6.2274e-05
-6.96383e-05
-2.0079e-05
6.55056e-05
0.000194757
0.000369992
0.000593922
0.000869219
0.00119784
0.00158033
0.00201486
0.00249593
0.00301325
0.00354967
0.00408109
0.00457449
0.00499251
0.00529716
0.00548216
0.00547451
-0.000182885
-0.000193026
-0.000146397
-6.58674e-05
5.68963e-05
0.000224541
0.000440482
0.000708414
0.00103169
0.00141264
0.00185158
0.00234537
0.00288564
0.00345694
0.00403195
0.0045777
0.00504837
0.00539435
0.00560513
0.0055862
-0.000365218
-0.000378201
-0.00033594
-0.000262499
-0.000148843
8.09932e-06
0.000212598
0.000469621
0.000784322
0.00116146
0.00160436
0.00211333
0.00268339
0.00330105
0.0039406
0.00456377
0.00511468
0.00552607
0.00577922
0.00574451
-0.000609737
-0.000625944
-0.000589582
-0.000525609
-0.000424345
-0.00028232
-9.43978e-05
0.000145759
0.000445337
0.000812004
0.00125304
0.0017736
0.00237411
0.00304586
0.00376487
0.0044932
0.00515996
0.00567238
0.00599421
0.0059381
-0.000915664
-0.000935685
-0.000906877
-0.000855167
-0.000770369
-0.000648816
-0.000484705
-0.000270493
2.98654e-06
0.000346481
0.000771831
0.00129069
0.00191165
0.00263558
0.0034474
0.0043013
0.00512466
0.0057902
0.00622475
0.00614716
-0.00128149
-0.00130605
-0.00128649
-0.0012501
-0.00118646
-0.00109214
-0.000961171
-0.000785358
-0.000554108
-0.000254051
0.000131073
0.000619928
0.00123165
0.00198055
0.00286751
0.00386507
0.00489202
0.00578413
0.00640822
0.0063394
-0.00170508
-0.00173488
-0.00172599
-0.00170782
-0.00167017
-0.00161048
-0.00152348
-0.00140143
-0.00123366
-0.00100569
-0.000698389
-0.000287368
0.000257203
0.000968142
0.00187171
0.00296913
0.00421005
0.00542779
0.0063719
0.00644477
-0.00218396
-0.00221948
-0.00222186
-0.00222394
-0.00221633
-0.00219825
-0.00216636
-0.0021149
-0.00203532
-0.00191519
-0.00173678
-0.00147495
-0.00109511
-0.000551438
0.000213257
0.00125816
0.00261389
0.00420816
0.00567691
0.00629994
-0.00271603
-0.00275725
-0.00276979
-0.00279211
-0.00281644
-0.00284493
-0.00287758
-0.00291259
-0.00294641
-0.00297299
-0.00298272
-0.00296135
-0.00288688
-0.00272307
-0.00241051
-0.00184391
-0.000800613
0.00101531
0.00339738
0.00535205
-0.00330104
-0.00334676
-0.0033653
-0.0034043
-0.0034584
-0.00353419
-0.00363626
-0.00376869
-0.00393609
-0.00414397
-0.00439947
-0.00471304
-0.00509941
-0.00557221
-0.00612316
-0.0066316
-0.00659329
-0.00469884
-0.000726413
0.00334772
-0.00394406
-0.00399092
-0.00400652
-0.00405331
-0.00412875
-0.00424562
-0.00441416
-0.00464551
-0.00495486
-0.00536375
-0.00590448
-0.00662554
-0.00760546
-0.00893756
-0.0106636
-0.0125113
-0.0133472
-0.0103699
-0.00399553
0.00157377
-0.00465653
-0.00469232
-0.00468528
-0.00472131
-0.0048024
-0.00494731
-0.00517008
-0.00548895
-0.00592972
-0.00652961
-0.00734872
-0.00846909
-0.0100404
-0.0121893
-0.0149736
-0.0176969
-0.0190039
-0.014837
-0.00811326
-0.000403038
-0.00547351
-0.00549379
-0.00544538
-0.00545107
-0.00550945
-0.00565012
-0.00589396
-0.00626561
-0.0068
-0.00754436
-0.00858668
-0.0100033
-0.0120461
-0.0147945
-0.0183712
-0.0218617
-0.0249644
-0.0220583
-0.0161026
-0.00359848
-0.00656768
-0.00636104
-0.00617998
-0.00606471
-0.00606456
-0.00619129
-0.00645339
-0.0068657
-0.00746413
-0.00829248
-0.00945881
-0.0110661
-0.0133597
-0.0164342
-0.0206434
-0.0248811
-0.0311799
-0.0298088
-0.0239244
-0.00515785
-0.00748834
-0.00759286
-0.00726984
-0.00712863
-0.00700497
-0.00700731
-0.00715861
-0.00748642
-0.00803332
-0.00883554
-0.0100037
-0.0116164
-0.0139474
-0.0170128
-0.0213838
-0.0257489
-0.0326511
-0.0303574
-0.0231349
0.00272876
-0.0113879
-0.00855654
-0.00789905
-0.00717949
-0.00691618
-0.00690268
-0.0071072
-0.00748757
-0.00807958
-0.00889468
-0.0100555
-0.011598
-0.013789
-0.016509
-0.0202689
-0.0234226
-0.0279412
-0.0229599
-0.0131804
0.0258221
-0.0109965
-0.0118974
-0.0104077
-0.00988616
-0.00912362
-0.00863466
-0.00840095
-0.00842377
-0.00874714
-0.00934698
-0.0103428
-0.0117107
-0.0137696
-0.0162115
-0.0197498
-0.0219961
-0.0242559
-0.0133977
0.00557373
0.0704084
-0.0356644
-0.0102545
-0.0085773
-0.00708506
-0.00630355
-0.00616519
-0.00640828
-0.00680484
-0.0074548
-0.00826004
-0.00949371
-0.0109348
-0.0130439
-0.0150194
-0.0172199
-0.0159479
-0.0102988
0.0161177
0.0641673
0.171817
5.50876e-06
-8.88425e-06
3.8143e-05
0.000126322
0.000261577
0.000445172
0.000679058
0.000964879
0.00130359
0.00169448
0.00213424
0.00261576
0.00312695
0.00364968
0.00415931
0.00462556
0.00501472
0.00529393
0.00545737
0.00544651
1.85988e-05
4.38672e-06
5.55061e-05
0.000143935
0.000277359
0.000457543
0.000686695
0.000966862
0.00129922
0.00168338
0.00211646
0.00259197
0.00309795
0.00361718
0.00412602
0.0045938
0.00498592
0.00526858
0.00543822
0.0054202
-4.24001e-05
-6.24098e-05
-1.29627e-05
7.21298e-05
0.000201306
0.000376482
0.000600322
0.000875579
0.00120434
0.00158736
0.00202307
0.00250626
0.00302704
0.00356878
0.00410622
0.00460634
0.00502953
0.00533483
0.00551758
0.00548484
-0.000159854
-0.000183862
-0.00013718
-5.71019e-05
6.55985e-05
0.000233161
0.000448957
0.00071678
0.00104013
0.00142158
0.00186179
0.002358
0.00290215
0.00347888
0.00406311
0.00461805
0.00509594
0.00544298
0.00565073
0.0056007
-0.000340334
-0.000368056
-0.000325667
-0.000252636
-0.000138952
1.80347e-05
0.000222559
0.000479712
0.000794815
0.00117292
0.00161778
0.00213031
0.00270609
0.00333172
0.0039835
0.0046197
0.00518145
0.00559543
0.00584498
0.00577003
-0.000583594
-0.000615336
-0.000578788
-0.000515148
-0.000413694
-0.000271393
-8.31207e-05
0.00015761
0.000458198
0.000826653
0.00127079
0.0017966
0.00240533
0.00308861
0.00382695
0.00457473
0.00525935
0.00577866
0.00609784
0.0059868
-0.00088841
-0.000924855
-0.000895811
-0.00084434
-0.000759172
-0.000637072
-0.000472216
-0.000256873
1.84002e-05
0.000364789
0.000794852
0.00132141
0.00195461
0.0026969
0.00353089
0.00441976
0.00527685
0.00596224
0.00640181
0.00624748
-0.00125312
-0.00129518
-0.00127537
-0.00123916
-0.00117502
-0.00107991
-0.000947805
-0.000770267
-0.000536352
-0.000232116
0.000159654
0.000659242
0.00128834
0.00206368
0.00298491
0.00403497
0.00512365
0.00607344
0.00673214
0.00656357
-0.00167552
-0.00172416
-0.00171506
-0.00169711
-0.00165892
-0.00159831
-0.0015099
-0.00138562
-0.00121435
-0.000980914
-0.000665011
-0.000240177
0.000326976
0.00107433
0.00203476
0.00320751
0.00456545
0.00593258
0.00701423
0.00702018
-0.00215301
-0.00220912
-0.00221142
-0.00221389
-0.00220587
-0.00218694
-0.00215356
-0.00209957
-0.0020159
-0.00188935
-0.00170092
-0.00142328
-0.00101761
-0.000430757
0.000404607
0.0015586
0.00309088
0.00504331
0.00695711
0.00767154
-0.00268325
-0.00274741
-0.00276012
-0.00278321
-0.00280749
-0.00283544
-0.0028668
-0.00289933
-0.0029289
-0.00294877
-0.0029485
-0.00291189
-0.00281495
-0.00262073
-0.00227163
-0.00164654
-0.000379308
0.0020196
0.00532087
0.00781589
-0.00326532
-0.00333721
-0.0033561
-0.00339644
-0.0034512
-0.00352716
-0.00362852
-0.00375892
-0.00392241
-0.00412403
-0.00437105
-0.00467426
-0.00505497
-0.00555424
-0.00622398
-0.00698273
-0.00706041
-0.00458809
0.000274987
0.00559037
-0.00390345
-0.00398207
-0.00399896
-0.00404828
-0.00412526
-0.0042428
-0.00441101
-0.00464088
-0.00494695
-0.00535087
-0.0058869
-0.00660998
-0.00762041
-0.00909146
-0.0112321
-0.0139166
-0.015955
-0.013429
-0.00711645
0.000979935
-0.00460334
-0.00467691
-0.00467002
-0.00470957
-0.00479475
-0.0049431
-0.00516788
-0.00548651
-0.00592462
-0.0065204
-0.00733681
-0.00847297
-0.0101105
-0.0125295
-0.0160383
-0.0203325
-0.024334
-0.0223952
-0.01639
-0.00542013
-0.00540057
-0.00548109
-0.00543464
-0.00544902
-0.00551215
-0.00565554
-0.00589975
-0.00626945
-0.00679839
-0.00753567
-0.00856591
-0.0100069
-0.0121175
-0.015175
-0.0197196
-0.0252134
-0.032021
-0.0315349
-0.0275977
-0.0124476
-0.00642706
-0.00628765
-0.00611632
-0.00601441
-0.00603046
-0.00616999
-0.00643985
-0.00685477
-0.00744777
-0.00826889
-0.009417
-0.011002
-0.0133606
-0.0165791
-0.021935
-0.0275708
-0.0371848
-0.0375521
-0.0352572
-0.0143746
-0.00716862
-0.00749926
-0.00718421
-0.00709952
-0.00699407
-0.00700845
-0.0071622
-0.0074853
-0.00801614
-0.00879536
-0.00992604
-0.0114709
-0.0137949
-0.0169516
-0.0219418
-0.0273516
-0.0357779
-0.0357511
-0.0327741
-0.00229434
-0.0108848
-0.00822729
-0.00760598
-0.00692867
-0.0067511
-0.00680186
-0.00704593
-0.00744442
-0.00802905
-0.00880456
-0.00990906
-0.0113607
-0.0134923
-0.0162408
-0.0203232
-0.0242098
-0.0293047
-0.0270034
-0.0187852
0.0267871
-0.00832299
-0.0109226
-0.00981541
-0.00966095
-0.00907365
-0.00868734
-0.00849518
-0.00851545
-0.00880618
-0.0093374
-0.0102375
-0.0114846
-0.0134621
-0.0158891
-0.0197977
-0.0228598
-0.0259899
-0.0162542
0.00534063
0.0787505
-0.0334266
-0.00838587
-0.00697696
-0.00604615
-0.00562222
-0.00565559
-0.00601887
-0.00647613
-0.00716881
-0.00794917
-0.00915206
-0.0105208
-0.0125888
-0.0146496
-0.0169798
-0.0161659
-0.0102574
0.0179319
0.07797
0.202732
1.77588e-05
-1.98351e-06
4.40496e-05
0.00013159
0.000267234
0.000451951
0.00068753
0.000975906
0.00131822
0.00171403
0.00216022
0.0026499
0.00317098
0.00370513
0.00422693
0.00470457
0.00510215
0.00538429
0.00554561
0.00552191
3.77733e-05
1.76018e-05
6.84529e-05
0.000156463
0.000290028
0.000470757
0.000700926
0.000982774
0.00131769
0.00170555
0.00214375
0.00262598
0.00314027
0.00367005
0.00419
0.00466844
0.00506864
0.00535432
0.00552276
0.00549221
-1.89319e-05
-4.60777e-05
3.2354e-06
8.78436e-05
0.000217039
0.000392588
0.000617264
0.000894043
0.0012253
0.00161212
0.00205332
0.00254404
0.00307481
0.00362871
0.00417975
0.00469334
0.00512708
0.00543659
0.00561796
0.00556868
-0.000132359
-0.000164284
-0.000117613
-3.80528e-05
8.46176e-05
0.00025249
0.000469092
0.000738491
0.00106454
0.00145028
0.00189689
0.00240212
0.00295819
0.00355083
0.00415334
0.00472697
0.00522003
0.00557337
0.00577957
0.00570684
-0.000309535
-0.000345822
-0.000303348
-0.000230807
-0.000117086
4.03293e-05
0.00024588
0.000504997
0.000823457
0.00120691
0.00165991
0.00218422
0.00277645
0.00342305
0.00410015
0.00476352
0.00534856
0.00577338
0.00602156
0.00591256
-0.000549745
-0.000590672
-0.000553935
-0.000490706
-0.000389074
-0.000246115
-5.64394e-05
0.000186865
0.000491775
0.000867102
0.00132175
0.00186306
0.0024936
0.00320653
0.00398128
0.00477012
0.00549233
0.00603165
0.00635108
0.00618391
-0.000851369
-0.000897664
-0.000868319
-0.000817183
-0.000731703
-0.000608716
-0.000442061
-0.000223479
5.72005e-05
0.000412205
0.000855558
0.00140204
0.00206399
0.00284483
0.00373357
0.00468611
0.00560634
0.00633142
0.00677839
0.00652424
-0.00121249
-0.00126517
-0.00124496
-0.00120908
-0.00114459
-0.00104848
-0.000914319
-0.000733018
-0.000492751
-0.000178267
0.000229587
0.000753989
0.00142024
0.00224949
0.00324706
0.00439253
0.00558632
0.00661942
0.00730616
0.00695916
-0.00163064
-0.00169082
-0.0016813
-0.00166381
-0.00162542
-0.00156395
-0.00147352
-0.00134534
-0.00116726
-0.000922545
-0.000588533
-0.00013503
0.000476986
0.00129143
0.00234097
0.00365705
0.00518199
0.00672369
0.00787251
0.00758908
-0.0021029
-0.00217164
-0.00217358
-0.00217684
-0.00216907
-0.0021498
-0.00211493
-0.00205754
-0.00196751
-0.00183005
-0.00162368
-0.00131724
-0.000865824
-0.000208189
0.000730968
0.00201205
0.00377392
0.00602864
0.00804385
0.00842602
-0.00262634
-0.00270449
-0.00271705
-0.00274155
-0.00276691
-0.00279552
-0.00282654
-0.00285702
-0.00288195
-0.00289334
-0.00287903
-0.00282125
-0.00269481
-0.0024661
-0.00209097
-0.00144991
-0.000140031
0.00263579
0.00622315
0.00855933
-0.00319899
-0.00328642
-0.00330537
-0.00334808
-0.00340531
-0.0034836
-0.00358653
-0.00371718
-0.0038791
-0.00407697
-0.00431839
-0.00461788
-0.00500903
-0.0055733
-0.00643515
-0.00753891
-0.0078319
-0.00498474
0.000341932
0.00570344
-0.00382362
-0.0039204
-0.00393821
-0.00399145
-0.0040727
-0.00419459
-0.00436666
-0.00459967
-0.00490822
-0.00531498
-0.00585779
-0.00660429
-0.00768513
-0.00935606
-0.011958
-0.0153822
-0.018085
-0.0156174
-0.00928112
-0.000659636
-0.00450093
-0.004595
-0.0045893
-0.00463473
-0.00472732
-0.00488354
-0.00511583
-0.00544123
-0.00588585
-0.00648997
-0.00732214
-0.00850205
-0.0102558
-0.0129662
-0.0171022
-0.0223759
-0.0276172
-0.0264652
-0.0207492
-0.0090453
-0.00526601
-0.00537409
-0.00532937
-0.00535391
-0.00542778
-0.00558226
-0.00583677
-0.00621578
-0.00675313
-0.0074999
-0.00854398
-0.01003
-0.0122457
-0.0155967
-0.0207383
-0.0270514
-0.0348548
-0.0350365
-0.0307893
-0.0158856
-0.00623261
-0.00612552
-0.00595828
-0.00586962
-0.00590271
-0.00606007
-0.00634644
-0.00677542
-0.00737871
-0.00820759
-0.00935882
-0.0109641
-0.0133688
-0.0168094
-0.0224132
-0.0284655
-0.0374994
-0.0375802
-0.034428
-0.0154717
-0.00684401
-0.00723766
-0.00693787
-0.00688938
-0.00681116
-0.00685179
-0.00702725
-0.0073683
-0.00790977
-0.00869126
-0.00980986
-0.0113426
-0.0136631
-0.016873
-0.021954
-0.0273138
-0.0341371
-0.03369
-0.0287715
-0.00182923
-0.0105303
-0.00790486
-0.00724124
-0.00657363
-0.00643561
-0.00653419
-0.00681936
-0.00725006
-0.00785145
-0.00863514
-0.00973007
-0.0111154
-0.013213
-0.0159808
-0.0200042
-0.0237566
-0.0274638
-0.0242797
-0.0138595
0.0283665
-0.00724339
-0.0101138
-0.00912663
-0.00909174
-0.00858814
-0.00828002
-0.00814383
-0.00821126
-0.00852798
-0.00906816
-0.00994065
-0.0111561
-0.0130801
-0.0155646
-0.0195107
-0.0226636
-0.0251451
-0.0142988
0.00956162
0.0824873
-0.0327206
-0.00756887
-0.00614686
-0.00534388
-0.00503871
-0.00514908
-0.00555904
-0.00605888
-0.00676782
-0.00755975
-0.008726
-0.0100877
-0.0120922
-0.0142046
-0.0164797
-0.0155769
-0.00861563
0.0211365
0.0851081
0.211645
3.16856e-05
8.89443e-06
5.42738e-05
0.000141596
0.000277875
0.000463974
0.000701752
0.000993325
0.00134006
0.00174174
0.00219554
0.00269469
0.00322709
0.00377404
0.00430921
0.00479941
0.0052067
0.00549352
0.00565494
0.00562327
5.56189e-05
3.21898e-05
8.2862e-05
0.000170759
0.000304836
0.000486645
0.000718574
0.00100306
0.00134175
0.0017348
0.00217988
0.00267089
0.00319602
0.00373828
0.00427157
0.00476276
0.00517298
0.00546368
0.00563274
0.00559413
1.99039e-06
-2.90103e-05
2.02145e-05
0.000104685
0.000234347
0.000410912
0.000637297
0.00091672
0.00125186
0.00164418
0.00209287
0.00259343
0.0031367
0.00370536
0.00427263
0.00480216
0.00524878
0.00556481
0.00574698
0.00568649
-0.000108249
-0.000144455
-9.7785e-05
-1.8357e-05
0.000104791
0.000273706
0.000492099
0.000764339
0.00109467
0.00148662
0.00194191
0.00245883
0.00303019
0.00364167
0.00426563
0.00486105
0.00537221
0.00573482
0.00594233
0.00585285
-0.000282563
-0.000323481
-0.000280938
-0.000208494
-9.42078e-05
6.44031e-05
0.000272019
0.000534444
0.000857958
0.00124887
0.00171253
0.00225151
0.00286269
0.00353497
0.00424161
0.00493617
0.0055484
0.0059878
0.0062384
0.00610195
-0.000519994
-0.000565883
-0.000529008
-0.000465817
-0.000363492
-0.000219115
-2.6997e-05
0.000220241
0.000531215
0.000915606
0.00138347
0.00194346
0.00259962
0.00334608
0.0041622
0.0049969
0.00576141
0.00632518
0.00664951
0.00643407
-0.000818671
-0.000870294
-0.000840752
-0.000789616
-0.000703339
-0.000578743
-0.000409295
-0.00018617
0.000101599
0.000467368
0.000926715
0.00149646
0.00219123
0.00301596
0.00396228
0.00498257
0.00596979
0.00673786
0.00719543
0.00685422
-0.00117647
-0.00123491
-0.00121449
-0.00117865
-0.00111337
-0.0010156
-0.000878474
-0.000692257
-0.00044418
-0.000117626
0.00030851
0.000860126
0.00156574
0.00244799
0.00352552
0.00476789
0.00606611
0.00717798
0.00788406
0.00738974
-0.00159069
-0.00165717
-0.00164748
-0.0016302
-0.00159123
-0.00152831
-0.00143511
-0.00130213
-0.00111623
-0.000859174
-0.000506079
-2.32883e-05
0.000633235
0.00151424
0.00265319
0.0040913
0.00576778
0.00745461
0.00862653
0.00813784
-0.00205805
-0.00213375
-0.00213568
-0.00213952
-0.00213164
-0.00211151
-0.00207456
-0.00201322
-0.00191647
-0.00176821
-0.00154503
-0.0012128
-0.000722005
-6.59567e-06
0.00100775
0.00239792
0.00432608
0.0068134
0.0088609
0.0090868
-0.00257508
-0.00266101
-0.00267387
-0.00269958
-0.00272564
-0.00275442
-0.00278465
-0.0028129
-0.00283361
-0.00283811
-0.00281364
-0.00274225
-0.00260026
-0.00236201
-0.00200073
-0.00139444
-5.34585e-05
0.00304071
0.00676934
0.00921075
-0.00313886
-0.00323501
-0.00325466
-0.00329949
-0.00335867
-0.00343866
-0.0035427
-0.00367365
-0.00383506
-0.00403214
-0.00427438
-0.00458172
-0.00500211
-0.00565475
-0.00672647
-0.00816147
-0.00868293
-0.00568425
-0.000272099
0.00563448
-0.00375078
-0.00385786
-0.00387717
-0.0039339
-0.00401869
-0.00414409
-0.00431945
-0.00455563
-0.00486792
-0.00528104
-0.00583805
-0.00661959
-0.00778483
-0.00965319
-0.0126778
-0.0167581
-0.0201622
-0.0180292
-0.0118405
-0.00229576
-0.00440819
-0.00451418
-0.00451065
-0.00456124
-0.0046596
-0.00482188
-0.00506013
-0.00539147
-0.00584303
-0.00645801
-0.00731171
-0.00854074
-0.0104055
-0.0133661
-0.0180253
-0.0240727
-0.0303237
-0.0298634
-0.0245733
-0.0120795
-0.00514505
-0.00526892
-0.00522746
-0.00526058
-0.00534289
-0.00550579
-0.00576807
-0.00615426
-0.00669875
-0.00745482
-0.00851494
-0.0100385
-0.0123455
-0.0159023
-0.0214735
-0.028312
-0.0366231
-0.0370964
-0.0336433
-0.0185557
-0.00606325
-0.00597527
-0.00581358
-0.00573638
-0.00578167
-0.00595148
-0.0062492
-0.00668746
-0.0072971
-0.00812997
-0.00928228
-0.0108983
-0.0133405
-0.0168751
-0.0226723
-0.0289004
-0.0371343
-0.0373462
-0.0354959
-0.0162135
-0.00659409
-0.00702967
-0.00673494
-0.00671201
-0.00665202
-0.00670954
-0.00689809
-0.00724806
-0.00779225
-0.00856986
-0.00967192
-0.0111876
-0.0134951
-0.0167037
-0.0217609
-0.0270017
-0.0329652
-0.0323326
-0.0287796
-0.000841318
-0.0102044
-0.00761802
-0.00694996
-0.00630329
-0.00618731
-0.00631138
-0.0066187
-0.00706588
-0.00767319
-0.00845156
-0.00951717
-0.0108843
-0.0129332
-0.0156757
-0.0196316
-0.0232443
-0.0263914
-0.0231726
-0.0136628
0.0304393
-0.00666069
-0.00969777
-0.00872919
-0.00875872
-0.00828709
-0.00800988
-0.00789566
-0.00797732
-0.00829855
-0.00883108
-0.00967917
-0.0108632
-0.0127542
-0.0152379
-0.0192103
-0.0223641
-0.0246655
-0.0136262
0.0100859
0.0860311
-0.032157
-0.00700018
-0.00558039
-0.00483852
-0.00459559
-0.00475778
-0.00520556
-0.00573314
-0.00645659
-0.00725008
-0.00839808
-0.00974083
-0.0117096
-0.0137958
-0.0160272
-0.014959
-0.00766696
0.0229573
0.0875979
0.217899
4.63922e-05
2.2547e-05
6.78891e-05
0.000155483
0.000292695
0.000480433
0.000720691
0.00101579
0.00136733
0.00177537
0.00223728
0.00274644
0.0032907
0.00385093
0.00439994
0.00490316
0.00532086
0.00561366
0.00577683
0.00574038
7.20394e-05
4.73507e-05
9.81265e-05
0.00018632
0.000321288
0.000504628
0.000738885
0.00102671
0.00137001
0.0017692
0.00222223
0.00272316
0.00326026
0.00381606
0.00436368
0.00486854
0.00528981
0.0055869
0.00575806
0.00571473
2.04059e-05
-1.21025e-05
3.72705e-05
0.000122036
0.000252595
0.000430709
0.000659482
0.000942384
0.00128241
0.00168137
0.00213882
0.00265057
0.00320766
0.00379233
0.00437696
0.00492344
0.00538405
0.00570812
0.00589276
0.00582504
-8.74937e-05
-0.000125384
-7.85123e-05
1.234e-06
0.000125329
0.000295884
0.000516837
0.000792869
0.00112863
0.00152812
0.00199357
0.00252378
0.00311201
0.00374378
0.00439043
0.00500872
0.00553913
0.0059127
0.00612339
0.00602172
-0.000259445
-0.000302196
-0.000259402
-0.000186595
-7.12604e-05
8.91675e-05
0.000299649
0.000566383
0.000896166
0.00129596
0.00177186
0.00232721
0.00295964
0.00365861
0.00439607
0.00512282
0.00576328
0.00621879
0.00647371
0.0063149
-0.000494416
-0.00054228
-0.000505108
-0.000441504
-0.000338014
-0.00019161
3.73769e-06
0.000255898
0.000574145
0.000969027
0.00145168
0.00203188
0.00271372
0.00349674
0.00435525
0.00523622
0.00604334
0.00663219
0.00696265
0.00670442
-0.000790417
-0.000844167
-0.000814305
-0.000762737
-0.000675223
-0.000548445
-0.00037547
-0.000146887
0.000149082
0.00052691
0.00100371
0.00159827
0.00232805
0.00319653
0.00419984
0.00528635
0.00633856
0.00714758
0.00761404
0.00719112
-0.00114517
-0.00120592
-0.00118521
-0.001149
-0.00108252
-0.000982578
-0.000841847
-0.000649936
-0.000393145
-5.35313e-05
0.000391864
0.000971478
0.001717
0.00265436
0.00380473
0.00513793
0.00653346
0.00771549
0.00843078
0.00779296
-0.00155576
-0.00162477
-0.0016149
-0.00159744
-0.00155751
-0.00149269
-0.00139619
-0.00125785
-0.00106356
-0.000793732
-0.000421495
8.97404e-05
0.000787902
0.0017269
0.00294886
0.00449596
0.00630557
0.00811528
0.00928527
0.00858544
-0.0020186
-0.0020971
-0.00209905
-0.00210309
-0.00209474
-0.00207334
-0.0020339
-0.00196829
-0.00186471
-0.00170598
-0.00146718
-0.00111204
-0.000587964
0.000173813
0.00124674
0.00271855
0.00477546
0.00744353
0.00947722
0.00952384
-0.0025297
-0.00261879
-0.00263199
-0.00265848
-0.00268485
-0.00271339
-0.00274252
-0.00276847
-0.00278531
-0.00278412
-0.00275218
-0.00267243
-0.00252448
-0.00229322
-0.00197302
-0.00144451
-0.000148626
0.00309726
0.0069518
0.00947948
-0.0030854
-0.0031851
-0.00320553
-0.00325194
-0.0033125
-0.00339364
-0.00349845
-0.00362976
-0.00379141
-0.00398966
-0.00423665
-0.00455881
-0.00501931
-0.0057751
-0.00708463
-0.00891667
-0.00977466
-0.00662693
-0.00097628
0.00535963
-0.00368603
-0.00379732
-0.00381808
-0.00387747
-0.00396494
-0.00409309
-0.00427126
-0.00451064
-0.00482757
-0.00524933
-0.00582483
-0.00664789
-0.00790578
-0.00997941
-0.0134467
-0.0182228
-0.0223107
-0.0201914
-0.0137222
-0.0034755
-0.00432701
-0.00443791
-0.0044365
-0.004491
-0.00459355
-0.00476033
-0.00500335
-0.00534017
-0.00579932
-0.00642726
-0.00730639
-0.00858936
-0.0105702
-0.0137749
-0.0189473
-0.0257204
-0.0326287
-0.0322315
-0.026596
-0.0137564
-0.00504179
-0.00517195
-0.00513329
-0.00517235
-0.00526054
-0.0054295
-0.00569775
-0.00609016
-0.00664212
-0.00740944
-0.00848996
-0.0100559
-0.0124561
-0.0161954
-0.0221602
-0.0294127
-0.037786
-0.0378807
-0.034078
-0.0194869
-0.00592525
-0.00584543
-0.00568838
-0.00561925
-0.00567219
-0.0058498
-0.00615488
-0.00659966
-0.00721497
-0.00805366
-0.0092148
-0.0108463
-0.0133305
-0.0169233
-0.0228284
-0.0292411
-0.0366173
-0.0362818
-0.0341382
-0.0159403
-0.00641756
-0.00686855
-0.00657322
-0.00656389
-0.00651366
-0.00658063
-0.00677652
-0.00713134
-0.0076774
-0.00845352
-0.0095509
-0.0110591
-0.0133628
-0.0165596
-0.0215702
-0.0266585
-0.0318612
-0.0305992
-0.0266845
0.000199103
-0.00995772
-0.00739855
-0.00673613
-0.00610592
-0.00599951
-0.00613468
-0.00645153
-0.00690522
-0.00751435
-0.00828862
-0.00934205
-0.010691
-0.0127143
-0.0154174
-0.0193061
-0.022752
-0.0254731
-0.0216735
-0.0116738
0.0319522
-0.00639994
-0.00947551
-0.00849205
-0.00854106
-0.00807598
-0.00780816
-0.00770103
-0.00778574
-0.00810622
-0.00863101
-0.00946588
-0.01063
-0.0125052
-0.01497
-0.0189121
-0.0219432
-0.0237921
-0.0123814
0.0118049
0.0882108
-0.0318606
-0.00670479
-0.00527705
-0.00454559
-0.00432249
-0.00450484
-0.00496855
-0.00550563
-0.00623336
-0.00702347
-0.00815965
-0.0094871
-0.0114298
-0.013483
-0.0156396
-0.0144196
-0.00674946
0.024447
0.0897801
0.220926
6.03985e-05
3.6272e-05
8.1845e-05
0.000169991
0.000308328
0.000497863
0.000740748
0.0010395
0.00139596
0.00181039
0.00228038
0.00279941
0.00335523
0.00392831
0.00449068
0.00500651
0.00543451
0.00573369
0.00589941
0.00585977
8.67786e-05
6.16949e-05
0.000112745
0.000201507
0.000337599
0.000522713
0.000759559
0.001051
0.00139917
0.00180475
0.00226591
0.00277681
0.00332579
0.00389489
0.00445649
0.00497469
0.0054069
0.00571079
0.00588472
0.00583825
3.64356e-05
3.46131e-06
5.31395e-05
0.000138495
0.000270217
0.000450172
0.00068165
0.000968368
0.00131361
0.00171951
0.00218592
0.00270894
0.00327969
0.00388001
0.00448143
0.00504427
0.00551853
0.00585093
0.00603872
0.00596579
-6.97854e-05
-0.0001082
-6.09842e-05
1.9392e-05
0.000144726
0.000317246
0.000541118
0.000821324
0.00116288
0.00157023
0.00204605
0.00258957
0.00319442
0.00384577
0.0045141
0.00515412
0.00570295
0.00608752
0.00630202
0.00619084
-0.00023988
-0.000283203
-0.000240026
-0.000166536
-4.98573e-05
0.000112718
0.000326428
0.000597844
0.000934241
0.00134317
0.00183141
0.00240298
0.00305614
0.00378045
0.00454689
0.00530372
0.00597057
0.00644154
0.0067012
0.0065239
-0.000472813
-0.000521293
-0.000483709
-0.000419375
-0.000314434
-0.000165694
3.32134e-05
0.000290612
0.000616386
0.00102187
0.00151918
0.00211922
0.00282735
0.0036429
0.0045404
0.00546376
0.0063098
0.00692165
0.00725792
0.00696302
-0.00076654
-0.000820959
-0.00079068
-0.000738373
-0.000649357
-0.000520122
-0.000343348
-0.000109085
0.000195183
0.000584923
0.00107856
0.00169643
0.00245719
0.00336761
0.00442283
0.0055689
0.00667934
0.00752451
0.00799737
0.00750296
-0.00111868
-0.00118017
-0.00115908
-0.0011222
-0.00105428
-0.000951931
-0.00080739
-0.000609681
-0.000344271
7.94053e-06
0.000471507
0.00107701
0.00185879
0.00284563
0.00406042
0.00547359
0.00695504
0.00819786
0.00891509
0.00814951
-0.00152616
-0.001596
-0.00158587
-0.00156793
-0.00152679
-0.00145986
-0.00135991
-0.00121621
-0.00101384
-0.000732063
-0.000342375
0.000194151
0.000928541
0.00191759
0.00321019
0.00485164
0.00677801
0.00869559
0.00984878
0.00895364
-0.00198513
-0.00206457
-0.00206647
-0.00207036
-0.00206127
-0.00203836
-0.00199631
-0.00192652
-0.00181658
-0.00164849
-0.00139623
-0.001022
-0.000471022
0.000327443
0.00144709
0.00298554
0.00515695
0.00799917
0.00998356
0.00984536
-0.00249122
-0.00258138
-0.00259486
-0.00262171
-0.00264803
-0.002676
-0.00270385
-0.00272757
-0.00274109
-0.00273544
-0.00269829
-0.00261393
-0.00246546
-0.00224787
-0.0019744
-0.00152424
-0.000246036
0.00323167
0.00706064
0.00965297
-0.00304022
-0.00314116
-0.00316226
-0.00320969
-0.00327109
-0.00335287
-0.0034581
-0.00358971
-0.00375203
-0.00395252
-0.00420619
-0.00454587
-0.00504873
-0.00590558
-0.0074423
-0.00964522
-0.010789
-0.00741486
-0.00155011
0.00515564
-0.00363179
-0.00374459
-0.00376655
-0.00382778
-0.00391711
-0.00404722
-0.00422757
-0.00446984
-0.00479155
-0.00522265
-0.00581777
-0.00668334
-0.00803288
-0.0103026
-0.0141942
-0.0196372
-0.0243084
-0.0219952
-0.015122
-0.00433159
-0.00426028
-0.00437295
-0.0043733
-0.00443053
-0.00453599
-0.00470595
-0.00495262
-0.00529418
-0.0057607
-0.00640203
-0.00730757
-0.00864514
-0.010742
-0.0141825
-0.0198511
-0.0273274
-0.0347546
-0.0340996
-0.0280643
-0.0149397
-0.00495933
-0.00509179
-0.0050553
-0.00509824
-0.0051903
-0.00536335
-0.00563594
-0.00603341
-0.00659245
-0.00737169
-0.00847505
-0.0100857
-0.0125855
-0.016505
-0.0228699
-0.0305597
-0.0390316
-0.0386116
-0.0345511
-0.0200633
-0.00581887
-0.00574229
-0.00558883
-0.00552509
-0.00558286
-0.00576534
-0.00607511
-0.00652443
-0.00714462
-0.00798995
-0.00916352
-0.0108165
-0.0133578
-0.0170126
-0.0231133
-0.029647
-0.0365054
-0.0357747
-0.0335027
-0.0155723
-0.00629528
-0.00675157
-0.00645443
-0.00645173
-0.00640617
-0.00647796
-0.00667762
-0.00703476
-0.00758179
-0.00835749
-0.00945572
-0.0109645
-0.0132793
-0.0164812
-0.0214962
-0.026509
-0.0314255
-0.0295028
-0.0256486
0.00117498
-0.00978164
-0.00723938
-0.00658554
-0.00596688
-0.00586548
-0.00600502
-0.00632515
-0.00678031
-0.00738891
-0.0081589
-0.0092068
-0.0105435
-0.0125579
-0.0152286
-0.0190766
-0.022392
-0.024801
-0.0206173
-0.0105374
0.0332379
-0.00627096
-0.00935305
-0.00835043
-0.00840509
-0.00793844
-0.00767057
-0.00756309
-0.00764517
-0.00796254
-0.00847999
-0.0093079
-0.0104585
-0.0123313
-0.014768
-0.0186857
-0.0215997
-0.0231943
-0.0114262
0.013015
0.089877
-0.0316791
-0.00653188
-0.00509882
-0.00436754
-0.0041513
-0.00434025
-0.00481044
-0.00534853
-0.00607757
-0.00686173
-0.00799403
-0.00930708
-0.0112401
-0.0132553
-0.0153527
-0.0139774
-0.00605635
0.025626
0.0912735
0.222918
7.27803e-05
4.86956e-05
9.46278e-05
0.000183453
0.000322957
0.000514259
0.000759665
0.00106187
0.00142291
0.00184325
0.00232064
0.00284862
0.00341487
0.00399948
0.00457379
0.00510093
0.00553825
0.00584347
0.00601187
0.00596998
9.94669e-05
7.43372e-05
0.00012575
0.000215201
0.000352474
0.000539368
0.000778747
0.00107366
0.00142644
0.001838
0.00230666
0.00282669
0.00338644
0.00396753
0.00454166
0.00507181
0.00551393
0.00582418
0.00600098
0.00595231
4.99732e-05
1.69383e-05
6.70018e-05
0.000153075
0.00028603
0.000467846
0.000701989
0.000992391
0.00134258
0.00175497
0.00222967
0.00276298
0.00334605
0.00396037
0.00457674
0.0051541
0.00564052
0.00598057
0.00617155
0.00609478
-5.50613e-05
-9.35469e-05
-4.59159e-05
3.5223e-05
0.00016187
0.000336383
0.000563134
0.000847367
0.00119442
0.00160909
0.00209445
0.00265005
0.00326979
0.00393849
0.00462586
0.00528486
0.00584983
0.00624425
0.00646246
0.00634397
-0.000223744
-0.000267144
-0.000223521
-0.000149216
-3.11258e-05
0.00013361
0.000350478
0.000626373
0.00096898
0.00138635
0.00188581
0.00247195
0.00314349
0.00388997
0.0046815
0.00546417
0.00615364
0.00663802
0.00690203
0.00671016
-0.000455063
-0.000503623
-0.000465573
-0.000400382
-0.000293941
-0.000142879
5.94648e-05
0.00032181
0.000654558
0.0010697
0.00158017
0.00219782
0.0029289
0.00377247
0.0047032
0.00566239
0.00654114
0.00717225
0.00751336
0.0071892
-0.000746954
-0.000801463
-0.000770722
-0.000717554
-0.000627002
-0.000495358
-0.000314966
-7.54181e-05
0.00023642
0.000636838
0.00114533
0.00178342
0.00257084
0.00351681
0.00461565
0.00581134
0.00697002
0.00784474
0.0083218
0.00776994
-0.00109698
-0.00115857
-0.00113707
-0.00109939
-0.00103001
-0.000925307
-0.000777183
-0.000574159
-0.000301017
6.2287e-05
0.000541583
0.00116917
0.00198148
0.00300947
0.00427758
0.00575665
0.00730901
0.00860148
0.00931716
0.00844729
-0.00150193
-0.0015719
-0.00156146
-0.0015429
-0.00150051
-0.00143151
-0.00132835
-0.00117981
-0.00097034
-0.00067827
-0.000273852
0.000283649
0.00104769
0.00207764
0.00342757
0.00514699
0.00717133
0.00917957
0.0103132
0.00925238
-0.00195777
-0.00203739
-0.00203917
-0.00204272
-0.00203278
-0.00200837
-0.00196387
-0.00189037
-0.00177497
-0.0015991
-0.00133594
-0.000946562
-0.000374502
0.000452841
0.00161069
0.00320693
0.0054823
0.00848275
0.0104203
0.0100988
-0.00245989
-0.00255026
-0.00256389
-0.00259081
-0.00261686
-0.00264415
-0.00267074
-0.00269253
-0.00270336
-0.00269438
-0.00265374
-0.00256689
-0.00241973
-0.00221461
-0.00197764
-0.00158121
-0.000280936
0.0034338
0.00727363
0.00981623
-0.00300368
-0.00310488
-0.00312646
-0.00317448
-0.00323633
-0.00331843
-0.00342385
-0.00355574
-0.00371893
-0.00392203
-0.00418257
-0.00453862
-0.00507834
-0.00601861
-0.00773612
-0.0102241
-0.0115356
-0.00787843
-0.00181292
0.0050992
-0.00358841
-0.00370155
-0.0037244
-0.00378682
-0.00387738
-0.00400884
-0.00419085
-0.00443561
-0.00476176
-0.00520162
-0.00581477
-0.00671792
-0.00814621
-0.0105801
-0.0148213
-0.0208066
-0.02588
-0.0232495
-0.0159076
-0.00476317
-0.00420788
-0.00432093
-0.0043226
-0.00438164
-0.00448904
-0.00466123
-0.00491065
-0.00525617
-0.00572935
-0.00638304
-0.00731296
-0.00869948
-0.0108995
-0.0145445
-0.0206371
-0.0287253
-0.0365468
-0.0354847
-0.0288624
-0.0155708
-0.00489628
-0.00502931
-0.00499436
-0.00503971
-0.00513422
-0.00530997
-0.00558568
-0.00598725
-0.00655268
-0.00734329
-0.00846888
-0.0101224
-0.0127179
-0.0168096
-0.0235228
-0.0316707
-0.0402896
-0.0392899
-0.0346724
-0.020333
-0.00573984
-0.00566445
-0.00551354
-0.00545321
-0.00551395
-0.00569939
-0.00601217
-0.00646479
-0.00708934
-0.00794171
-0.00912959
-0.0108074
-0.0134172
-0.0171971
-0.0233903
-0.0301577
-0.0368325
-0.0355597
-0.0329163
-0.0152615
-0.00621039
-0.0066682
-0.00636963
-0.00637019
-0.0063267
-0.00640068
-0.006602
-0.00696018
-0.00750808
-0.00828486
-0.00938789
-0.0109034
-0.0132401
-0.0164706
-0.0215109
-0.0265248
-0.0312718
-0.0287811
-0.0246647
0.00193048
-0.00966072
-0.00712769
-0.0064812
-0.00586985
-0.00577129
-0.00591265
-0.00623363
-0.00668836
-0.00729586
-0.00806311
-0.00911074
-0.0104411
-0.0124576
-0.0151121
-0.0189448
-0.0221803
-0.0243954
-0.0198223
-0.00944214
0.0342622
-0.00620001
-0.00927797
-0.00826076
-0.00831618
-0.00784669
-0.0075769
-0.00746737
-0.00754585
-0.00785999
-0.00837223
-0.00919728
-0.010341
-0.0122185
-0.0146361
-0.0185373
-0.0213563
-0.0227429
-0.0106332
0.014159
0.091138
-0.0315668
-0.00642882
-0.00499279
-0.00425896
-0.0040441
-0.00423418
-0.00470603
-0.00524246
-0.00597081
-0.00675054
-0.00788144
-0.00918701
-0.0111162
-0.0131069
-0.0151553
-0.0136665
-0.00553981
0.0265102
0.0924775
0.22428
8.27661e-05
5.88112e-05
0.000105107
0.00019458
0.00033513
0.00052797
0.000775535
0.00108067
0.00144555
0.00187082
0.00235433
0.00288967
0.00346446
0.00405847
0.00464248
0.00517881
0.00562377
0.00593403
0.00610479
0.00606132
0.000109588
8.45223e-05
0.000136295
0.0002264
0.000364734
0.000553187
0.000794749
0.00109262
0.0014493
0.00186585
0.00234075
0.00286829
0.00343687
0.00402772
0.00461203
0.00515188
0.00560208
0.00591763
0.00609692
0.00604671
6.06556e-05
2.76841e-05
7.81242e-05
0.000164882
0.000298945
0.000482395
0.000718841
0.00101238
0.00136675
0.00178456
0.00226613
0.00280789
0.00340101
0.00402667
0.00465509
0.00524411
0.00574033
0.00608666
0.00628038
0.00620086
-4.3559e-05
-8.19786e-05
-3.39483e-05
4.79156e-05
0.000175742
0.000352003
0.000581238
0.000868898
0.00122057
0.00164134
0.00213456
0.00270002
0.00333181
0.00401444
0.00471699
0.00539104
0.0059688
0.00637112
0.00659246
0.00646869
-0.00021122
-0.000254547
-0.000210501
-0.000135426
-1.60747e-05
0.000150547
0.000370122
0.000649806
0.0009976
0.00142194
0.00193058
0.00252852
0.00321479
0.00397885
0.00479013
0.005593
0.00630004
0.00679488
0.00706241
0.00686002
-0.000441338
-0.000489818
-0.000451329
-0.000385334
-0.000277563
-0.000124492
8.0775e-05
0.000347266
0.000685785
0.00110883
0.00162995
0.00226171
0.00301094
0.00387647
0.00483299
0.00581975
0.00672343
0.0073691
0.00771388
0.00736873
-0.000731847
-0.000786269
-0.000755096
-0.000701123
-0.000609219
-0.000475506
-0.000292065
-4.81332e-05
0.0002699
0.000678944
0.00119929
0.00185336
0.00266166
0.00363508
0.00476731
0.00600062
0.00719546
0.0080919
0.00857162
0.00797895
-0.00108026
-0.00114177
-0.00111988
-0.00108145
-0.00101078
-0.000904074
-0.000752957
-0.000545571
-0.000266179
0.000105967
0.000597641
0.00124239
0.00207818
0.00313753
0.00444591
0.00597435
0.00757938
0.0089079
0.00962116
0.00867741
-0.00148331
-0.00155319
-0.00154246
-0.00152328
-0.00147979
-0.00140903
-0.00130319
-0.00115073
-0.000935597
-0.000635461
-0.000219665
0.000353821
0.00114022
0.00220092
0.00359358
0.00537141
0.00746916
0.00954427
0.0106617
0.00948186
-0.00193682
-0.00201635
-0.00201799
-0.00202115
-0.00201042
-0.0019847
-0.00193819
-0.0018617
-0.00174204
-0.00156022
-0.00128888
-0.000888319
-0.000300809
0.000547794
0.00173461
0.00337657
0.00573575
0.00886033
0.0107577
0.0102961
-0.00243598
-0.00252629
-0.00253997
-0.00256682
-0.00259255
-0.00261918
-0.00264471
-0.00266497
-0.00267381
-0.0026625
-0.0026196
-0.00253145
-0.00238589
-0.00218996
-0.00197717
-0.00161045
-0.000267737
0.00364178
0.0074625
0.00996466
-0.002976
-0.00307714
-0.00309903
-0.00314735
-0.00320942
-0.00329164
-0.00339716
-0.0035293
-0.00369333
-0.00389883
-0.00416526
-0.0045345
-0.00510246
-0.00610388
-0.00794929
-0.0106298
-0.012022
-0.00811296
-0.00191108
0.00512448
-0.0035559
-0.00366899
-0.00369243
-0.00375557
-0.00384692
-0.00397928
-0.00416252
-0.00440926
-0.00473909
-0.00518621
-0.00581396
-0.00674664
-0.0082352
-0.0107918
-0.0152912
-0.0216743
-0.0270064
-0.0240691
-0.016366
-0.00497606
-0.00416922
-0.00428218
-0.00428474
-0.00434493
-0.0044536
-0.0046273
-0.00487874
-0.00522736
-0.00570598
-0.00636991
-0.00731974
-0.00874531
-0.0110264
-0.0148302
-0.0212514
-0.0298239
-0.0379489
-0.0365041
-0.0294412
-0.0159514
-0.00485074
-0.00498375
-0.00494983
-0.00499664
-0.00509266
-0.00527017
-0.00554808
-0.00595282
-0.00652355
-0.0073239
-0.00846834
-0.0101571
-0.0128297
-0.0170623
-0.0240681
-0.0326215
-0.0414246
-0.0399363
-0.0349228
-0.0205204
-0.00568412
-0.00560905
-0.0054598
-0.00540156
-0.00546413
-0.00565141
-0.00596616
-0.00642123
-0.00704949
-0.00790838
-0.00910957
-0.0108089
-0.0134698
-0.0173363
-0.0236981
-0.0306841
-0.0373299
-0.0356084
-0.0327097
-0.0150692
-0.00615296
-0.00661091
-0.00631141
-0.00631353
-0.00627092
-0.00634594
-0.00654806
-0.00690686
-0.00745577
-0.00823451
-0.00934372
-0.0108674
-0.0132251
-0.0164882
-0.0215811
-0.0266284
-0.0312409
-0.0283945
-0.0240983
0.00245278
-0.00958102
-0.00705265
-0.0064114
-0.00580434
-0.00570741
-0.00584952
-0.00617056
-0.00662462
-0.00723148
-0.00799758
-0.00904744
-0.010375
-0.0123988
-0.0150501
-0.018887
-0.0220887
-0.0242646
-0.0193016
-0.0086784
0.0350087
-0.00615743
-0.00922999
-0.00820333
-0.00825814
-0.00778626
-0.00751456
-0.00740306
-0.00747865
-0.00779053
-0.00829977
-0.00912453
-0.0102659
-0.0121512
-0.0145584
-0.0184542
-0.0212041
-0.02243
-0.0100376
0.0150522
0.092055
-0.0314963
-0.00636562
-0.00492813
-0.00419199
-0.0039771
-0.00416674
-0.00463871
-0.00517308
-0.00590062
-0.0066775
-0.00780898
-0.00911122
-0.0110416
-0.0130184
-0.0150361
-0.013467
-0.00518809
0.0271531
0.0933932
0.22522
8.97686e-05
6.59334e-05
0.000112516
0.000202488
0.000343819
0.000537793
0.000786932
0.00109418
0.00146184
0.00189063
0.0023785
0.00291907
0.00349988
0.00410051
0.00469137
0.00523416
0.00568451
0.00599837
0.00617085
0.00612636
0.000116651
9.16616e-05
0.000143716
0.000234326
0.000373452
0.000563055
0.000806213
0.00110623
0.00146571
0.00188584
0.00236519
0.00289806
0.00347288
0.00407062
0.00466208
0.00520873
0.00566461
0.00598393
0.00616503
0.00611385
6.80651e-05
3.51709e-05
8.59046e-05
0.000173188
0.000308081
0.000492737
0.000730865
0.00102668
0.00138406
0.00180575
0.0022922
0.00283995
0.00344014
0.00407375
0.00471058
0.00530773
0.00581078
0.00616152
0.00635722
0.00627595
-3.56304e-05
-7.39688e-05
-2.5629e-05
5.67909e-05
0.000185498
0.000363048
0.000594096
0.000884235
0.00123922
0.00166434
0.00216313
0.00273554
0.00337575
0.00406808
0.00478114
0.00546556
0.00605212
0.00645993
0.00668349
0.00655635
-0.000202626
-0.000245864
-0.000201492
-0.000125829
-5.53897e-06
0.000162467
0.000384011
0.000666422
0.00101792
0.0014472
0.00196232
0.00256851
0.00326502
0.00404121
0.00486601
0.00568263
0.00640159
0.00690354
0.00717353
0.00696445
-0.000431949
-0.000480331
-0.000441506
-0.000374899
-0.000266143
-0.000111604
9.57754e-05
0.000365234
0.000707849
0.00113646
0.00166503
0.00230658
0.00306832
0.00394884
0.00492283
0.00592813
0.00684845
0.0075038
0.00785108
0.00749271
-0.000721534
-0.000775851
-0.000744348
-0.000689763
-0.000596861
-0.000461645
-0.000276014
-2.89652e-05
0.000293432
0.0007085
0.00123706
0.00190211
0.00272469
0.00371663
0.00487126
0.00612959
0.00734825
0.00825883
0.0087403
0.00812218
-0.00106888
-0.00113027
-0.00110808
-0.00106909
-0.000997461
-0.000889306
-0.000736051
-0.000525586
-0.00024183
0.000136433
0.000636592
0.00129301
0.00214461
0.00322495
0.00456012
0.00612113
0.00776065
0.00911246
0.00982432
0.00883449
-0.00147065
-0.00154042
-0.00152945
-0.0015098
-0.00146548
-0.00139345
-0.00128572
-0.00113051
-0.000911457
-0.000605804
-0.000182306
0.000401896
0.00120317
0.00228432
0.00370525
0.00552177
0.00766807
0.00978676
0.0108948
0.00963966
-0.00192261
-0.00200203
-0.00200353
-0.00200637
-0.00199505
-0.00196838
-0.00192043
-0.00184188
-0.00171931
-0.00153349
-0.00125672
-0.000848776
-0.000251111
0.000611599
0.00181822
0.00349226
0.00590989
0.00911788
0.0109909
0.0104363
-0.00241984
-0.00251003
-0.00252371
-0.00255046
-0.00257591
-0.00260204
-0.00262682
-0.00264603
-0.00265355
-0.00264077
-0.00259649
-0.00250765
-0.00236315
-0.00217259
-0.0019728
-0.00161836
-0.000233144
0.00381362
0.00762077
0.0100856
-0.00295741
-0.00305842
-0.00308049
-0.00312896
-0.00319112
-0.00327338
-0.00337893
-0.00351126
-0.00367594
-0.00388322
-0.00415381
-0.004532
-0.00511839
-0.0061584
-0.00808145
-0.0108743
-0.0122956
-0.00820238
-0.00190235
0.00518826
-0.00353426
-0.0036472
-0.003671
-0.00373457
-0.00382637
-0.0039593
-0.00414334
-0.00439146
-0.00472389
-0.00517611
-0.00581392
-0.00676644
-0.00829468
-0.0109307
-0.0155954
-0.0222318
-0.0277133
-0.0245415
-0.0165675
-0.00504002
-0.00414377
-0.00425655
-0.00425966
-0.00432052
-0.00442995
-0.00460461
-0.00485738
-0.00520816
-0.00569061
-0.00636175
-0.00732541
-0.00877765
-0.0111137
-0.015024
-0.0216661
-0.0305698
-0.038903
-0.0371708
-0.0297722
-0.0161413
-0.0048212
-0.00495408
-0.00492077
-0.00496841
-0.00506532
-0.00524389
-0.00552324
-0.00593019
-0.00650471
-0.00731209
-0.00846999
-0.0101836
-0.0129099
-0.0172417
-0.0244534
-0.0333058
-0.0422676
-0.0404466
-0.035101
-0.0206365
-0.00564864
-0.00557357
-0.00542531
-0.00536825
-0.00543189
-0.00562027
-0.00593628
-0.00639304
-0.00702408
-0.00788801
-0.0090991
-0.0108145
-0.0135131
-0.017444
-0.023936
-0.0311032
-0.0377901
-0.0357569
-0.0326091
-0.0149698
-0.0061172
-0.00657495
-0.00627494
-0.00627779
-0.00623555
-0.00631104
-0.00651357
-0.00687282
-0.00742268
-0.00820335
-0.00931788
-0.0108488
-0.0132232
-0.0165139
-0.0216565
-0.0267522
-0.0313314
-0.0282285
-0.0237564
0.00277176
-0.00953271
-0.00700654
-0.00636855
-0.0057638
-0.00566779
-0.00581019
-0.00613113
-0.00658472
-0.00719134
-0.00795726
-0.00901003
-0.0103363
-0.0123686
-0.0150221
-0.0188693
-0.0220525
-0.0241795
-0.0189864
-0.00817976
0.0354901
-0.00613199
-0.00920055
-0.0081685
-0.00822262
-0.00774923
-0.00747628
-0.00736342
-0.00743721
-0.0077478
-0.00825564
-0.00908116
-0.0102226
-0.0121163
-0.0145186
-0.0184135
-0.0211201
-0.0222409
-0.0096515
0.015661
0.0926556
-0.0314544
-0.00632855
-0.0048904
-0.00415281
-0.00393765
-0.00412674
-0.00459843
-0.00513137
-0.0058583
-0.00663382
-0.00776638
-0.00906803
-0.0110012
-0.0129717
-0.0149718
-0.0133528
-0.00496957
0.0275694
0.0940091
0.225821
9.33842e-05
6.96165e-05
0.000116355
0.000206597
0.000348343
0.000542916
0.000792883
0.00110124
0.00147035
0.00190097
0.0023911
0.00293438
0.00351832
0.00412237
0.00471674
0.00526286
0.005716
0.00603172
0.00620512
0.00616013
0.000120291
9.53467e-05
0.000147554
0.000238435
0.000377984
0.000568195
0.000812193
0.00111333
0.00147428
0.00189628
0.00237794
0.00291357
0.00349162
0.0040929
0.00468804
0.0052382
0.00569701
0.00601828
0.00620033
0.00614868
7.18702e-05
3.90223e-05
8.99153e-05
0.000177482
0.000312817
0.000498111
0.000737124
0.00103414
0.00139309
0.0018168
0.00230577
0.00285662
0.00346046
0.00409816
0.0047393
0.00534062
0.00584717
0.00620017
0.00639691
0.00631478
-3.15738e-05
-6.98634e-05
-2.13561e-05
6.13632e-05
0.000190539
0.00036877
0.00060077
0.000892207
0.00124892
0.0016763
0.00217797
0.00275396
0.0033985
0.00409579
0.00481421
0.00550391
0.00609495
0.00650554
0.00673026
0.00660148
-0.000198242
-0.000241426
-0.000196879
-0.000120899
-1.10924e-07
0.000168625
0.000391201
0.000675037
0.00102846
0.0014603
0.00197875
0.00258919
0.00329092
0.00407328
0.00490494
0.0057285
0.00645345
0.00695898
0.00723024
0.00701794
-0.00042717
-0.000475493
-0.000436487
-0.000369552
-0.000260274
-0.000104962
0.000103521
0.000374524
0.000719259
0.00115074
0.00168313
0.00232968
0.00309779
0.00398588
0.00496866
0.00598324
0.00691184
0.00757199
0.00792055
0.00755588
-0.000716293
-0.000770547
-0.000738866
-0.000683954
-0.000590524
-0.00045452
-0.000267748
-1.90837e-05
0.000305562
0.00072372
0.00125646
0.00192709
0.00275691
0.00375814
0.00492395
0.0061947
0.0074251
0.00834259
0.00882497
0.00819484
-0.0010631
-0.00112443
-0.00110208
-0.00106277
-0.000990646
-0.000881733
-0.000727368
-0.000515315
-0.00022932
0.000152062
0.000656523
0.00131883
0.00217834
0.00326918
0.00461763
0.00619471
0.00785113
0.00921419
0.00992557
0.00891407
-0.00146423
-0.00153394
-0.00152284
-0.00150293
-0.00145818
-0.00138548
-0.00127677
-0.00112015
-0.000899098
-0.000590651
-0.000163277
0.000426284
0.00123496
0.00232628
0.00376118
0.0055968
0.00776692
0.00990672
0.0110108
0.00972007
-0.00191542
-0.00199477
-0.00199619
-0.00199886
-0.00198722
-0.00196005
-0.00191137
-0.00183175
-0.00170772
-0.00151989
-0.00124041
-0.000828816
-0.000226133
0.000643583
0.00186018
0.00355056
0.00599779
0.00924712
0.0111097
0.0105093
-0.0024117
-0.00250181
-0.00251549
-0.00254217
-0.00256746
-0.00259333
-0.00261771
-0.0026364
-0.00264326
-0.00262976
-0.00258484
-0.00249568
-0.0023517
-0.00216354
-0.00196921
-0.00161863
-0.000208723
0.0039073
0.00770821
0.0101527
-0.00294808
-0.00304901
-0.00307115
-0.00311967
-0.00318186
-0.00326413
-0.0033697
-0.00350212
-0.00366716
-0.00387538
-0.0041481
-0.00453078
-0.0051262
-0.0061846
-0.00814379
-0.0109876
-0.0124169
-0.00822946
-0.00188064
0.00523213
-0.00352344
-0.0036363
-0.00366026
-0.00372402
-0.00381604
-0.00394923
-0.00413368
-0.0043825
-0.00471628
-0.00517112
-0.00581403
-0.00677646
-0.00832428
-0.0109988
-0.0157433
-0.0225019
-0.0280524
-0.0247587
-0.0166479
-0.00505521
-0.00413114
-0.00424381
-0.00424718
-0.00430835
-0.00441814
-0.00459326
-0.0048467
-0.00519858
-0.00568301
-0.00635787
-0.0073286
-0.00879432
-0.011158
-0.0151214
-0.0218735
-0.0309445
-0.0393855
-0.0375044
-0.0299394
-0.0162253
-0.00480668
-0.00493945
-0.00490644
-0.00495446
-0.00505177
-0.00523086
-0.00551092
-0.005919
-0.00649551
-0.00730655
-0.00847146
-0.0101978
-0.0129518
-0.0173345
-0.0246518
-0.0336617
-0.0427153
-0.0407306
-0.035214
-0.0206971
-0.00563139
-0.00555627
-0.00540847
-0.00535194
-0.00541607
-0.00560497
-0.0059216
-0.00637924
-0.00701176
-0.00787836
-0.00909481
-0.0108189
-0.0135378
-0.0175025
-0.0240645
-0.031332
-0.0380576
-0.0358711
-0.0325952
-0.0149328
-0.0061
-0.00655759
-0.00625736
-0.0062605
-0.00621839
-0.00629407
-0.00649679
-0.00685629
-0.00740674
-0.00818863
-0.00930618
-0.0108412
-0.013225
-0.0165314
-0.0217025
-0.0268293
-0.0314037
-0.0281759
-0.0236103
0.00292007
-0.0095099
-0.0069846
-0.00634815
-0.0057444
-0.00564881
-0.00579132
-0.00611219
-0.00656556
-0.00717216
-0.00793825
-0.00899299
-0.0103185
-0.0123561
-0.0150123
-0.0188668
-0.022043
-0.0241478
-0.0188407
-0.00793721
0.0357256
-0.00611983
-0.00918638
-0.00815193
-0.00820566
-0.00773155
-0.00745802
-0.00734449
-0.00741746
-0.00772751
-0.00823485
-0.00906107
-0.0102029
-0.012101
-0.0145022
-0.0183979
-0.0210838
-0.0221527
-0.00946302
0.0159688
0.0929531
-0.0314348
-0.00631126
-0.00487286
-0.00413458
-0.00391927
-0.00410804
-0.00457955
-0.00511178
-0.00583844
-0.00661347
-0.00774682
-0.00904861
-0.0109837
-0.0129521
-0.0149444
-0.0133016
-0.00486571
0.0277732
0.0943192
0.226116
9.34074e-05
6.96389e-05
0.000116376
0.000206616
0.00034836
0.000542931
0.000792897
0.00110125
0.00147036
0.00190098
0.00239111
0.00293439
0.00351832
0.00412237
0.00471674
0.00526287
0.005716
0.00603173
0.00620512
0.00616013
0.000120314
9.53684e-05
0.000147574
0.000238454
0.000378001
0.00056821
0.000812206
0.00111334
0.00147429
0.00189629
0.00237795
0.00291358
0.00349162
0.0040929
0.00468804
0.0052382
0.00569701
0.00601828
0.00620034
0.00614868
7.18912e-05
3.90427e-05
8.99345e-05
0.0001775
0.000312833
0.000498125
0.000737137
0.00103415
0.00139309
0.0018168
0.00230578
0.00285662
0.00346046
0.00409816
0.00473931
0.00534062
0.00584717
0.00620017
0.00639691
0.00631478
-3.15546e-05
-6.98447e-05
-2.13385e-05
6.13795e-05
0.000190554
0.000368783
0.000600782
0.000892217
0.00124893
0.00167631
0.00217798
0.00275397
0.0033985
0.00409579
0.00481421
0.00550392
0.00609495
0.00650555
0.00673026
0.00660148
-0.000198225
-0.00024141
-0.000196863
-0.000120884
-9.74926e-08
0.000168637
0.000391212
0.000675046
0.00102847
0.00146031
0.00197876
0.00258919
0.00329093
0.00407329
0.00490494
0.0057285
0.00645345
0.00695898
0.00723024
0.00701794
-0.000427155
-0.000475478
-0.000436473
-0.000369539
-0.000260262
-0.000104952
0.000103531
0.000374532
0.000719267
0.00115075
0.00168313
0.00232969
0.0030978
0.00398588
0.00496866
0.00598325
0.00691184
0.00757199
0.00792055
0.00755589
-0.000716281
-0.000770534
-0.000738854
-0.000683942
-0.000590514
-0.00045451
-0.000267739
-1.90759e-05
0.000305569
0.000723726
0.00125647
0.0019271
0.00275691
0.00375815
0.00492395
0.0061947
0.0074251
0.00834259
0.00882497
0.00819484
-0.00106309
-0.00112442
-0.00110207
-0.00106276
-0.000990637
-0.000881725
-0.00072736
-0.000515308
-0.000229313
0.000152068
0.000656528
0.00131883
0.00217835
0.00326918
0.00461764
0.00619472
0.00785113
0.0092142
0.00992557
0.00891407
-0.00146423
-0.00153393
-0.00152283
-0.00150292
-0.00145817
-0.00138548
-0.00127676
-0.00112014
-0.000899093
-0.000590647
-0.000163273
0.000426288
0.00123496
0.00232628
0.00376118
0.0055968
0.00776692
0.00990672
0.0110108
0.00972007
-0.00191542
-0.00199476
-0.00199619
-0.00199885
-0.00198722
-0.00196005
-0.00191136
-0.00183175
-0.00170771
-0.00151988
-0.0012404
-0.000828814
-0.000226131
0.000643584
0.00186018
0.00355056
0.00599779
0.00924712
0.0111097
0.0105093
-0.00241169
-0.0025018
-0.00251549
-0.00254216
-0.00256745
-0.00259333
-0.00261771
-0.00263639
-0.00264326
-0.00262976
-0.00258484
-0.00249568
-0.0023517
-0.00216354
-0.0019692
-0.00161863
-0.00020872
0.0039073
0.00770821
0.0101527
-0.00294807
-0.003049
-0.00307114
-0.00311967
-0.00318186
-0.00326413
-0.0033697
-0.00350212
-0.00366716
-0.00387538
-0.0041481
-0.00453078
-0.00512619
-0.0061846
-0.00814379
-0.0109876
-0.0124169
-0.00822946
-0.00188064
0.00523213
-0.00352344
-0.00363629
-0.00366026
-0.00372401
-0.00381604
-0.00394922
-0.00413367
-0.0043825
-0.00471627
-0.00517112
-0.00581402
-0.00677646
-0.00832428
-0.0109988
-0.0157433
-0.0225019
-0.0280524
-0.0247587
-0.0166479
-0.00505521
-0.00413114
-0.0042438
-0.00424717
-0.00430835
-0.00441814
-0.00459326
-0.0048467
-0.00519858
-0.00568301
-0.00635786
-0.0073286
-0.00879432
-0.011158
-0.0151214
-0.0218735
-0.0309445
-0.0393855
-0.0375044
-0.0299394
-0.0162253
-0.00480668
-0.00493945
-0.00490644
-0.00495446
-0.00505177
-0.00523086
-0.00551092
-0.005919
-0.00649551
-0.00730654
-0.00847146
-0.0101978
-0.0129518
-0.0173345
-0.0246518
-0.0336617
-0.0427153
-0.0407306
-0.035214
-0.0206971
-0.00563139
-0.00555627
-0.00540847
-0.00535194
-0.00541607
-0.00560497
-0.0059216
-0.00637924
-0.00701176
-0.00787836
-0.00909481
-0.0108189
-0.0135378
-0.0175025
-0.0240645
-0.0313319
-0.0380576
-0.0358711
-0.0325952
-0.0149328
-0.0061
-0.00655758
-0.00625736
-0.00626049
-0.00621838
-0.00629407
-0.00649679
-0.00685629
-0.00740674
-0.00818863
-0.00930618
-0.0108412
-0.013225
-0.0165314
-0.0217025
-0.0268293
-0.0314037
-0.0281759
-0.0236103
0.00292007
-0.0095099
-0.00698459
-0.00634815
-0.0057444
-0.0056488
-0.00579131
-0.00611218
-0.00656555
-0.00717215
-0.00793824
-0.00899298
-0.0103185
-0.0123561
-0.0150123
-0.0188668
-0.022043
-0.0241478
-0.0188407
-0.00793721
0.0357256
-0.00611983
-0.00918638
-0.00815192
-0.00820565
-0.00773155
-0.00745801
-0.00734449
-0.00741746
-0.0077275
-0.00823485
-0.00906106
-0.0102029
-0.012101
-0.0145022
-0.0183979
-0.0210838
-0.0221527
-0.00946302
0.0159688
0.0929531
-0.0314348
-0.00631126
-0.00487285
-0.00413457
-0.00391926
-0.00410803
-0.00457955
-0.00511178
-0.00583844
-0.00661347
-0.00774682
-0.00904861
-0.0109837
-0.0129521
-0.0149444
-0.0133016
-0.00486571
0.0277732
0.0943192
0.226116
8.98396e-05
6.6002e-05
0.00011258
0.000202547
0.000343871
0.000537839
0.000786972
0.00109422
0.00146187
0.00189065
0.00237852
0.00291908
0.0034999
0.00410053
0.00469138
0.00523417
0.00568452
0.00599837
0.00617086
0.00612637
0.00011672
9.17279e-05
0.000143778
0.000234382
0.000373503
0.0005631
0.000806252
0.00110626
0.00146574
0.00188587
0.00236522
0.00289808
0.0034729
0.00407063
0.00466209
0.00520874
0.00566462
0.00598394
0.00616504
0.00611386
6.81293e-05
3.5233e-05
8.5963e-05
0.000173242
0.000308129
0.00049278
0.000730902
0.00102672
0.00138409
0.00180578
0.00229222
0.00283996
0.00344016
0.00407377
0.0047106
0.00530774
0.00581079
0.00616153
0.00635723
0.00627596
-3.5572e-05
-7.39121e-05
-2.55755e-05
5.68404e-05
0.000185543
0.000363087
0.00059413
0.000884264
0.00123925
0.00166436
0.00216315
0.00273556
0.00337577
0.00406809
0.00478115
0.00546558
0.00605213
0.00645994
0.0066835
0.00655635
-0.000202575
-0.000245813
-0.000201444
-0.000125784
-5.49853e-06
0.000162503
0.000384042
0.00066645
0.00101795
0.00144723
0.00196234
0.00256853
0.00326503
0.00404122
0.00486602
0.00568264
0.0064016
0.00690355
0.00717354
0.00696446
-0.000431904
-0.000480286
-0.000441464
-0.00037486
-0.000266107
-0.000111571
9.58039e-05
0.00036526
0.000707871
0.00113648
0.00166505
0.00230659
0.00306834
0.00394885
0.00492284
0.00592814
0.00684846
0.00750381
0.00785109
0.00749272
-0.000721495
-0.000775812
-0.000744311
-0.000689729
-0.000596829
-0.000461616
-0.000275989
-2.89421e-05
0.000293452
0.000708519
0.00123707
0.00190212
0.0027247
0.00371664
0.00487126
0.00612959
0.00734826
0.00825884
0.0087403
0.00812218
-0.00106884
-0.00113024
-0.00110805
-0.00106906
-0.000997433
-0.000889281
-0.000736028
-0.000525565
-0.000241811
0.00013645
0.000636607
0.00129302
0.00214462
0.00322496
0.00456013
0.00612114
0.00776066
0.00911246
0.00982433
0.0088345
-0.00147062
-0.00154039
-0.00152943
-0.00150977
-0.00146546
-0.00139343
-0.0012857
-0.00113049
-0.000911441
-0.00060579
-0.000182293
0.000401907
0.00120318
0.00228433
0.00370526
0.00552178
0.00766808
0.00978676
0.0108948
0.00963967
-0.00192258
-0.002002
-0.0020035
-0.00200635
-0.00199503
-0.00196836
-0.00192042
-0.00184186
-0.0017193
-0.00153348
-0.0012567
-0.000848767
-0.000251103
0.000611607
0.00181823
0.00349227
0.0059099
0.00911789
0.010991
0.0104363
-0.00241982
-0.00251001
-0.0025237
-0.00255044
-0.00257589
-0.00260203
-0.0026268
-0.00264602
-0.00265354
-0.00264076
-0.00259648
-0.00250764
-0.00236314
-0.00217258
-0.00197279
-0.00161835
-0.000233136
0.00381363
0.00762078
0.0100856
-0.00295739
-0.00305841
-0.00308047
-0.00312894
-0.0031911
-0.00327337
-0.00337892
-0.00351124
-0.00367593
-0.00388321
-0.0041538
-0.004532
-0.00511838
-0.00615839
-0.00808144
-0.0108743
-0.0122955
-0.00820237
-0.00190235
0.00518826
-0.00353424
-0.00364719
-0.00367099
-0.00373455
-0.00382636
-0.00395928
-0.00414333
-0.00439145
-0.00472388
-0.00517611
-0.00581391
-0.00676643
-0.00829467
-0.0109307
-0.0155954
-0.0222318
-0.0277132
-0.0245415
-0.0165675
-0.00504001
-0.00414375
-0.00425653
-0.00425965
-0.00432051
-0.00442994
-0.0046046
-0.00485737
-0.00520815
-0.0056906
-0.00636175
-0.00732541
-0.00877765
-0.0111137
-0.015024
-0.0216661
-0.0305698
-0.038903
-0.0371708
-0.0297722
-0.0161413
-0.00482119
-0.00495407
-0.00492076
-0.0049684
-0.00506531
-0.00524389
-0.00552323
-0.00593018
-0.0065047
-0.00731208
-0.00846999
-0.0101835
-0.0129099
-0.0172417
-0.0244534
-0.0333058
-0.0422676
-0.0404466
-0.035101
-0.0206365
-0.00564863
-0.00557356
-0.0054253
-0.00536824
-0.00543188
-0.00562026
-0.00593627
-0.00639303
-0.00702407
-0.00788801
-0.0090991
-0.0108145
-0.0135131
-0.0174439
-0.023936
-0.0311032
-0.0377901
-0.0357569
-0.0326091
-0.0149698
-0.00611719
-0.00657494
-0.00627493
-0.00627778
-0.00623554
-0.00631103
-0.00651357
-0.00687281
-0.00742268
-0.00820334
-0.00931787
-0.0108488
-0.0132232
-0.0165139
-0.0216565
-0.0267522
-0.0313314
-0.0282285
-0.0237564
0.00277177
-0.0095327
-0.00700653
-0.00636854
-0.00576379
-0.00566778
-0.00581018
-0.00613113
-0.00658471
-0.00719133
-0.00795726
-0.00901002
-0.0103363
-0.0123686
-0.0150221
-0.0188693
-0.0220525
-0.0241795
-0.0189864
-0.00817976
0.0354902
-0.00613198
-0.00920054
-0.0081685
-0.00822262
-0.00774922
-0.00747627
-0.00736341
-0.00743721
-0.0077478
-0.00825563
-0.00908116
-0.0102226
-0.0121163
-0.0145186
-0.0184135
-0.0211201
-0.0222409
-0.00965149
0.015661
0.0926556
-0.0314544
-0.00632855
-0.00489039
-0.0041528
-0.00393765
-0.00412673
-0.00459843
-0.00513136
-0.0058583
-0.00663382
-0.00776638
-0.00906802
-0.0110012
-0.0129717
-0.0149718
-0.0133528
-0.00496957
0.0275694
0.0940091
0.225821
8.28898e-05
5.89302e-05
0.000105218
0.00019468
0.000335218
0.000528048
0.000775602
0.00108073
0.0014456
0.00187086
0.00235436
0.0028897
0.00346448
0.00405849
0.0046425
0.00517883
0.00562379
0.00593405
0.0061048
0.00606133
0.000109707
8.4637e-05
0.000136401
0.000226497
0.00036482
0.000553262
0.000794815
0.00109267
0.00144935
0.00186589
0.00234079
0.00286832
0.0034369
0.00402775
0.00461205
0.0051519
0.00560209
0.00591764
0.00609693
0.00604673
6.07664e-05
2.77911e-05
7.82242e-05
0.000164973
0.000299027
0.000482467
0.000718903
0.00101244
0.0013668
0.0017846
0.00226616
0.00280792
0.00340104
0.0040267
0.00465511
0.00524413
0.00574035
0.00608667
0.00628039
0.00620088
-4.3459e-05
-8.18817e-05
-3.38571e-05
4.79993e-05
0.000175817
0.000352069
0.000581296
0.000868948
0.00122061
0.00164137
0.00213459
0.00270005
0.00333183
0.00401446
0.00471701
0.00539106
0.00596881
0.00637114
0.00659247
0.00646871
-0.000211132
-0.000254461
-0.00021042
-0.000135351
-1.60069e-05
0.000150607
0.000370175
0.000649851
0.000997639
0.00142197
0.00193061
0.00252855
0.00321482
0.00397888
0.00479015
0.00559302
0.00630006
0.0067949
0.00706242
0.00686004
-0.000441261
-0.000489743
-0.000451258
-0.000385268
-0.000277503
-0.000124438
8.08223e-05
0.000347308
0.000685821
0.00110887
0.00162998
0.00226173
0.00301097
0.00387649
0.00483301
0.00581976
0.00672344
0.00736911
0.00771389
0.00736874
-0.000731781
-0.000786205
-0.000755035
-0.000701066
-0.000609166
-0.000475459
-0.000292023
-4.80951e-05
0.000269934
0.000678975
0.00119932
0.00185338
0.00266168
0.0036351
0.00476732
0.00600063
0.00719547
0.00809191
0.00857163
0.00797896
-0.00108021
-0.00114172
-0.00111983
-0.00108141
-0.00101073
-0.000904033
-0.000752919
-0.000545536
-0.000266148
0.000105994
0.000597665
0.00124241
0.0020782
0.00313754
0.00444593
0.00597437
0.00757939
0.00890791
0.00962117
0.00867742
-0.00148326
-0.00155315
-0.00154242
-0.00152324
-0.00147975
-0.00140899
-0.00130316
-0.0011507
-0.00093557
-0.000635437
-0.000219644
0.000353839
0.00114024
0.00220093
0.0035936
0.00537142
0.00746917
0.00954428
0.0106617
0.00948188
-0.00193678
-0.00201631
-0.00201795
-0.00202112
-0.00201039
-0.00198467
-0.00193816
-0.00186167
-0.00174202
-0.0015602
-0.00128887
-0.000888303
-0.000300795
0.000547806
0.00173462
0.00337658
0.00573577
0.00886034
0.0107577
0.0102961
-0.00243595
-0.00252626
-0.00253994
-0.00256679
-0.00259252
-0.00261915
-0.00264468
-0.00266495
-0.00267379
-0.00266249
-0.00261958
-0.00253144
-0.00238587
-0.00218995
-0.00197716
-0.00161044
-0.000267721
0.00364179
0.00746251
0.00996467
-0.00297597
-0.00307711
-0.003099
-0.00314732
-0.0032094
-0.00329162
-0.00339714
-0.00352928
-0.00369331
-0.00389882
-0.00416524
-0.00453449
-0.00510244
-0.00610387
-0.00794928
-0.0106298
-0.012022
-0.00811295
-0.00191107
0.00512449
-0.00355588
-0.00366896
-0.0036924
-0.00375555
-0.0038469
-0.00397926
-0.0041625
-0.00440925
-0.00473907
-0.0051862
-0.00581395
-0.00674663
-0.00823519
-0.0107918
-0.0152911
-0.0216743
-0.0270064
-0.0240691
-0.016366
-0.00497605
-0.00416919
-0.00428216
-0.00428472
-0.00434491
-0.00445358
-0.00462728
-0.00487872
-0.00522735
-0.00570597
-0.0063699
-0.00731973
-0.0087453
-0.0110264
-0.0148302
-0.0212514
-0.0298239
-0.0379489
-0.0365041
-0.0294412
-0.0159514
-0.00485072
-0.00498374
-0.00494982
-0.00499662
-0.00509265
-0.00527015
-0.00554806
-0.00595281
-0.00652353
-0.00732388
-0.00846833
-0.0101571
-0.0128297
-0.0170623
-0.024068
-0.0326215
-0.0414246
-0.0399363
-0.0349228
-0.0205203
-0.0056841
-0.00560903
-0.00545979
-0.00540154
-0.00546411
-0.00565139
-0.00596615
-0.00642122
-0.00704948
-0.00790837
-0.00910956
-0.0108089
-0.0134698
-0.0173363
-0.0236981
-0.0306841
-0.0373299
-0.0356084
-0.0327097
-0.0150692
-0.00615294
-0.00661089
-0.00631139
-0.00631352
-0.00627091
-0.00634593
-0.00654805
-0.00690685
-0.00745576
-0.0082345
-0.00934371
-0.0108674
-0.0132251
-0.0164882
-0.0215811
-0.0266284
-0.0312409
-0.0283945
-0.0240982
0.00245278
-0.009581
-0.00705264
-0.00641139
-0.00580433
-0.0057074
-0.0058495
-0.00617055
-0.00662461
-0.00723147
-0.00799757
-0.00904743
-0.010375
-0.0123988
-0.01505
-0.018887
-0.0220887
-0.0242646
-0.0193016
-0.0086784
0.0350087
-0.00615742
-0.00922998
-0.00820332
-0.00825812
-0.00778625
-0.00751455
-0.00740305
-0.00747865
-0.00779053
-0.00829976
-0.00912452
-0.0102659
-0.0121512
-0.0145584
-0.0184542
-0.0212041
-0.02243
-0.0100376
0.0150522
0.092055
-0.0314963
-0.00636561
-0.00492812
-0.00419198
-0.00397709
-0.00416673
-0.0046387
-0.00517307
-0.00590062
-0.00667749
-0.00780897
-0.00911121
-0.0110416
-0.0130184
-0.0150361
-0.013467
-0.00518809
0.0271531
0.0933932
0.22522
7.2966e-05
4.88732e-05
9.47911e-05
0.000183598
0.000323085
0.000514369
0.000759759
0.00106195
0.00142298
0.00184331
0.00232069
0.00284866
0.00341491
0.00399952
0.00457382
0.00510095
0.00553828
0.00584349
0.00601189
0.00597
9.96446e-05
7.45074e-05
0.000125907
0.000215341
0.000352597
0.000539475
0.000778839
0.00107374
0.00142651
0.00183805
0.00230671
0.00282673
0.00338648
0.00396756
0.00454168
0.00507183
0.00551395
0.0058242
0.006001
0.00595233
5.01368e-05
1.70954e-05
6.71476e-05
0.000153207
0.000286146
0.000467947
0.000702076
0.000992465
0.00134265
0.00175502
0.00222972
0.00276302
0.00334609
0.0039604
0.00457677
0.00515412
0.00564054
0.00598059
0.00617157
0.0060948
-5.49155e-05
-9.34061e-05
-4.57842e-05
3.53429e-05
0.000161976
0.000336476
0.000563215
0.000847436
0.00119447
0.00160914
0.0020945
0.00265009
0.00326982
0.00393852
0.00462589
0.00528488
0.00584985
0.00624427
0.00646248
0.00634399
-0.000223617
-0.000267021
-0.000223405
-0.000149109
-3.10301e-05
0.000133695
0.000350551
0.000626436
0.000969034
0.00138639
0.00188585
0.00247199
0.00314352
0.00388999
0.00468152
0.00546419
0.00615366
0.00663804
0.00690205
0.00671018
-0.000454954
-0.000503517
-0.000465472
-0.000400288
-0.000293857
-0.000142804
5.95305e-05
0.000321868
0.000654609
0.00106975
0.00158021
0.00219785
0.00292893
0.0037725
0.00470322
0.00566241
0.00654116
0.00717227
0.00751337
0.00718921
-0.000746862
-0.000801373
-0.000770636
-0.000717474
-0.000626929
-0.000495293
-0.000314907
-7.53658e-05
0.000236467
0.000636879
0.00114537
0.00178346
0.00257087
0.00351684
0.00461567
0.00581136
0.00697004
0.00784475
0.00832182
0.00776996
-0.0010969
-0.0011585
-0.001137
-0.00109933
-0.00102995
-0.000925249
-0.00077713
-0.000574112
-0.000300975
6.23246e-05
0.000541616
0.00116919
0.0019815
0.0030095
0.0042776
0.00575666
0.00730902
0.0086015
0.00931717
0.0084473
-0.00150186
-0.00157183
-0.0015614
-0.00154284
-0.00150046
-0.00143146
-0.0013283
-0.00117977
-0.000970303
-0.000678237
-0.000273823
0.000283675
0.00104772
0.00207766
0.00342759
0.00514701
0.00717135
0.00917958
0.0103132
0.00925239
-0.00195772
-0.00203733
-0.00203912
-0.00204268
-0.00203273
-0.00200832
-0.00196383
-0.00189033
-0.00177494
-0.00159907
-0.00133591
-0.000946539
-0.000374482
0.000452858
0.0016107
0.00320694
0.00548232
0.00848277
0.0104203
0.0100988
-0.00245984
-0.00255022
-0.00256384
-0.00259077
-0.00261682
-0.00264411
-0.0026707
-0.00269249
-0.00270333
-0.00269436
-0.00265371
-0.00256687
-0.00241971
-0.00221459
-0.00197763
-0.0015812
-0.000280922
0.00343381
0.00727365
0.00981625
-0.00300364
-0.00310485
-0.00312643
-0.00317444
-0.0032363
-0.0033184
-0.00342383
-0.00355572
-0.0037189
-0.00392201
-0.00418255
-0.0045386
-0.00507833
-0.0060186
-0.00773611
-0.010224
-0.0115356
-0.00787842
-0.00181291
0.00509922
-0.00358838
-0.00370152
-0.00372437
-0.00378678
-0.00387735
-0.00400881
-0.00419083
-0.00443559
-0.00476174
-0.0052016
-0.00581475
-0.00671791
-0.00814619
-0.0105801
-0.0148213
-0.0208066
-0.02588
-0.0232495
-0.0159076
-0.00476315
-0.00420785
-0.0043209
-0.00432258
-0.00438162
-0.00448902
-0.00466121
-0.00491063
-0.00525615
-0.00572933
-0.00638302
-0.00731294
-0.00869946
-0.0108995
-0.0145445
-0.020637
-0.0287253
-0.0365467
-0.0354847
-0.0288624
-0.0155708
-0.00489626
-0.00502929
-0.00499434
-0.00503969
-0.0051342
-0.00530995
-0.00558566
-0.00598723
-0.00655266
-0.00734328
-0.00846887
-0.0101224
-0.0127178
-0.0168095
-0.0235228
-0.0316707
-0.0402896
-0.0392899
-0.0346724
-0.020333
-0.00573982
-0.00566443
-0.00551352
-0.00545319
-0.00551393
-0.00569937
-0.00601215
-0.00646477
-0.00708932
-0.0079417
-0.00912958
-0.0108074
-0.0134171
-0.0171971
-0.0233903
-0.0301577
-0.0368325
-0.0355597
-0.0329163
-0.0152615
-0.00621037
-0.00666818
-0.00636961
-0.00637018
-0.00632668
-0.00640067
-0.00660198
-0.00696017
-0.00750807
-0.00828485
-0.00938788
-0.0109033
-0.0132401
-0.0164706
-0.0215109
-0.0265248
-0.0312718
-0.0287811
-0.0246647
0.00193049
-0.0096607
-0.00712767
-0.00648118
-0.00586983
-0.00577127
-0.00591264
-0.00623361
-0.00668834
-0.00729585
-0.0080631
-0.00911072
-0.0104411
-0.0124576
-0.0151121
-0.0189448
-0.0221803
-0.0243954
-0.0198223
-0.00944213
0.0342622
-0.00619999
-0.00927796
-0.00826074
-0.00831616
-0.00784667
-0.00757688
-0.00746736
-0.00754584
-0.00785997
-0.00837221
-0.00919727
-0.010341
-0.0122185
-0.0146361
-0.0185373
-0.0213563
-0.0227429
-0.0106331
0.014159
0.091138
-0.0315668
-0.00642881
-0.00499277
-0.00425894
-0.00404408
-0.00423416
-0.00470601
-0.00524244
-0.0059708
-0.00675053
-0.00788143
-0.009187
-0.0111162
-0.0131069
-0.0151553
-0.0136665
-0.00553981
0.0265102
0.0924775
0.22428
6.06626e-05
3.65218e-05
8.20706e-05
0.000170189
0.000308498
0.000498007
0.00074087
0.0010396
0.00139604
0.00181046
0.00228044
0.00279946
0.00335528
0.00392835
0.00449071
0.00500654
0.00543453
0.00573372
0.00589943
0.00585979
8.70285e-05
6.19321e-05
0.00011296
0.000201697
0.000337763
0.000522853
0.000759678
0.0010511
0.00139925
0.00180482
0.00226597
0.00277686
0.00332583
0.00389493
0.00445652
0.00497472
0.00540693
0.00571081
0.00588475
0.00583827
3.66617e-05
3.67702e-06
5.33372e-05
0.000138671
0.000270371
0.000450303
0.000681761
0.000968462
0.00131369
0.00171957
0.00218598
0.00270899
0.00327973
0.00388004
0.00448147
0.0050443
0.00551856
0.00585095
0.00603874
0.00596581
-6.95875e-05
-0.00010801
-6.08082e-05
1.95505e-05
0.000144865
0.000317367
0.000541222
0.000821412
0.00116295
0.00157029
0.00204611
0.00258962
0.00319446
0.00384581
0.00451414
0.00515415
0.00570298
0.00608754
0.00630204
0.00619086
-0.000239711
-0.00028304
-0.000239873
-0.000166397
-4.97333e-05
0.000112826
0.000326521
0.000597924
0.000934309
0.00134323
0.00183146
0.00240302
0.00305618
0.00378048
0.00454692
0.00530375
0.0059706
0.00644157
0.00670122
0.00652392
-0.00047267
-0.000521154
-0.000483578
-0.000419254
-0.000314326
-0.000165598
3.32968e-05
0.000290685
0.000616449
0.00102193
0.00151923
0.00211926
0.00282738
0.00364293
0.00454043
0.00546379
0.00630983
0.00692168
0.00725794
0.00696304
-0.00076642
-0.000820842
-0.000790569
-0.000738271
-0.000649264
-0.000520039
-0.000343274
-0.000109019
0.000195241
0.000584974
0.00107861
0.00169647
0.00245723
0.00336764
0.00442285
0.00556892
0.00667936
0.00752453
0.00799739
0.00750298
-0.00111858
-0.00118007
-0.00115899
-0.00112212
-0.0010542
-0.000951858
-0.000807324
-0.000609622
-0.000344218
7.98757e-06
0.000471548
0.00107705
0.00185883
0.00284566
0.00406045
0.00547361
0.00695506
0.00819788
0.00891511
0.00814953
-0.00152608
-0.00159592
-0.00158579
-0.00156786
-0.00152672
-0.00145979
-0.00135985
-0.00121615
-0.0010138
-0.000732021
-0.000342338
0.000194184
0.00092857
0.00191762
0.00321022
0.00485166
0.00677803
0.0086956
0.00984879
0.00895365
-0.00198506
-0.0020645
-0.0020664
-0.0020703
-0.00206121
-0.00203831
-0.00199626
-0.00192648
-0.00181654
-0.00164845
-0.0013962
-0.00102197
-0.000470996
0.000327467
0.00144711
0.00298556
0.00515697
0.00799919
0.00998357
0.00984538
-0.00249117
-0.00258133
-0.0025948
-0.00262166
-0.00264798
-0.00267596
-0.0027038
-0.00272753
-0.00274105
-0.0027354
-0.00269826
-0.0026139
-0.00246544
-0.00224785
-0.00197438
-0.00152423
-0.000246019
0.00323169
0.00706066
0.00965299
-0.00304017
-0.00314112
-0.00316222
-0.00320965
-0.00327105
-0.00335283
-0.00345806
-0.00358967
-0.003752
-0.00395249
-0.00420617
-0.00454585
-0.00504871
-0.00590556
-0.00744229
-0.0096452
-0.010789
-0.00741485
-0.0015501
0.00515566
-0.00363175
-0.00374455
-0.00376651
-0.00382774
-0.00391708
-0.00404718
-0.00422754
-0.00446981
-0.00479153
-0.00522262
-0.00581774
-0.00668332
-0.00803286
-0.0103026
-0.0141942
-0.0196372
-0.0243084
-0.0219952
-0.015122
-0.00433158
-0.00426025
-0.00437291
-0.00437327
-0.0044305
-0.00453596
-0.00470593
-0.00495259
-0.00529415
-0.00576068
-0.00640201
-0.00730755
-0.00864513
-0.010742
-0.0141825
-0.019851
-0.0273274
-0.0347546
-0.0340996
-0.0280642
-0.0149397
-0.0049593
-0.00509176
-0.00505527
-0.00509821
-0.00519027
-0.00536332
-0.00563591
-0.00603339
-0.00659243
-0.00737167
-0.00847504
-0.0100856
-0.0125854
-0.016505
-0.0228699
-0.0305596
-0.0390316
-0.0386115
-0.0345511
-0.0200633
-0.00581884
-0.00574226
-0.0055888
-0.00552506
-0.00558284
-0.00576532
-0.00607509
-0.00652441
-0.00714461
-0.00798994
-0.00916351
-0.0108165
-0.0133578
-0.0170126
-0.0231133
-0.029647
-0.0365054
-0.0357747
-0.0335027
-0.0155723
-0.00629526
-0.00675154
-0.00645441
-0.00645171
-0.00640615
-0.00647794
-0.0066776
-0.00703474
-0.00758177
-0.00835748
-0.0094557
-0.0109645
-0.0132793
-0.0164812
-0.0214962
-0.026509
-0.0314255
-0.0295027
-0.0256486
0.00117499
-0.00978162
-0.00723936
-0.00658552
-0.00596686
-0.00586546
-0.006005
-0.00632513
-0.0067803
-0.00738889
-0.00815888
-0.00920678
-0.0105435
-0.0125579
-0.0152286
-0.0190766
-0.022392
-0.024801
-0.0206173
-0.0105374
0.0332379
-0.00627093
-0.00935303
-0.00835042
-0.00840507
-0.00793842
-0.00767055
-0.00756307
-0.00764515
-0.00796253
-0.00847998
-0.00930788
-0.0104585
-0.0123313
-0.014768
-0.0186857
-0.0215997
-0.0231943
-0.0114262
0.013015
0.089877
-0.0316791
-0.00653186
-0.0050988
-0.00436752
-0.00415128
-0.00434024
-0.00481042
-0.00534852
-0.00607756
-0.00686171
-0.00799402
-0.00930707
-0.0112401
-0.0132553
-0.0153527
-0.0139774
-0.00605634
0.025626
0.0912736
0.222918
4.6763e-05
2.28913e-05
6.81917e-05
0.00015574
0.00029291
0.000480612
0.00072084
0.00101591
0.00136743
0.00177545
0.00223736
0.0027465
0.00329076
0.00385098
0.00439998
0.00490319
0.00532089
0.00561368
0.00577686
0.00574041
7.23839e-05
4.76726e-05
9.84122e-05
0.000186566
0.000321495
0.000504801
0.000739029
0.00102683
0.00137011
0.00176928
0.0022223
0.00272323
0.00326031
0.0038161
0.00436372
0.00486858
0.00528984
0.00558693
0.00575809
0.00571476
2.0709e-05
-1.18165e-05
3.7528e-05
0.000122261
0.000252787
0.000430871
0.000659618
0.000942498
0.0012825
0.00168145
0.00213889
0.00265063
0.00320771
0.00379238
0.004377
0.00492347
0.00538408
0.00570815
0.00589279
0.00582507
-8.72356e-05
-0.000125138
-7.82875e-05
1.43334e-06
0.000125502
0.000296032
0.000516962
0.000792974
0.00112872
0.00152819
0.00199364
0.00252383
0.00311206
0.00374382
0.00439047
0.00500875
0.00553916
0.00591273
0.00612341
0.00602175
-0.000259229
-0.000301989
-0.00025921
-0.000186422
-7.11081e-05
8.92993e-05
0.000299761
0.000566479
0.000896248
0.00129603
0.00177192
0.00232726
0.00295969
0.00365865
0.00439611
0.00512285
0.00576331
0.00621882
0.00647374
0.00631493
-0.000494238
-0.000542107
-0.000504947
-0.000441356
-0.000337882
-0.000191495
3.83798e-06
0.000255985
0.00057422
0.000969092
0.00145174
0.00203193
0.00271376
0.00349678
0.00435529
0.00523625
0.00604337
0.00663222
0.00696267
0.00670444
-0.00079027
-0.000844024
-0.00081417
-0.000762612
-0.00067511
-0.000548345
-0.000375381
-0.000146809
0.000149151
0.000526971
0.00100376
0.00159831
0.00232809
0.00319657
0.00419987
0.00528638
0.00633859
0.00714761
0.00761406
0.00719114
-0.00114505
-0.0012058
-0.00118509
-0.00114889
-0.00108242
-0.000982491
-0.000841769
-0.000649866
-0.000393082
-5.34761e-05
0.000391913
0.000971521
0.00171704
0.00265439
0.00380476
0.00513796
0.00653349
0.00771551
0.0084308
0.00779297
-0.00155566
-0.00162467
-0.0016148
-0.00159736
-0.00155743
-0.00149262
-0.00139612
-0.00125778
-0.0010635
-0.000793683
-0.000421452
8.9779e-05
0.000787936
0.00172693
0.00294889
0.00449598
0.00630559
0.0081153
0.00928529
0.00858545
-0.00201852
-0.00209702
-0.00209897
-0.00210301
-0.00209467
-0.00207328
-0.00203384
-0.00196824
-0.00186466
-0.00170593
-0.00146714
-0.00111201
-0.000587932
0.000173842
0.00124677
0.00271857
0.00477548
0.00744355
0.00947724
0.00952386
-0.00252964
-0.00261872
-0.00263193
-0.00265842
-0.00268479
-0.00271334
-0.00274247
-0.00276842
-0.00278527
-0.00278409
-0.00275214
-0.0026724
-0.00252445
-0.0022932
-0.001973
-0.00144449
-0.000148608
0.00309728
0.00695181
0.00947949
-0.00308534
-0.00318504
-0.00320548
-0.00325189
-0.00331245
-0.00339359
-0.00349841
-0.00362972
-0.00379137
-0.00398963
-0.00423662
-0.00455878
-0.00501929
-0.00577508
-0.00708461
-0.00891666
-0.00977464
-0.00662691
-0.000976267
0.00535964
-0.00368598
-0.00379727
-0.00381803
-0.00387743
-0.0039649
-0.00409305
-0.00427122
-0.00451061
-0.00482754
-0.0052493
-0.0058248
-0.00664786
-0.00790576
-0.00997939
-0.0134467
-0.0182228
-0.0223107
-0.0201914
-0.0137222
-0.00347549
-0.00432697
-0.00443787
-0.00443646
-0.00449096
-0.00459352
-0.0047603
-0.00500331
-0.00534014
-0.00579929
-0.00642724
-0.00730637
-0.00858934
-0.0105702
-0.0137749
-0.0189472
-0.0257204
-0.0326287
-0.0322315
-0.026596
-0.0137563
-0.00504175
-0.00517191
-0.00513325
-0.00517232
-0.00526051
-0.00542947
-0.00569772
-0.00609013
-0.00664209
-0.00740942
-0.00848995
-0.0100559
-0.0124561
-0.0161954
-0.0221602
-0.0294127
-0.0377859
-0.0378806
-0.034078
-0.0194869
-0.00592522
-0.0058454
-0.00568835
-0.00561922
-0.00567216
-0.00584977
-0.00615485
-0.00659964
-0.00721495
-0.00805364
-0.00921478
-0.0108463
-0.0133304
-0.0169233
-0.0228284
-0.0292411
-0.0366173
-0.0362818
-0.0341381
-0.0159402
-0.00641753
-0.00686852
-0.0065732
-0.00656386
-0.00651363
-0.00658061
-0.00677649
-0.00713132
-0.00767738
-0.00845351
-0.00955089
-0.0110591
-0.0133628
-0.0165596
-0.0215701
-0.0266584
-0.0318612
-0.0305992
-0.0266845
0.000199116
-0.0099577
-0.00739852
-0.00673611
-0.0061059
-0.00599949
-0.00613466
-0.00645151
-0.0069052
-0.00751433
-0.0082886
-0.00934204
-0.010691
-0.0127143
-0.0154174
-0.0193061
-0.0227519
-0.0254731
-0.0216734
-0.0116738
0.0319522
-0.00639991
-0.00947548
-0.00849203
-0.00854104
-0.00807596
-0.00780814
-0.00770101
-0.00778572
-0.0081062
-0.00863099
-0.00946587
-0.01063
-0.0125052
-0.0149699
-0.0189121
-0.0219432
-0.0237921
-0.0123814
0.0118049
0.0882109
-0.0318606
-0.00670477
-0.00527703
-0.00454557
-0.00432247
-0.00450482
-0.00496853
-0.00550561
-0.00623334
-0.00702346
-0.00815964
-0.00948709
-0.0114297
-0.013483
-0.0156396
-0.0144196
-0.00674945
0.024447
0.0897801
0.220926
3.22163e-05
9.37023e-06
5.4674e-05
0.000141923
0.000278139
0.000464188
0.000701927
0.000993467
0.00134017
0.00174184
0.00219563
0.00269476
0.00322715
0.00377409
0.00430925
0.00479945
0.00520673
0.00549355
0.00565497
0.0056233
5.6095e-05
3.26233e-05
8.32334e-05
0.000171068
0.000305088
0.000486851
0.000718743
0.0010032
0.00134187
0.00173489
0.00217996
0.00267096
0.00319608
0.00373833
0.00427161
0.0047628
0.00517302
0.00546371
0.00563277
0.00559416
2.39131e-06
-2.86385e-05
2.0541e-05
0.000104963
0.000234579
0.000411103
0.000637455
0.000916851
0.00125197
0.00164427
0.00209294
0.00259349
0.00313676
0.00370541
0.00427267
0.0048022
0.00524881
0.00556485
0.00574701
0.00568652
-0.000107921
-0.000144146
-9.75073e-05
-1.81153e-05
0.000104997
0.000273879
0.000492244
0.00076446
0.00109477
0.00148671
0.00194198
0.00245889
0.00303024
0.00364172
0.00426567
0.00486109
0.00537224
0.00573485
0.00594236
0.00585288
-0.000282298
-0.000323228
-0.000280707
-0.000208288
-9.40283e-05
6.45569e-05
0.000272149
0.000534554
0.000858051
0.00124895
0.00171259
0.00225157
0.00286274
0.00353501
0.00424165
0.0049362
0.00554843
0.00598784
0.00623843
0.00610198
-0.00051978
-0.000565677
-0.000528816
-0.000465644
-0.000363338
-0.000218981
-2.68814e-05
0.00022034
0.0005313
0.000915679
0.00138354
0.00194352
0.00259966
0.00334612
0.00416223
0.00499693
0.00576145
0.00632521
0.00664954
0.0064341
-0.000818498
-0.000870127
-0.000840594
-0.000789471
-0.000703209
-0.000578627
-0.000409193
-0.000186081
0.000101677
0.000467436
0.000926774
0.00149652
0.00219128
0.003016
0.00396232
0.0049826
0.00596982
0.00673789
0.00719546
0.00685425
-0.00117633
-0.00123478
-0.00121436
-0.00117853
-0.00111325
-0.0010155
-0.000878385
-0.000692177
-0.000444109
-0.000117564
0.000308564
0.000860173
0.00156579
0.00244803
0.00352555
0.00476792
0.00606613
0.00717801
0.00788409
0.00738976
-0.00159058
-0.00165705
-0.00164738
-0.0016301
-0.00159113
-0.00152822
-0.00143503
-0.00130206
-0.00111617
-0.000859119
-0.00050603
-2.32455e-05
0.000633273
0.00151427
0.00265322
0.00409133
0.0057678
0.00745463
0.00862655
0.00813786
-0.00205796
-0.00213366
-0.0021356
-0.00213944
-0.00213157
-0.00211144
-0.00207449
-0.00201316
-0.00191642
-0.00176817
-0.00154499
-0.00121276
-0.000721971
-6.56437e-06
0.00100778
0.00239794
0.00432611
0.00681342
0.00886091
0.00908682
-0.00257501
-0.00266093
-0.00267379
-0.00269951
-0.00272558
-0.00275436
-0.00278459
-0.00281285
-0.00283356
-0.00283807
-0.00281361
-0.00274222
-0.00260023
-0.00236198
-0.0020007
-0.00139441
-5.34401e-05
0.00304073
0.00676936
0.00921077
-0.00313879
-0.00323495
-0.0032546
-0.00329944
-0.00335862
-0.0034386
-0.00354265
-0.00367361
-0.00383502
-0.00403211
-0.00427434
-0.00458169
-0.00500208
-0.00565472
-0.00672645
-0.00816145
-0.00868291
-0.00568424
-0.000272081
0.0056345
-0.00375073
-0.00385781
-0.00387712
-0.00393385
-0.00401864
-0.00414404
-0.00431941
-0.0045556
-0.00486788
-0.005281
-0.00583802
-0.00661956
-0.0077848
-0.00965317
-0.0126778
-0.0167581
-0.0201622
-0.0180292
-0.0118405
-0.00229575
-0.00440814
-0.00451414
-0.0045106
-0.00456119
-0.00465956
-0.00482184
-0.00506009
-0.00539144
-0.005843
-0.00645798
-0.00731169
-0.00854072
-0.0104055
-0.013366
-0.0180252
-0.0240727
-0.0303237
-0.0298634
-0.0245733
-0.0120795
-0.005145
-0.00526888
-0.00522742
-0.00526054
-0.00534285
-0.00550576
-0.00576803
-0.00615423
-0.00669872
-0.0074548
-0.00851492
-0.0100385
-0.0123455
-0.0159023
-0.0214734
-0.0283119
-0.0366231
-0.0370964
-0.0336433
-0.0185557
-0.00606321
-0.00597523
-0.00581355
-0.00573634
-0.00578164
-0.00595145
-0.00624917
-0.00668744
-0.00729707
-0.00812995
-0.00928226
-0.0108983
-0.0133405
-0.0168751
-0.0226723
-0.0289004
-0.0371343
-0.0373462
-0.0354959
-0.0162135
-0.00659406
-0.00702964
-0.00673491
-0.00671198
-0.00665199
-0.00670951
-0.00689806
-0.00724804
-0.00779223
-0.00856984
-0.0096719
-0.0111876
-0.0134951
-0.0167037
-0.0217609
-0.0270017
-0.0329652
-0.0323326
-0.0287796
-0.000841305
-0.0102043
-0.00761799
-0.00694993
-0.00630326
-0.00618729
-0.00631135
-0.00661868
-0.00706586
-0.00767317
-0.00845154
-0.00951715
-0.0108842
-0.0129332
-0.0156757
-0.0196316
-0.0232443
-0.0263913
-0.0231726
-0.0136628
0.0304394
-0.00666066
-0.00969774
-0.00872916
-0.0087587
-0.00828706
-0.00800986
-0.00789564
-0.0079773
-0.00829852
-0.00883106
-0.00967916
-0.0108632
-0.0127541
-0.0152379
-0.0192103
-0.0223641
-0.0246655
-0.0136262
0.0100859
0.0860311
-0.0321569
-0.00700015
-0.00558037
-0.00483849
-0.00459557
-0.00475775
-0.00520554
-0.00573312
-0.00645657
-0.00725007
-0.00839807
-0.00974081
-0.0117096
-0.0137958
-0.0160272
-0.014959
-0.00766695
0.0229573
0.0875979
0.217899
1.85596e-05
-1.31415e-06
4.45737e-05
0.000131995
0.000267549
0.000452198
0.000687727
0.000976065
0.00131835
0.00171413
0.00216031
0.00264997
0.00317104
0.00370519
0.00422697
0.00470461
0.00510219
0.00538432
0.00554564
0.00552194
3.84435e-05
1.8185e-05
6.8927e-05
0.000156839
0.000290325
0.000470994
0.000701117
0.000982929
0.00131782
0.00170566
0.00214384
0.00262606
0.00314033
0.0036701
0.00419005
0.00466848
0.00506867
0.00535436
0.00552279
0.00549224
-1.84066e-05
-4.5603e-05
3.63816e-06
8.81751e-05
0.000217309
0.000392807
0.000617442
0.000894189
0.00122542
0.00161222
0.00205341
0.00254412
0.00307488
0.00362877
0.00417979
0.00469338
0.00512712
0.00543663
0.00561799
0.00556871
-0.000131953
-0.000163907
-0.000117281
-3.77699e-05
8.48545e-05
0.000252687
0.000469255
0.000738626
0.00106466
0.00145038
0.00189697
0.00240219
0.00295825
0.00355089
0.00415339
0.00472701
0.00522007
0.0055734
0.00577961
0.00570687
-0.000309219
-0.000345524
-0.000303078
-0.00023057
-0.000116882
4.05022e-05
0.000246025
0.000505119
0.000823559
0.001207
0.00165999
0.00218428
0.00277651
0.0034231
0.00410019
0.00476356
0.0053486
0.00577341
0.00602159
0.00591259
-0.000549498
-0.000590435
-0.000553716
-0.000490509
-0.0003889
-0.000245965
-5.63108e-05
0.000186975
0.000491869
0.000867183
0.00132182
0.00186312
0.00249365
0.00320658
0.00398132
0.00477016
0.00549236
0.00603168
0.00635111
0.00618394
-0.000851173
-0.000897474
-0.000868141
-0.000817021
-0.000731557
-0.000608587
-0.000441948
-0.000223381
5.7286e-05
0.000412279
0.000855622
0.0014021
0.00206404
0.00284487
0.00373361
0.00468615
0.00560638
0.00633145
0.00677842
0.00652427
-0.00121233
-0.00126501
-0.00124482
-0.00120895
-0.00114447
-0.00104837
-0.00091422
-0.00073293
-0.000492675
-0.0001782
0.000229645
0.00075404
0.00142029
0.00224953
0.00324709
0.00439256
0.00558635
0.00661945
0.00730619
0.00695918
-0.00163052
-0.0016907
-0.00168118
-0.0016637
-0.00162532
-0.00156386
-0.00147344
-0.00134526
-0.00116719
-0.000922486
-0.00058848
-0.000134984
0.000477026
0.00129146
0.002341
0.00365708
0.00518201
0.00672372
0.00787254
0.0075891
-0.00210279
-0.00217154
-0.00217349
-0.00217675
-0.00216899
-0.00214972
-0.00211485
-0.00205747
-0.00196745
-0.00182999
-0.00162364
-0.0013172
-0.000865787
-0.000208156
0.000730998
0.00201208
0.00377395
0.00602867
0.00804388
0.00842604
-0.00262625
-0.00270441
-0.00271697
-0.00274147
-0.00276683
-0.00279545
-0.00282647
-0.00285696
-0.0028819
-0.00289329
-0.00287899
-0.00282121
-0.00269477
-0.00246607
-0.00209094
-0.00144989
-0.000140009
0.00263581
0.00622317
0.00855936
-0.00319892
-0.00328635
-0.0033053
-0.00334801
-0.00340525
-0.00348354
-0.00358647
-0.00371714
-0.00387906
-0.00407693
-0.00431835
-0.00461785
-0.005009
-0.00557327
-0.00643513
-0.00753889
-0.00783188
-0.00498473
0.000341952
0.00570346
-0.00382356
-0.00392034
-0.00393815
-0.00399139
-0.00407265
-0.00419454
-0.00436662
-0.00459963
-0.00490819
-0.00531494
-0.00585776
-0.00660426
-0.0076851
-0.00935603
-0.011958
-0.0153821
-0.0180849
-0.0156174
-0.0092811
-0.000659624
-0.00450088
-0.00459494
-0.00458925
-0.00463468
-0.00472728
-0.0048835
-0.00511579
-0.0054412
-0.00588581
-0.00648993
-0.00732212
-0.00850203
-0.0102557
-0.0129662
-0.0171022
-0.0223759
-0.0276172
-0.0264652
-0.0207492
-0.00904528
-0.00526597
-0.00537405
-0.00532933
-0.00535387
-0.00542774
-0.00558223
-0.00583673
-0.00621575
-0.0067531
-0.00749988
-0.00854395
-0.01003
-0.0122457
-0.0155967
-0.0207382
-0.0270514
-0.0348548
-0.0350365
-0.0307893
-0.0158856
-0.00623257
-0.00612548
-0.00595824
-0.00586958
-0.00590267
-0.00606004
-0.00634641
-0.00677539
-0.00737868
-0.00820756
-0.00935879
-0.0109641
-0.0133687
-0.0168093
-0.0224131
-0.0284654
-0.0374994
-0.0375802
-0.034428
-0.0154717
-0.00684397
-0.00723763
-0.00693784
-0.00688935
-0.00681113
-0.00685176
-0.00702722
-0.00736827
-0.00790974
-0.00869124
-0.00980984
-0.0113426
-0.0136631
-0.016873
-0.021954
-0.0273138
-0.0341371
-0.03369
-0.0287715
-0.00182921
-0.0105303
-0.00790483
-0.00724121
-0.0065736
-0.00643559
-0.00653416
-0.00681934
-0.00725004
-0.00785143
-0.00863512
-0.00973005
-0.0111154
-0.013213
-0.0159807
-0.0200042
-0.0237566
-0.0274638
-0.0242796
-0.0138595
0.0283665
-0.00724336
-0.0101137
-0.0091266
-0.00909172
-0.00858812
-0.00827999
-0.0081438
-0.00821124
-0.00852796
-0.00906813
-0.00994064
-0.0111561
-0.0130801
-0.0155646
-0.0195107
-0.0226635
-0.0251451
-0.0142988
0.00956164
0.0824873
-0.0327206
-0.00756884
-0.00614683
-0.00534386
-0.00503868
-0.00514905
-0.00555901
-0.00605885
-0.0067678
-0.00755974
-0.00872598
-0.0100877
-0.0120922
-0.0142046
-0.0164797
-0.0155769
-0.00861562
0.0211365
0.0851081
0.211645
6.85027e-06
-7.92185e-06
3.88156e-05
0.000126806
0.000261937
0.000445447
0.000679274
0.000965051
0.00130373
0.0016946
0.00213434
0.00261584
0.00312702
0.00364974
0.00415937
0.0046256
0.00501476
0.00529397
0.00545741
0.00544654
1.95626e-05
5.16236e-06
5.60926e-05
0.000144377
0.000277696
0.000457805
0.000686902
0.000967028
0.00129935
0.00168349
0.00211656
0.00259205
0.00309802
0.00361724
0.00412607
0.00459384
0.00498596
0.00526862
0.00543826
0.00542024
-4.17258e-05
-6.18227e-05
-1.24848e-05
7.251e-05
0.000201607
0.000376723
0.000600515
0.000875736
0.00120447
0.00158747
0.00202316
0.00250634
0.00302711
0.00356883
0.00410627
0.00460639
0.00502957
0.00533487
0.00551761
0.00548488
-0.000159368
-0.000183419
-0.0001368
-5.67842e-05
6.586e-05
0.000233376
0.000449133
0.000716924
0.00104025
0.00142168
0.00186187
0.00235807
0.00290221
0.00347893
0.00406316
0.00461809
0.00509598
0.00544302
0.00565077
0.00560073
-0.000339973
-0.000367718
-0.000325364
-0.000252374
-0.000138729
1.82221e-05
0.000222716
0.000479843
0.000794925
0.00117301
0.00161786
0.00213037
0.00270615
0.00333177
0.00398354
0.00461974
0.00518149
0.00559546
0.00584501
0.00577006
-0.000583319
-0.000615074
-0.000578547
-0.000514934
-0.000413507
-0.000271232
-8.29824e-05
0.000157728
0.000458298
0.000826738
0.00127087
0.00179667
0.00240538
0.00308866
0.00382699
0.00457476
0.00525938
0.00577869
0.00609787
0.00598683
-0.000888196
-0.000924649
-0.000895618
-0.000844164
-0.000759015
-0.000636933
-0.000472096
-0.000256768
1.84906e-05
0.000364866
0.000794918
0.00132147
0.00195466
0.00269694
0.00353092
0.00441979
0.00527689
0.00596227
0.00640184
0.00624751
-0.00125296
-0.00129502
-0.00127521
-0.00123902
-0.00117489
-0.00107979
-0.0009477
-0.000770175
-0.000536272
-0.000232047
0.000159715
0.000659295
0.00128839
0.00206372
0.00298495
0.004035
0.00512368
0.00607347
0.00673217
0.0065636
-0.00167538
-0.00172402
-0.00171493
-0.001697
-0.00165881
-0.00159821
-0.00150981
-0.00138554
-0.00121428
-0.000980852
-0.000664956
-0.000240129
0.000327018
0.00107437
0.00203479
0.00320754
0.00456548
0.00593261
0.00701426
0.00702021
-0.0021529
-0.00220901
-0.00221131
-0.00221379
-0.00220578
-0.00218686
-0.00215348
-0.0020995
-0.00201584
-0.0018893
-0.00170087
-0.00142324
-0.00101758
-0.000430722
0.000404639
0.00155863
0.00309091
0.00504333
0.00695713
0.00767157
-0.00268316
-0.00274733
-0.00276003
-0.00278313
-0.00280741
-0.00283537
-0.00286674
-0.00289927
-0.00292885
-0.00294872
-0.00294846
-0.00291185
-0.00281492
-0.0026207
-0.0022716
-0.00164651
-0.000379282
0.00201962
0.00532089
0.00781591
-0.00326525
-0.00333714
-0.00335602
-0.00339637
-0.00345114
-0.0035271
-0.00362846
-0.00375887
-0.00392236
-0.00412398
-0.00437102
-0.00467423
-0.00505494
-0.00555421
-0.00622395
-0.0069827
-0.00706039
-0.00458807
0.000275004
0.00559039
-0.00390339
-0.003982
-0.0039989
-0.00404823
-0.00412521
-0.00424275
-0.00441097
-0.00464084
-0.00494691
-0.00535084
-0.00588687
-0.00660995
-0.00762038
-0.00909144
-0.011232
-0.0139166
-0.015955
-0.013429
-0.00711643
0.000979939
-0.00460329
-0.00467685
-0.00466996
-0.00470952
-0.00479471
-0.00494306
-0.00516784
-0.00548648
-0.00592459
-0.00652037
-0.00733678
-0.00847294
-0.0101105
-0.0125295
-0.0160383
-0.0203325
-0.0243339
-0.0223952
-0.01639
-0.00542011
-0.00540052
-0.00548105
-0.0054346
-0.00544898
-0.00551211
-0.0056555
-0.00589972
-0.00626942
-0.00679836
-0.00753564
-0.00856588
-0.0100069
-0.0121175
-0.015175
-0.0197196
-0.0252134
-0.032021
-0.0315349
-0.0275977
-0.0124476
-0.00642702
-0.00628761
-0.00611628
-0.00601437
-0.00603042
-0.00616996
-0.00643982
-0.00685474
-0.00744774
-0.00826886
-0.00941698
-0.011002
-0.0133605
-0.0165791
-0.0219349
-0.0275707
-0.0371847
-0.0375521
-0.0352572
-0.0143745
-0.00716859
-0.00749922
-0.00718417
-0.00709948
-0.00699403
-0.00700842
-0.00716218
-0.00748527
-0.00801612
-0.00879534
-0.00992601
-0.0114709
-0.0137949
-0.0169516
-0.0219418
-0.0273516
-0.0357779
-0.0357511
-0.0327741
-0.00229431
-0.0108848
-0.00822726
-0.00760595
-0.00692864
-0.00675107
-0.00680183
-0.0070459
-0.00744439
-0.00802902
-0.00880454
-0.00990904
-0.0113607
-0.0134923
-0.0162407
-0.0203232
-0.0242098
-0.0293047
-0.0270034
-0.0187851
0.0267871
-0.00832296
-0.0109226
-0.00981538
-0.00966092
-0.00907363
-0.00868731
-0.00849516
-0.00851542
-0.00880615
-0.00933738
-0.0102375
-0.0114846
-0.013462
-0.0158891
-0.0197977
-0.0228597
-0.0259899
-0.0162542
0.00534064
0.0787505
-0.0334265
-0.00838584
-0.00697693
-0.00604613
-0.00562219
-0.00565557
-0.00601885
-0.00647611
-0.00716878
-0.00794915
-0.00915204
-0.0105207
-0.0125888
-0.0146496
-0.0169798
-0.0161659
-0.0102574
0.0179319
0.0779701
0.202732
2.63317e-06
-1.37585e-06
4.77986e-05
0.000136696
0.000271697
0.000454561
0.000687068
0.000971092
0.00130739
0.00169506
0.00213054
0.00260654
0.00311083
0.00362538
0.00412674
0.00458493
0.00496798
0.00524581
0.00541224
0.0054199
4.14048e-06
1.85422e-07
5.13545e-05
0.000140086
0.000273413
0.000453453
0.000682446
0.000962394
0.00129434
0.00167772
0.00210944
0.00258272
0.00308548
0.00359977
0.00410362
0.00456601
0.0049541
0.0052364
0.00540792
0.00540995
-6.14647e-05
-6.89618e-05
-1.95483e-05
6.59169e-05
0.000195078
0.000370245
0.000594124
0.000869382
0.00119797
0.00158044
0.00201496
0.00249601
0.00301332
0.00354972
0.00408114
0.00457454
0.00499255
0.0052972
0.0054822
0.00547454
-0.000182342
-0.000192538
-0.000145985
-6.5529e-05
5.71721e-05
0.000224766
0.000440665
0.000708564
0.00103181
0.00141274
0.00185166
0.00234544
0.0028857
0.003457
0.004032
0.00457774
0.00504841
0.00539438
0.00560516
0.00558623
-0.000364829
-0.000377838
-0.000335619
-0.000262223
-0.00014861
8.29466e-06
0.000212761
0.000469757
0.000784436
0.00116156
0.00160444
0.0021134
0.00268345
0.0033011
0.00394065
0.00456381
0.00511471
0.0055261
0.00577925
0.00574453
-0.000609446
-0.000625667
-0.000589329
-0.000525385
-0.000424149
-0.000282152
-9.42545e-05
0.000145881
0.00044544
0.000812092
0.00125311
0.00177366
0.00237416
0.00304591
0.00376491
0.00449323
0.00515999
0.00567241
0.00599424
0.00593813
-0.00091544
-0.000935469
-0.000906676
-0.000854984
-0.000770206
-0.000648673
-0.00048458
-0.000270385
3.07896e-06
0.00034656
0.000771899
0.00129075
0.0019117
0.00263562
0.00344744
0.00430133
0.00512469
0.00579023
0.00622478
0.00614719
-0.00128132
-0.00130588
-0.00128633
-0.00124995
-0.00118633
-0.00109202
-0.000961063
-0.000785264
-0.000554026
-0.000253981
0.000131134
0.000619982
0.0012317
0.00198059
0.00286754
0.0038651
0.00489205
0.00578417
0.00640825
0.00633943
-0.00170494
-0.00173474
-0.00172586
-0.0017077
-0.00167006
-0.00161037
-0.00152339
-0.00140135
-0.00123359
-0.00100563
-0.000698333
-0.000287318
0.000257246
0.000968179
0.00187174
0.00296916
0.00421008
0.00542782
0.00637193
0.0064448
-0.00218384
-0.00221937
-0.00222176
-0.00222384
-0.00221623
-0.00219816
-0.00216629
-0.00211483
-0.00203526
-0.00191514
-0.00173673
-0.00147491
-0.00109507
-0.000551405
0.000213289
0.00125819
0.00261392
0.00420819
0.00567694
0.00629996
-0.00271594
-0.00275716
-0.00276971
-0.00279203
-0.00281636
-0.00284486
-0.00287752
-0.00291253
-0.00294635
-0.00297294
-0.00298268
-0.00296131
-0.00288685
-0.00272304
-0.00241048
-0.00184388
-0.000800585
0.00101534
0.0033974
0.00535206
-0.00330096
-0.00334669
-0.00336522
-0.00340423
-0.00345833
-0.00353413
-0.0036362
-0.00376864
-0.00393604
-0.00414393
-0.00439943
-0.004713
-0.00509938
-0.00557218
-0.00612313
-0.00663158
-0.00659327
-0.00469881
-0.000726392
0.00334775
-0.00394399
-0.00399086
-0.00400646
-0.00405325
-0.00412869
-0.00424556
-0.00441411
-0.00464546
-0.00495482
-0.00536372
-0.00590445
-0.00662552
-0.00760543
-0.00893753
-0.0106636
-0.0125112
-0.0133472
-0.0103699
-0.00399551
0.00157379
-0.00465648
-0.00469227
-0.00468523
-0.00472126
-0.00480235
-0.00494726
-0.00517004
-0.00548891
-0.00592968
-0.00652957
-0.00734869
-0.00846906
-0.0100404
-0.0121893
-0.0149736
-0.0176968
-0.0190039
-0.014837
-0.00811325
-0.000403014
-0.00547347
-0.00549374
-0.00544533
-0.00545103
-0.00550941
-0.00565008
-0.00589392
-0.00626558
-0.00679997
-0.00754434
-0.00858665
-0.0100033
-0.012046
-0.0147944
-0.0183711
-0.0218617
-0.0249643
-0.0220583
-0.0161026
-0.00359847
-0.00656764
-0.006361
-0.00617994
-0.00606467
-0.00606452
-0.00619126
-0.00645336
-0.00686567
-0.0074641
-0.00829245
-0.00945879
-0.0110661
-0.0133597
-0.0164342
-0.0206434
-0.0248811
-0.0311798
-0.0298087
-0.0239244
-0.00515783
-0.00748831
-0.00759282
-0.0072698
-0.00712859
-0.00700493
-0.00700728
-0.00715858
-0.00748639
-0.0080333
-0.00883552
-0.0100037
-0.0116163
-0.0139474
-0.0170128
-0.0213838
-0.0257489
-0.0326511
-0.0303574
-0.0231349
0.00272877
-0.0113879
-0.00855651
-0.00789901
-0.00717945
-0.00691615
-0.00690265
-0.00710717
-0.00748754
-0.00807956
-0.00889466
-0.0100554
-0.011598
-0.013789
-0.016509
-0.0202688
-0.0234226
-0.0279412
-0.0229599
-0.0131803
0.0258221
-0.0109965
-0.0118973
-0.0104077
-0.00988613
-0.0091236
-0.00863463
-0.00840093
-0.00842375
-0.00874712
-0.00934696
-0.0103427
-0.0117107
-0.0137696
-0.0162114
-0.0197498
-0.0219961
-0.0242559
-0.0133977
0.00557375
0.0704084
-0.0356644
-0.0102544
-0.00857727
-0.00708503
-0.00630352
-0.00616516
-0.00640826
-0.00680482
-0.00745477
-0.00826002
-0.00949369
-0.0109347
-0.0130439
-0.0150194
-0.0172198
-0.0159478
-0.0102988
0.0161177
0.0641673
0.171817
)
;

boundaryField
{
    movingWall
    {
        type            zeroGradient;
    }
    fixedWalls
    {
        type            zeroGradient;
    }
}


// ************************************************************************* //
