/*--------------------------------*- C++ -*----------------------------------*\
  =========                 |
  \\      /  F ield         | OpenFOAM: The Open Source CFD Toolbox
   \\    /   O peration     | Website:  https://openfoam.org
    \\  /    A nd           | Version:  10
     \\/     M anipulation  |
\*---------------------------------------------------------------------------*/
FoamFile
{
    format      ascii;
    class       volScalarField;
    location    "8.125";
    object      p;
}
// * * * * * * * * * * * * * * * * * * * * * * * * * * * * * * * * * * * * * //

dimensions      [0 2 -2 0 0 0 0];

internalField   nonuniform List<scalar> 
8000
(
-2.69588e-06
-8.26789e-06
4.43592e-05
0.000140476
0.00028662
0.000485125
0.000738718
0.00105012
0.00142121
0.00185209
0.00233983
0.002877
0.00344995
0.00403737
0.00460968
0.00513046
0.00555998
0.005863
0.00603624
0.00602912
-1.69188e-06
-6.26477e-06
4.92432e-05
0.000145538
0.000290255
0.000486056
0.000735954
0.0010429
0.00140901
0.00183473
0.00231765
0.00285097
0.00342154
0.00400821
0.00458192
0.0051066
0.00554035
0.00584591
0.00602195
0.00600265
-7.68207e-05
-8.50347e-05
-3.14745e-05
6.08823e-05
0.000200285
0.000389568
0.00063221
0.000931885
0.00129174
0.00171354
0.00219651
0.0027356
0.00331962
0.00392904
0.00453365
0.0050931
0.00555908
0.00588537
0.00607055
0.00603122
-0.000215537
-0.000226558
-0.000176506
-9.04829e-05
4.03873e-05
0.000219236
0.000450222
0.000738075
0.00108748
0.00150234
0.00198454
0.00253222
0.00313708
0.00378121
0.00443343
0.00505081
0.00557357
0.00593894
0.00614372
0.00607342
-0.000425072
-0.000438969
-0.000394416
-0.000317561
-0.00019894
-3.50829e-05
0.00017894
0.0004491
0.000781966
0.00118419
0.00166139
0.0022162
0.00284539
0.00353532
0.004256
0.00495628
0.00556665
0.00599614
0.00623561
0.00611675
-0.000705606
-0.000722717
-0.000685674
-0.000621105
-0.000519115
-0.000376006
-0.000186193
5.74525e-05
0.000363411
0.000741331
0.00120131
0.00175213
0.0023978
0.00313228
0.00393122
0.00474059
0.00547883
0.00601169
0.00631452
0.0061206
-0.00105521
-0.00107606
-0.00104857
-0.000999731
-0.000919473
-0.000804219
-0.000648179
-0.000443552
-0.000180447
0.000153389
0.000572469
0.00109265
0.0017282
0.00248559
0.00335393
0.00429369
0.00519352
0.00588924
0.00631147
0.00602181
-0.00147054
-0.00149575
-0.00147978
-0.0014502
-0.00139721
-0.00131793
-0.00120721
-0.00105768
-0.000859388
-0.000598982
-0.00025908
0.00018212
0.000750153
0.00146998
0.00235474
0.0033814
0.00447131
0.00540404
0.00606757
0.00573338
-0.0019471
-0.00197721
-0.0019742
-0.00196693
-0.00194643
-0.00191138
-0.00185846
-0.0017824
-0.0016756
-0.00152709
-0.00132111
-0.00103529
-0.000639222
-9.35824e-05
0.000647206
0.00161871
0.00281854
0.00409289
0.00518331
0.00510589
-0.00247962
-0.00251485
-0.0025251
-0.00254173
-0.00255737
-0.00257335
-0.0025897
-0.00260541
-0.00261841
-0.00262497
-0.00261885
-0.00258993
-0.00252186
-0.00238595
-0.00213097
-0.00165299
-0.000718975
0.000862851
0.00293355
0.00390598
-0.00306294
-0.0031029
-0.00312456
-0.00316401
-0.0032161
-0.00328627
-0.00337939
-0.00350099
-0.00365821
-0.00386056
-0.004121
-0.00445728
-0.00489382
-0.00545178
-0.00611177
-0.0067044
-0.00654388
-0.00461569
-0.000884348
0.00171831
-0.00369376
-0.00373669
-0.00376418
-0.00382093
-0.00390447
-0.00402582
-0.00419573
-0.00442779
-0.00474118
-0.00516375
-0.00573681
-0.00652153
-0.00760983
-0.00909265
-0.010946
-0.0127922
-0.0130703
-0.00979654
-0.0040048
-0.000353455
-0.0043742
-0.0044164
-0.00443919
-0.00450171
-0.00460438
-0.00476529
-0.00500139
-0.00533428
-0.00579539
-0.00643182
-0.00731568
-0.00854774
-0.0102777
-0.0125999
-0.0154233
-0.0178141
-0.0179094
-0.0127052
-0.00677036
-0.00162501
-0.0051135
-0.00514227
-0.00513843
-0.00518452
-0.00528573
-0.00546661
-0.00574741
-0.00615613
-0.00673219
-0.00753572
-0.00866692
-0.0102471
-0.0124602
-0.0153507
-0.0187409
-0.0215389
-0.0222964
-0.0177231
-0.0120955
-0.00352128
-0.00594279
-0.00595337
-0.00590155
-0.0059084
-0.00597594
-0.00613921
-0.00642395
-0.00686263
-0.00749563
-0.00839901
-0.0096715
-0.0114479
-0.0139263
-0.0171371
-0.0209985
-0.0245915
-0.0281369
-0.024787
-0.0188996
-0.00585145
-0.0070418
-0.00682334
-0.0066312
-0.00650422
-0.00649869
-0.00662971
-0.00691001
-0.00735848
-0.00801905
-0.00895168
-0.0102631
-0.0120733
-0.0145813
-0.0178124
-0.0218501
-0.025723
-0.0304256
-0.0272955
-0.0212486
-0.00410015
-0.00793628
-0.00802828
-0.00768467
-0.00752181
-0.00737867
-0.00736957
-0.0075194
-0.00785751
-0.00843308
-0.00928866
-0.0105276
-0.0122298
-0.0145835
-0.0175097
-0.0212353
-0.0244537
-0.0281509
-0.0235905
-0.0172236
0.00656046
-0.0118348
-0.00898774
-0.00829961
-0.00753857
-0.00724157
-0.00719785
-0.00738324
-0.00775473
-0.00834977
-0.00918058
-0.0103643
-0.0119205
-0.0140335
-0.0164581
-0.0194439
-0.0212736
-0.0232806
-0.0159496
-0.00707788
0.030261
-0.0113869
-0.0122751
-0.0107403
-0.010172
-0.00936668
-0.00884399
-0.00858531
-0.00859266
-0.00891236
-0.00952143
-0.0105377
-0.011913
-0.0139224
-0.016143
-0.0190158
-0.0201065
-0.0202353
-0.00793006
0.0101233
0.0738234
-0.0361169
-0.0106795
-0.0089393
-0.00739341
-0.00657009
-0.00639537
-0.00661155
-0.00699232
-0.00763226
-0.00843821
-0.00966938
-0.0110835
-0.0130566
-0.0147166
-0.0162634
-0.0139252
-0.00673029
0.0206248
0.0680402
0.174534
1.82789e-06
-1.5011e-05
3.53702e-05
0.000130192
0.000276321
0.000475416
0.000730039
0.00104302
0.00141645
0.0018507
0.00234321
0.00288687
0.00346826
0.00406598
0.00464987
0.00518175
0.00561908
0.0059232
0.00609176
0.00606212
1.56643e-05
-3.30402e-07
5.51446e-05
0.000151143
0.000296
0.000491953
0.000741953
0.00104903
0.00141543
0.0018418
0.00232601
0.00286166
0.0034359
0.00402767
0.00460879
0.00514057
0.00557927
0.00588465
0.00605757
0.00601538
-5.44295e-05
-7.66089e-05
-2.29404e-05
6.91377e-05
0.000208678
0.00039805
0.000640652
0.000940232
0.00130007
0.00172217
0.00220614
0.00274741
0.0033353
0.0039509
0.00456389
0.00513211
0.0056044
0.00593043
0.00611155
0.00604318
-0.000189512
-0.000215913
-0.000165595
-7.97916e-05
5.12748e-05
0.000230242
0.000461194
0.000748931
0.00109827
0.00151338
0.00199665
0.00254683
0.00315631
0.00380749
0.00447156
0.00510104
0.00563298
0.00599849
0.00619755
0.0060894
-0.000397175
-0.000427376
-0.000382508
-0.000305817
-0.000186867
-2.26945e-05
0.000191564
0.000461966
0.000795233
0.00119832
0.00167744
0.00223614
0.00287222
0.00357294
0.00430763
0.00502779
0.00565304
0.00608424
0.00631621
0.00614369
-0.00067681
-0.000710951
-0.000673587
-0.000609105
-0.000506587
-0.000362844
-0.000172338
7.2178e-05
0.00037938
0.000759293
0.0012227
0.00177959
0.00243565
0.00318599
0.00400558
0.00484842
0.005613
0.00615469
0.00645079
0.00617101
-0.00102594
-0.00106455
-0.00103677
-0.00098795
-0.000906972
-0.000790738
-0.000633466
-0.000427196
-0.000161784
0.000175491
0.000599988
0.00112908
0.00177947
0.00255876
0.00344643
0.00444584
0.00540673
0.00613788
0.00656841
0.00612987
-0.00144104
-0.00148487
-0.0014687
-0.00143915
-0.00138533
-0.00130479
-0.00119234
-0.00104039
-0.000838661
-0.000573244
-0.000225773
0.000227438
0.000815423
0.00156975
0.0025176
0.00359673
0.0047959
0.00585515
0.00658952
0.00600097
-0.00191752
-0.00196734
-0.00196434
-0.00195725
-0.00193594
-0.00189952
-0.00184454
-0.00176545
-0.00165428
-0.00149946
-0.00128427
-0.000984698
-0.000567317
1.33435e-05
0.000813829
0.00188642
0.00325667
0.00488155
0.0063001
0.00584718
-0.00244996
-0.00250641
-0.002517
-0.00253414
-0.00254922
-0.00256395
-0.00257817
-0.00259055
-0.00259863
-0.00259832
-0.0025831
-0.00254314
-0.00246399
-0.00232283
-0.00207175
-0.00155827
-0.000298984
0.00216144
0.00492607
0.00564098
-0.00303293
-0.00309633
-0.00311882
-0.00315934
-0.00321139
-0.0032807
-0.00337194
-0.00349031
-0.00364272
-0.00383888
-0.00409326
-0.00442868
-0.00488533
-0.00552632
-0.00638037
-0.00720479
-0.00672863
-0.00339974
0.00108967
0.00417671
-0.00366239
-0.00373197
-0.00376066
-0.00381912
-0.00390345
-0.00402469
-0.00419329
-0.00442259
-0.00473174
-0.00514986
-0.00572326
-0.00652667
-0.00769053
-0.00941749
-0.0118078
-0.0144183
-0.0152334
-0.0112029
-0.00501764
0.000982446
-0.00434011
-0.00441442
-0.00443957
-0.00450502
-0.00460938
-0.00477055
-0.00500544
-0.00533572
-0.00579303
-0.00642658
-0.00731617
-0.00858624
-0.0104424
-0.0131849
-0.0168901
-0.0208897
-0.0231012
-0.0186648
-0.0122119
-0.00356999
-0.00506927
-0.00513633
-0.00513358
-0.00518335
-0.00528849
-0.00547193
-0.00575322
-0.00615965
-0.00673215
-0.00753342
-0.00866791
-0.0102844
-0.0126468
-0.0160432
-0.0206571
-0.0256283
-0.0298314
-0.0261882
-0.0207304
-0.00930487
-0.00588197
-0.00595242
-0.0059035
-0.00591864
-0.00599024
-0.00615481
-0.00643757
-0.00687056
-0.00749883
-0.00838862
-0.00965524
-0.0114429
-0.0140646
-0.01769
-0.022879
-0.0284937
-0.0350865
-0.0326368
-0.0283673
-0.0138164
-0.00691769
-0.00676516
-0.00658339
-0.00646877
-0.00647803
-0.00661977
-0.00690452
-0.00735148
-0.00800199
-0.00891164
-0.0101972
-0.0119875
-0.0145762
-0.0181064
-0.0230944
-0.028391
-0.0349758
-0.0325501
-0.0301631
-0.0112194
-0.00763701
-0.00795359
-0.00761623
-0.00750753
-0.00737904
-0.00737841
-0.00752591
-0.00785383
-0.00840642
-0.00922153
-0.0104125
-0.0120636
-0.0144236
-0.0174791
-0.0217326
-0.0257747
-0.0304618
-0.0272623
-0.0251369
0.00296384
-0.011353
-0.00867789
-0.00802573
-0.00730094
-0.00708488
-0.00710307
-0.00732262
-0.00770364
-0.00828281
-0.00906704
-0.010194
-0.0116817
-0.0137706
-0.0162868
-0.0196305
-0.0221333
-0.0246542
-0.0194431
-0.012036
0.0312739
-0.00874605
-0.0113287
-0.0101624
-0.00995453
-0.009318
-0.00889325
-0.00867056
-0.00866784
-0.0089464
-0.00948044
-0.0104068
-0.0116783
-0.013656
-0.0159437
-0.0192507
-0.0212094
-0.0221023
-0.0107714
0.0102272
0.0820653
-0.0338996
-0.00881944
-0.00733362
-0.00634809
-0.00588366
-0.00587787
-0.00620815
-0.00664116
-0.0073127
-0.00808844
-0.00928845
-0.0106535
-0.0126207
-0.0144236
-0.0161401
-0.0143091
-0.00689309
0.0225718
0.0818133
0.205102
1.70895e-05
-5.36779e-06
4.40909e-05
0.000138605
0.000285464
0.000486095
0.000743124
0.00105964
0.00143808
0.00187925
0.00238101
0.00293659
0.00353265
0.00414741
0.00474925
0.00529765
0.00574645
0.00605318
0.00621649
0.00616878
3.94563e-05
1.68758e-05
7.24386e-05
0.000168381
0.000313797
0.000510792
0.000762453
0.00107208
0.00144227
0.00187407
0.00236588
0.00291172
0.00349875
0.0041064
0.00470442
0.00525217
0.00570206
0.00601002
0.0061784
0.00611783
-2.50511e-05
-5.53635e-05
-1.42849e-06
9.0551e-05
0.000230542
0.000420771
0.000664826
0.000966778
0.00133033
0.00175807
0.00225023
0.00280293
0.00340616
0.00404079
0.00467499
0.00526394
0.00575118
0.00608061
0.00625513
0.00616096
-0.000155125
-0.000190659
-0.000139915
-5.4214e-05
7.72841e-05
0.000257084
0.000489507
0.000779751
0.00113317
0.00155466
0.00204755
0.00261159
0.00324009
0.00391634
0.00460957
0.00526879
0.00582337
0.00619423
0.00638249
0.00623536
-0.000358948
-0.000399014
-0.000353605
-0.000276971
-0.000157482
7.71765e-06
0.000223791
0.000497284
0.000835599
0.00124665
0.00173795
0.00231458
0.00297586
0.00370997
0.00448799
0.00525321
0.00591509
0.00635684
0.00657114
0.00633247
-0.000635407
-0.000680036
-0.000642022
-0.000577503
-0.000474251
-0.000329148
-0.000136279
0.000112205
0.000425835
0.000815882
0.00129491
0.00187537
0.00256555
0.00336199
0.00424678
0.00515986
0.00598741
0.00655311
0.00682019
0.00641825
-0.000981564
-0.00103129
-0.00100276
-0.000953823
-0.000871935
-0.000754024
-0.000593837
-0.000382691
-0.000109398
0.000240344
0.000684289
0.00124343
0.0019393
0.00278609
0.00377544
0.00487406
0.00594637
0.00673762
0.0071205
0.00645342
-0.00139361
-0.00144925
-0.00143229
-0.00140265
-0.00134788
-0.00126553
-0.00114984
-0.000992411
-0.000781736
-0.000502066
-0.00013215
0.000356214
0.000998702
0.00183264
0.00287702
0.00414987
0.00554592
0.00675791
0.00739863
0.00643085
-0.0018667
-0.00192915
-0.00192542
-0.00191843
-0.00189642
-0.0018584
-0.00180033
-0.0017158
-0.00159561
-0.00142635
-0.00118835
-0.000852942
-0.000379568
0.000287745
0.00122112
0.00247059
0.00414214
0.00606176
0.00727477
0.00642013
-0.00239509
-0.00246511
-0.00247517
-0.00249288
-0.00250785
-0.0025217
-0.00253366
-0.00254159
-0.0025421
-0.00252983
-0.00249669
-0.00243144
-0.0023205
-0.00214879
-0.00187054
-0.00127697
0.000167409
0.00303688
0.00569534
0.00634185
-0.00297282
-0.00305093
-0.00307326
-0.00311512
-0.00316812
-0.00323783
-0.00332838
-0.00344445
-0.0035926
-0.00378274
-0.00403109
-0.00436729
-0.00485526
-0.00561946
-0.0067351
-0.0078681
-0.00739438
-0.0034779
0.00129685
0.00468402
-0.0035947
-0.00368016
-0.00370906
-0.00376991
-0.00385678
-0.00398035
-0.00415058
-0.00438064
-0.00469031
-0.00511116
-0.00569695
-0.00654356
-0.00783409
-0.00989433
-0.0128817
-0.0162397
-0.0173034
-0.0126668
-0.00623397
0.000301034
-0.00426092
-0.00435354
-0.00437985
-0.00444927
-0.00455806
-0.00472364
-0.0049625
-0.00529658
-0.00575893
-0.00640318
-0.00732077
-0.00867022
-0.0107355
-0.0139561
-0.0184921
-0.0234892
-0.0265126
-0.0222369
-0.0156521
-0.0062399
-0.00496947
-0.00505689
-0.00505546
-0.00511094
-0.00522348
-0.00541457
-0.005703
-0.006116
-0.00669611
-0.00751085
-0.00867558
-0.0103847
-0.0129636
-0.0168631
-0.0223506
-0.0282753
-0.0334201
-0.0303589
-0.0243823
-0.0128462
-0.00575234
-0.00584987
-0.00580237
-0.00582707
-0.00590885
-0.00608359
-0.00637515
-0.0068153
-0.00744963
-0.0083481
-0.00963363
-0.0114905
-0.014271
-0.0183006
-0.0241139
-0.0301553
-0.0366273
-0.0340481
-0.0291865
-0.0160255
-0.00672893
-0.00660898
-0.00642961
-0.0063271
-0.00635215
-0.0065098
-0.006808
-0.00726455
-0.00791842
-0.00882979
-0.0101213
-0.011932
-0.0145932
-0.0183195
-0.0236171
-0.0287967
-0.0341448
-0.0313973
-0.0283086
-0.011703
-0.00731777
-0.00769701
-0.00737339
-0.0072988
-0.00719535
-0.00721767
-0.00738208
-0.00772127
-0.00827427
-0.00908197
-0.0102558
-0.011885
-0.0142612
-0.0173896
-0.0217162
-0.0255008
-0.0290645
-0.0254705
-0.0215556
0.00325453
-0.0110103
-0.00836301
-0.00766148
-0.00694192
-0.00676285
-0.00682353
-0.00707671
-0.00748121
-0.00806562
-0.00884296
-0.00992822
-0.0113878
-0.0134484
-0.0160091
-0.0193399
-0.0217108
-0.0232299
-0.0177206
-0.00804669
0.0324928
-0.00767035
-0.0105209
-0.00946808
-0.00937721
-0.0088232
-0.00847254
-0.00829897
-0.0083333
-0.00862169
-0.00914764
-0.0100314
-0.0112715
-0.0132074
-0.0155759
-0.0189447
-0.0209239
-0.0214242
-0.00947819
0.0137503
0.0853796
-0.0331828
-0.0079794
-0.00647884
-0.00562656
-0.00528279
-0.00534791
-0.0057162
-0.0061801
-0.00685125
-0.00762353
-0.00877569
-0.0101269
-0.0120559
-0.0139348
-0.0156739
-0.0138173
-0.00554612
0.0252218
0.0881577
0.213072
3.53489e-05
9.54614e-06
5.85424e-05
0.000153151
0.000301156
0.000503906
0.000764156
0.00108528
0.00147011
0.00191988
0.0024329
0.00300272
0.003616
0.00425042
0.00487273
0.00543977
0.00590175
0.00621289
0.00637294
0.00631165
6.25409e-05
3.62366e-05
9.19369e-05
0.000188163
0.000334636
0.000533424
0.000787801
0.00110137
0.00147713
0.0019166
0.00241866
0.0029777
0.00358062
0.00420791
0.00482641
0.0053931
0.00585649
0.00616883
0.00633395
0.00625961
2.03547e-06
-3.28108e-05
2.13838e-05
0.000113637
0.000254645
0.000446599
0.000693311
0.000999216
0.0013685
0.00180434
0.00230765
0.00287521
0.00349788
0.00415506
0.00481423
0.00542705
0.00593159
0.00626611
0.00643501
0.00632082
-0.00012408
-0.000164712
-0.000113589
-2.75902e-05
0.000104959
0.00028654
0.000521752
0.000816233
0.00117593
0.00160655
0.00211235
0.00269408
0.0033462
0.00405144
0.00477802
0.00547025
0.00604946
0.00642659
0.00660423
0.00642542
-0.00032458
-0.000370177
-0.000324299
-0.000247312
-0.000126646
4.05542e-05
0.000259798
0.000538176
0.000883843
0.00130575
0.00181275
0.00241141
0.00310193
0.00387553
0.00469993
0.00551274
0.00621182
0.00666285
0.00685657
0.00656407
-0.000598112
-0.000648658
-0.000610098
-0.000545147
-0.000440544
-0.000293139
-9.65913e-05
0.000157605
0.00047992
0.000882959
0.00138113
0.00198923
0.00271822
0.00356691
0.00451565
0.00549855
0.00638446
0.00696583
0.00719234
0.00669742
-0.000941465
-0.000997504
-0.000968382
-0.000918971
-0.00083561
-0.000715158
-0.000550864
-0.000333283
-5.01141e-05
0.000314566
0.000780843
0.001373
0.00211615
0.00302501
0.00410684
0.00530598
0.00647035
0.0072911
0.00759162
0.00677669
-0.0013506
-0.00141303
-0.00139549
-0.00136544
-0.00130923
-0.00122433
-0.00110443
-0.000940304
-0.000719257
-0.000423765
-2.99176e-05
0.000494517
0.00119064
0.00210249
0.0032505
0.00465445
0.00618637
0.00745559
0.00793774
0.00679515
-0.00182042
-0.00189022
-0.00188603
-0.0018789
-0.00185576
-0.00181556
-0.0017537
-0.00166303
-0.00153328
-0.00134949
-0.00108973
-0.000722045
-0.000201442
0.000531868
0.00154702
0.00291666
0.00473666
0.00678207
0.00778652
0.00684904
-0.00234483
-0.00242287
-0.00243272
-0.00245078
-0.0024653
-0.00247781
-0.00248711
-0.00249051
-0.00248402
-0.00246164
-0.00241495
-0.00233352
-0.00220934
-0.00204252
-0.00179616
-0.00123015
0.000368106
0.00352789
0.0060601
0.00685893
-0.00291727
-0.00300423
-0.0030268
-0.00306978
-0.00312336
-0.00319308
-0.00328277
-0.00339698
-0.00354247
-0.00373025
-0.00397983
-0.00432965
-0.00486821
-0.00577366
-0.00712881
-0.00838615
-0.00792138
-0.00385992
0.000957305
0.00494424
-0.00353148
-0.00362674
-0.00365638
-0.00371937
-0.00380822
-0.00393357
-0.00410523
-0.00433667
-0.00464891
-0.0050769
-0.00568268
-0.00658113
-0.00799753
-0.0103351
-0.0137582
-0.017593
-0.0190119
-0.0146528
-0.00806819
-0.000518386
-0.00418632
-0.00429036
-0.00431824
-0.00439117
-0.00450355
-0.00467271
-0.0049151
-0.00525327
-0.0057221
-0.00637989
-0.0073288
-0.00875117
-0.0109753
-0.0145343
-0.0196144
-0.0252193
-0.0289961
-0.0254864
-0.0188245
-0.00854602
-0.00487613
-0.00497657
-0.00497726
-0.00503779
-0.00515601
-0.00535286
-0.0056468
-0.00606532
-0.00665254
-0.00748011
-0.0086723
-0.0104407
-0.0131638
-0.0173491
-0.0233367
-0.0296547
-0.0352918
-0.0328801
-0.0272072
-0.0154657
-0.00563213
-0.00574641
-0.00570176
-0.00573455
-0.00582418
-0.00600634
-0.00630405
-0.00674897
-0.00738711
-0.0082908
-0.0095875
-0.0114721
-0.0143395
-0.0185183
-0.0246205
-0.0305893
-0.0368474
-0.0344652
-0.0305768
-0.0175881
-0.00656036
-0.00646082
-0.00628601
-0.00619442
-0.00623072
-0.00639911
-0.00670579
-0.00716728
-0.00782111
-0.00872833
-0.010011
-0.0118049
-0.0144917
-0.0182296
-0.0235194
-0.0283943
-0.0330653
-0.0304523
-0.028694
-0.0119671
-0.00706917
-0.00749091
-0.00717105
-0.00712084
-0.0070341
-0.00707088
-0.00724458
-0.00758717
-0.00813503
-0.00892989
-0.0100831
-0.0116653
-0.0140208
-0.0171264
-0.02138
-0.0249141
-0.0280146
-0.0245985
-0.0218624
0.00400943
-0.0106873
-0.00807862
-0.00736861
-0.00666933
-0.00651087
-0.00659441
-0.00686512
-0.00727944
-0.00786038
-0.00861996
-0.00968104
-0.0110931
-0.0131142
-0.0156517
-0.0189357
-0.0212002
-0.0224777
-0.0173099
-0.00842638
0.0341174
-0.00708537
-0.0101027
-0.00906965
-0.00904363
-0.00852153
-0.0081995
-0.00804318
-0.00808428
-0.00836636
-0.00887211
-0.00972155
-0.0109239
-0.0128281
-0.0152045
-0.0186183
-0.0206729
-0.0212137
-0.00928885
0.0138758
0.088546
-0.0326167
-0.00740378
-0.00590512
-0.00511747
-0.00483699
-0.00495092
-0.00535126
-0.00583516
-0.0065089
-0.00727106
-0.00839633
-0.00971565
-0.0116189
-0.0134851
-0.0152297
-0.0132711
-0.00482224
0.0265407
0.090155
0.218861
5.50468e-05
2.80591e-05
7.72779e-05
0.000172591
0.000322195
0.00052752
0.000791548
0.00111798
0.00151005
0.00196943
0.00249483
0.00308009
0.00371182
0.00436683
0.00501043
0.00559679
0.00607274
0.00638954
0.00654795
0.00647649
8.44321e-05
5.66325e-05
0.000112745
0.000209723
0.000357753
0.000558985
0.000816934
0.00113554
0.00151821
0.00196693
0.00248102
0.00305523
0.00367655
0.00432468
0.00496505
0.00555181
0.00602969
0.00634759
0.00651062
0.00642606
2.65201e-05
-1.01762e-05
4.44976e-05
0.000137511
0.000280091
0.000474517
0.00072488
0.001036
0.00141256
0.00185833
0.00237481
0.00295925
0.00360281
0.00428512
0.00497093
0.00560862
0.00613119
0.00647168
0.0066358
0.00650615
-9.67024e-05
-0.000139445
-8.77648e-05
-9.6632e-07
0.00013323
0.00031741
0.000556507
0.00085663
0.00122434
0.00166612
0.0021871
0.00278879
0.00346582
0.00420312
0.0049644
0.00569003
0.0062937
0.0066772
0.00684422
0.0066396
-0.000294478
-0.000342384
-0.000295882
-0.00021803
-9.55796e-05
7.44588e-05
0.000297997
0.000582704
0.000937516
0.00137241
0.0018975
0.00252049
0.00324125
0.00405726
0.00492838
0.00578763
0.00652166
0.00697988
0.0071509
0.0068139
-0.000565408
-0.000618436
-0.000579198
-0.000513315
-0.000406778
-0.000256267
-5.49629e-05
0.000206332
0.000539051
0.000957122
0.00147673
0.002115
0.00288657
0.00378487
0.00479545
0.00584342
0.00678033
0.00736989
0.00754919
0.00697912
-0.000906162
-0.000964865
-0.000935047
-0.000884688
-0.000799316
-0.000675594
-0.00050623
-0.000280993
1.35342e-05
0.000394843
0.000885174
0.00151167
0.00230279
0.00327568
0.00443618
0.00572306
0.00696057
0.00779095
0.00799717
0.00706606
-0.00131254
-0.00137785
-0.00135966
-0.00132877
-0.00127065
-0.00118257
-0.00105767
-0.000885898
-0.000653435
-0.000341136
7.71722e-05
0.000636928
0.00138264
0.00235908
0.00359705
0.00510203
0.00672811
0.00801117
0.00832696
0.00705443
-0.00177922
-0.00185216
-0.00184749
-0.00183979
-0.00181511
-0.0017722
-0.00170598
-0.00160859
-0.00146884
-0.00127054
-0.000990169
-0.000593939
-3.52715e-05
0.000744705
0.0018092
0.00324076
0.0051362
0.00720817
0.00801923
0.00704516
-0.00229976
-0.00238126
-0.00239091
-0.00240889
-0.00242255
-0.00243329
-0.00243955
-0.00243825
-0.00242502
-0.00239376
-0.00233666
-0.00224613
-0.00212358
-0.00199034
-0.00182633
-0.00137251
0.000202806
0.00341516
0.00594448
0.00696962
-0.00286708
-0.00295788
-0.00298066
-0.00302428
-0.00307797
-0.00314727
-0.00323588
-0.00334838
-0.00349208
-0.00367971
-0.00393515
-0.00430751
-0.00491183
-0.00598428
-0.00764482
-0.00927265
-0.0089564
-0.00485507
0.000243674
0.00476884
-0.00347401
-0.00357354
-0.00360388
-0.00366838
-0.00375856
-0.0038851
-0.0040579
-0.00429096
-0.00460687
-0.00504439
-0.00567426
-0.00663029
-0.00817685
-0.0107942
-0.0146734
-0.0189957
-0.0208343
-0.0166808
-0.00967785
-0.00139091
-0.00411839
-0.00422738
-0.00425661
-0.00433212
-0.00444712
-0.00461901
-0.0048644
-0.00520667
-0.00568275
-0.00635564
-0.00733759
-0.00883219
-0.0112076
-0.0150681
-0.0206386
-0.0267111
-0.0308206
-0.0277013
-0.0207911
-0.0100631
-0.00479241
-0.00489847
-0.00490111
-0.00496538
-0.00508755
-0.00528848
-0.00558662
-0.00600999
-0.00660433
-0.00744505
-0.00866434
-0.0104915
-0.0133334
-0.0177239
-0.0240701
-0.030526
-0.0359229
-0.0336464
-0.0280246
-0.0165636
-0.00552694
-0.00564816
-0.00560587
-0.00564414
-0.00573902
-0.00592621
-0.00622824
-0.00667679
-0.00731849
-0.00822761
-0.00953552
-0.0114461
-0.0143745
-0.0186131
-0.0248653
-0.0305934
-0.0359405
-0.0335738
-0.0299307
-0.0177626
-0.00642006
-0.00632969
-0.00615887
-0.00607502
-0.00611811
-0.00629274
-0.00660414
-0.007068
-0.00772113
-0.0086248
-0.00990131
-0.0116862
-0.01437
-0.0180755
-0.0232652
-0.0277653
-0.0316073
-0.0288753
-0.0271775
-0.0115167
-0.00689056
-0.0073285
-0.00700717
-0.00696992
-0.00689197
-0.00693651
-0.0071146
-0.00745738
-0.00800008
-0.0087841
-0.00992007
-0.0114725
-0.0137965
-0.0168477
-0.020983
-0.0242308
-0.0267594
-0.0231831
-0.0203077
0.00481404
-0.0104378
-0.00785772
-0.00715156
-0.00646949
-0.00632024
-0.00641356
-0.00669075
-0.00710669
-0.0076821
-0.00842815
-0.00946783
-0.0108459
-0.0128309
-0.0153203
-0.0185136
-0.0206112
-0.0215264
-0.016287
-0.00719262
0.0352656
-0.00681744
-0.00987562
-0.00883089
-0.00882618
-0.00831127
-0.00799793
-0.00784592
-0.00788595
-0.00816022
-0.00864903
-0.0094751
-0.0106467
-0.0125222
-0.0148722
-0.0182313
-0.0201621
-0.0204818
-0.00844832
0.0150129
0.0903714
-0.0323172
-0.00710589
-0.00560071
-0.00482537
-0.00456576
-0.00469945
-0.00511299
-0.00560242
-0.0062724
-0.00702288
-0.00812688
-0.00941995
-0.0112914
-0.0131213
-0.0148027
-0.0127312
-0.0040184
0.0277092
0.0919078
0.221599
7.39805e-05
4.6694e-05
9.64304e-05
0.000192775
0.000344231
0.000552377
0.000820439
0.00115244
0.00155198
0.00202113
0.00255895
0.00315947
0.00380915
0.00448418
0.00514824
0.0057531
0.00624258
0.0065654
0.00672308
0.0066435
0.000104341
7.60512e-05
0.00013274
0.000230769
0.000380648
0.000584661
0.000846574
0.00117065
0.00156067
0.00201905
0.00254549
0.00313496
0.00377456
0.00444305
0.00510455
0.00571058
0.00620243
0.0065261
0.00668772
0.00659501
4.80774e-05
1.07733e-05
6.60697e-05
0.000160168
0.000304652
0.000501946
0.000756424
0.00107328
0.00145764
0.0019138
0.00244378
0.00304528
0.00370968
0.00441597
0.00512711
0.00578823
0.00632772
0.00667401
0.00683392
0.00669178
-7.31205e-05
-0.000116564
-6.4205e-05
2.37368e-05
0.000159939
0.000347156
0.000590649
0.000896974
0.00127326
0.00172667
0.0022631
0.00288476
0.00358688
0.00435387
0.00514742
0.00590367
0.0065294
0.00691841
0.00707506
0.00684921
-0.000268796
-0.000317478
-0.000270242
-0.000191174
-6.65773e-05
0.000106736
0.000335071
0.000626638
0.000991087
0.00143931
0.00198256
0.00262986
0.00338314
0.00423504
0.00514814
0.00604877
0.00681303
0.007276
0.00742377
0.00705056
-0.000537588
-0.000591458
-0.000551448
-0.00048429
-0.000375476
-0.000221458
-1.49584e-05
0.00025386
0.000597298
0.00103043
0.0015709
0.0022372
0.00304373
0.00399118
0.00505735
0.00616185
0.00714113
0.00773357
0.00786355
0.00723407
-0.000876133
-0.000935754
-0.000905165
-0.000853529
-0.000765837
-0.000638502
-0.000463724
-0.000230562
7.53859e-05
0.000472949
0.000986144
0.00164438
0.00247861
0.00350742
0.00473491
0.00609485
0.00739059
0.00822009
0.00832905
0.00730769
-0.00128014
-0.00134645
-0.00132757
-0.00129551
-0.0012352
-0.00114366
-0.00101351
-0.000834018
-0.000590389
-0.000262183
0.000178485
0.000769327
0.00155704
0.00258671
0.0038955
0.0054793
0.00717664
0.0084546
0.00860451
0.00723253
-0.0017441
-0.00181816
-0.00181296
-0.00180436
-0.00177785
-0.00173199
-0.00166125
-0.00155723
-0.00140803
-0.00119662
-0.000898555
-0.000479348
0.00010731
0.000917089
0.00200873
0.00347232
0.00541245
0.00748121
0.00811175
0.00711961
-0.00226129
-0.00234405
-0.00235344
-0.00237097
-0.00238344
-0.00239215
-0.00239524
-0.00238942
-0.00237018
-0.00233171
-0.00226757
-0.00217394
-0.00206279
-0.00197785
-0.00191731
-0.00160409
-7.92342e-05
0.00316747
0.00572005
0.00694692
-0.0028242
-0.00291644
-0.00293934
-0.00298312
-0.00303651
-0.00310502
-0.00319232
-0.00330323
-0.00344583
-0.00363488
-0.00389924
-0.00429929
-0.00497619
-0.00622396
-0.00820222
-0.010213
-0.010078
-0.00589078
-0.000493861
0.0045422
-0.00342504
-0.00352619
-0.00355709
-0.00362248
-0.00371335
-0.00384049
-0.00401398
-0.00424854
-0.00456847
-0.00501649
-0.00567217
-0.00668832
-0.00836755
-0.011268
-0.0156256
-0.0205137
-0.0226341
-0.0184501
-0.0110023
-0.0021375
-0.00406094
-0.0041718
-0.00420212
-0.00427933
-0.00439602
-0.00456972
-0.00481737
-0.00516325
-0.00564647
-0.00633467
-0.00734994
-0.00891667
-0.0114417
-0.0155965
-0.0216499
-0.0281647
-0.0323465
-0.0292171
-0.0221591
-0.0111553
-0.00472287
-0.00483107
-0.00483531
-0.0049021
-0.00502683
-0.00523043
-0.00553151
-0.00595881
-0.00655979
-0.00741359
-0.00866013
-0.010544
-0.0135033
-0.0180891
-0.0247641
-0.0313581
-0.0363974
-0.0339311
-0.0284894
-0.017185
-0.00544197
-0.00556587
-0.00552542
-0.00556716
-0.00566525
-0.00585546
-0.00616014
-0.00661114
-0.00725592
-0.00817067
-0.00949151
-0.0114281
-0.0144189
-0.0187079
-0.0250916
-0.0306363
-0.0352533
-0.0326793
-0.0294848
-0.0176488
-0.00631075
-0.00622429
-0.00605677
-0.00597808
-0.00602522
-0.00620324
-0.00651685
-0.00698128
-0.00763312
-0.00853366
-0.00980715
-0.0115882
-0.014273
-0.0179599
-0.0230787
-0.0273079
-0.0305749
-0.0276495
-0.0262723
-0.0108951
-0.00676593
-0.00720957
-0.00688585
-0.00685488
-0.00678082
-0.00682871
-0.00700798
-0.00734892
-0.00788624
-0.00866039
-0.00978334
-0.0113143
-0.0136133
-0.0166138
-0.0206524
-0.0236891
-0.0258055
-0.0220873
-0.0194745
0.00567224
-0.0102578
-0.00769636
-0.00699847
-0.00632878
-0.0061843
-0.00628109
-0.00655925
-0.00697273
-0.00754171
-0.00827555
-0.00929847
-0.0106507
-0.0126067
-0.0150435
-0.0181508
-0.0201089
-0.0207789
-0.0154499
-0.00652211
0.0362878
-0.00668438
-0.00975075
-0.00868894
-0.00869098
-0.00817466
-0.00786104
-0.00770676
-0.00774115
-0.00800753
-0.0084818
-0.00929261
-0.0104383
-0.0122921
-0.0146002
-0.017893
-0.0197156
-0.0198682
-0.00767727
0.0158238
0.0918067
-0.0321342
-0.00693324
-0.00542339
-0.00464934
-0.00439737
-0.00453785
-0.00495635
-0.00544433
-0.00611051
-0.00684888
-0.00794029
-0.00920956
-0.0110555
-0.0128335
-0.0144402
-0.0122225
-0.0033237
0.0287224
0.0930955
0.223432
9.07959e-05
6.35868e-05
0.000113963
0.000211456
0.000364787
0.000575695
0.000847638
0.00118491
0.00159146
0.00206968
0.0026189
0.00323329
0.00389917
0.00459206
0.00527429
0.00589555
0.00639709
0.0067255
0.00688293
0.00679685
0.00012158
9.32273e-05
0.000150561
0.000249748
0.000401512
0.00060829
0.000874075
0.00120341
0.00160041
0.00206784
0.00260571
0.00320913
0.00386524
0.00455201
0.00523229
0.00585534
0.00635958
0.00668854
0.00684919
0.00674994
6.63754e-05
2.89735e-05
8.49488e-05
0.000180247
0.000326686
0.000526853
0.000785373
0.00110776
0.00149954
0.00196543
0.00250789
0.00312493
0.00380809
0.00453563
0.005269
0.00595054
0.00650468
0.00685607
0.00701239
0.00686023
-5.34265e-05
-9.69926e-05
-4.39117e-05
4.52918e-05
0.000183557
0.000373818
0.000621631
0.000933935
0.00131834
0.00178259
0.00233318
0.00297283
0.00369725
0.00449023
0.00531169
0.00609412
0.00673845
0.00713186
0.00727909
0.00703626
-0.00024754
-0.00029636
-0.00024836
-0.00016796
-4.11716e-05
0.0001354
0.000368408
0.000666526
0.00104001
0.0015005
0.00206012
0.00272889
0.00350956
0.00439341
0.00534237
0.00627779
0.00706693
0.00753285
0.00765892
0.00725714
-0.000514663
-0.000568686
-0.000527883
-0.000459341
-0.00034823
-0.000190765
2.07296e-05
0.000296633
0.000649964
0.00109672
0.00165569
0.00234637
0.00318333
0.00417199
0.00528478
0.00643625
0.00745005
0.00804277
0.00812637
0.00745049
-0.000851437
-0.000911231
-0.00087986
-0.000826847
-0.000736839
-0.000605995
-0.000426086
-0.000185579
0.000130733
0.000542753
0.0010759
0.00176144
0.00263246
0.00370697
0.00498905
0.00640968
0.00775376
0.0085792
0.00859661
0.00750424
-0.00125351
-0.00132003
-0.00130044
-0.00126711
-0.00120462
-0.00110974
-0.000974684
-0.000788156
-0.000534593
-0.000192578
0.000267039
0.000883577
0.00170513
0.00277667
0.00413892
0.00579287
0.00755408
0.00882271
0.00881615
0.00736141
-0.00171526
-0.00178957
-0.00178381
-0.00177418
-0.00174584
-0.00169713
-0.0016222
-0.00151224
-0.00135485
-0.00113244
-0.000820079
-0.000383047
0.000224068
0.00105267
0.00214784
0.00365998
0.00565311
0.00771205
0.00816813
0.00714712
-0.00222973
-0.0023128
-0.00232186
-0.00233876
-0.00234996
-0.00235664
-0.0023568
-0.002347
-0.0023228
-0.00227885
-0.00221015
-0.00211651
-0.00201881
-0.00197742
-0.00199011
-0.00179524
-0.000282802
0.00299717
0.00554408
0.00689407
-0.00278912
-0.00288172
-0.00290462
-0.00294826
-0.00300113
-0.0030687
-0.00315473
-0.0032643
-0.00340636
-0.00359768
-0.00387169
-0.00429875
-0.00504224
-0.00644536
-0.00869818
-0.0110254
-0.0109625
-0.00663474
-0.000971766
0.00438811
-0.0033852
-0.00348676
-0.00351803
-0.00358386
-0.00367502
-0.00380237
-0.00397628
-0.00421219
-0.00453607
-0.00499429
-0.00567437
-0.00674588
-0.00854553
-0.0117028
-0.0164911
-0.0218524
-0.0240647
-0.0196538
-0.0117938
-0.00258417
-0.00401466
-0.00412601
-0.00415709
-0.00423533
-0.00435305
-0.00452791
-0.00477724
-0.00512624
-0.00561605
-0.00631862
-0.00736507
-0.00899855
-0.0116623
-0.0160896
-0.0225835
-0.0294915
-0.0335402
-0.0300725
-0.0228039
-0.0117387
-0.00466784
-0.00477658
-0.00478199
-0.00485037
-0.00497668
-0.00518198
-0.00548514
-0.00591567
-0.00652273
-0.00738899
-0.00866186
-0.0106001
-0.0136741
-0.0184531
-0.025442
-0.032182
-0.036839
-0.0338913
-0.0284637
-0.0173982
-0.00537647
-0.00550109
-0.00546195
-0.00550575
-0.00560568
-0.00579761
-0.00610387
-0.00655667
-0.00720441
-0.00812528
-0.00946057
-0.0114252
-0.0144851
-0.0188334
-0.0253838
-0.0308211
-0.0348688
-0.0318876
-0.0288737
-0.0173862
-0.00622906
-0.00614409
-0.00597899
-0.00590347
-0.00595286
-0.00613255
-0.006447
-0.0069113
-0.00756219
-0.00846117
-0.00973542
-0.0115184
-0.0142148
-0.0179104
-0.0230045
-0.0270862
-0.0299289
-0.0266716
-0.025391
-0.0102954
-0.00667888
-0.00712428
-0.00679881
-0.00677078
-0.00669806
-0.00674686
-0.0069256
-0.00726408
-0.00779696
-0.00856384
-0.00967975
-0.0111947
-0.0134801
-0.0164459
-0.0204206
-0.0233156
-0.0251212
-0.0211639
-0.0186113
0.00644348
-0.0101334
-0.00758252
-0.00689214
-0.00623031
-0.0060884
-0.00618619
-0.00646339
-0.00687341
-0.00743669
-0.00816094
-0.00917226
-0.010507
-0.0124419
-0.0148339
-0.0178709
-0.0197137
-0.0201851
-0.0146533
-0.00575006
0.0371648
-0.00661071
-0.00967414
-0.00859883
-0.00860218
-0.00808283
-0.00776693
-0.00760913
-0.00763776
-0.00789761
-0.00836113
-0.00916191
-0.0102889
-0.0121267
-0.0143956
-0.0176189
-0.0193307
-0.0192875
-0.00691743
0.0166777
0.0929254
-0.0320204
-0.00683036
-0.00531791
-0.00454171
-0.00429147
-0.0044332
-0.00485247
-0.00533707
-0.00599918
-0.00672843
-0.00781063
-0.00906405
-0.0108868
-0.0126205
-0.0141513
-0.0118095
-0.00274313
0.0295657
0.0940816
0.224689
0.00010439
7.73587e-05
0.000128342
0.000226891
0.000381877
0.00059518
0.000870445
0.0012122
0.00162464
0.00211041
0.00266907
0.00329485
0.00397397
0.00468134
0.00537824
0.00601272
0.00652399
0.00685701
0.0070144
0.00692335
0.00013537
0.000107093
0.000165027
0.000265274
0.000418707
0.000627894
0.000897012
0.00123083
0.00163373
0.00210873
0.00265608
0.00327097
0.00394056
0.00464217
0.00533759
0.00597431
0.0064885
0.00682178
0.00698176
0.00687754
8.085e-05
4.35135e-05
0.000100114
0.000196513
0.000344685
0.000547359
0.000809364
0.00113647
0.00153451
0.00200853
0.00256129
0.00319108
0.00388945
0.00463409
0.00538523
0.00608296
0.00664868
0.0070041
0.00715757
0.00699785
-3.8007e-05
-8.15117e-05
-2.77735e-05
6.2586e-05
0.000202678
0.000395593
0.000647122
0.00096451
0.00135574
0.00182899
0.00239119
0.00304546
0.00378777
0.00460148
0.00544498
0.00624787
0.00690656
0.00730318
0.00744274
0.00718729
-0.00023101
-0.000279765
-0.000231075
-0.00014946
-2.07403e-05
0.000158658
0.000395662
0.000699309
0.00108031
0.00155089
0.00212379
0.00280968
0.00361171
0.00452108
0.00549814
0.00646041
0.00726838
0.00773588
0.00784411
0.00742157
-0.000496905
-0.000550859
-0.000509347
-0.00043955
-0.000326428
-0.000165997
4.97318e-05
0.000331557
0.000693044
0.00115087
0.00172463
0.00243434
0.00329303
0.004316
0.00546502
0.00665241
0.00769213
0.00828369
0.00832913
0.00762012
-0.000832353
-0.000892079
-0.00086001
-0.000805752
-0.000713729
-0.000579891
-0.000395675
-0.000149095
0.000175655
0.000599281
0.00114828
0.00185552
0.0027574
0.00386465
0.00518824
0.00665529
0.0080364
0.0088566
0.00879869
0.00765604
-0.00123297
-0.00129943
-0.0012792
-0.00124471
-0.00118034
-0.00108263
-0.000943491
-0.000751213
-0.000489679
-0.000136767
0.000337569
0.000973837
0.00182121
0.00292471
0.00432927
0.00603761
0.00785136
0.0091096
0.00897329
0.00745786
-0.00169304
-0.00176731
-0.00176103
-0.00175045
-0.0017205
-0.00166938
-0.001591
-0.00147625
-0.00131241
-0.00108156
-0.00075849
-0.000308388
0.00031366
0.0011576
0.0022712
0.00381557
0.00586369
0.00790691
0.00821264
0.0071642
-0.00220548
-0.00228851
-0.00229726
-0.0023135
-0.00232355
-0.00232851
-0.00232625
-0.00231331
-0.00228535
-0.00223752
-0.00216607
-0.00207369
-0.00198811
-0.00198269
-0.00206088
-0.00192372
-0.000383174
0.00291796
0.0054293
0.00685389
-0.00276225
-0.00285484
-0.00287766
-0.00292105
-0.00297335
-0.00304007
-0.00312502
-0.0032336
-0.0033755
-0.0035692
-0.00385184
-0.00430148
-0.00509838
-0.00662281
-0.00908475
-0.0116353
-0.0115662
-0.00709859
-0.00127182
0.00429895
-0.00335488
-0.00345642
-0.00348789
-0.0035539
-0.00364511
-0.00377249
-0.00394667
-0.00418373
-0.00451105
-0.004978
-0.00567849
-0.00679523
-0.00869182
-0.0120546
-0.017183
-0.022894
-0.0250946
-0.020402
-0.0122631
-0.00284498
-0.00397978
-0.00409112
-0.00412269
-0.00420152
-0.00431982
-0.00449542
-0.00474598
-0.00509751
-0.00559289
-0.00630763
-0.00738038
-0.00906956
-0.0118489
-0.0165039
-0.0233577
-0.0305975
-0.0344531
-0.0305754
-0.023158
-0.012057
-0.004627
-0.00473569
-0.00474188
-0.00481122
-0.00493848
-0.00514485
-0.00544948
-0.00588259
-0.00649485
-0.007372
-0.00866816
-0.0106539
-0.0138308
-0.0187942
-0.0260362
-0.0329434
-0.0372806
-0.0338537
-0.0284235
-0.0174689
-0.00532887
-0.00545351
-0.00541523
-0.0054602
-0.00556114
-0.00575401
-0.00606126
-0.00651547
-0.00716599
-0.0080929
-0.0094425
-0.0114348
-0.0145696
-0.0190725
-0.0256115
-0.0311107
-0.0347886
-0.0313821
-0.0284828
-0.0171466
-0.00617119
-0.00608666
-0.00592315
-0.0058495
-0.00590013
-0.00608059
-0.0063953
-0.00685938
-0.00750992
-0.00840877
-0.00968554
-0.0114697
-0.0141988
-0.0179269
-0.0230131
-0.0270446
-0.0296057
-0.0260075
-0.0248065
-0.00981876
-0.00661969
-0.00706533
-0.00673874
-0.006712
-0.00663955
-0.00668832
-0.00686611
-0.0072025
-0.0077323
-0.0084947
-0.00960821
-0.0111109
-0.0133951
-0.0163439
-0.0202824
-0.0230919
-0.0246822
-0.0204794
-0.0179759
0.00705043
-0.0100512
-0.00750571
-0.00682081
-0.0061635
-0.00602291
-0.00612071
-0.00639653
-0.00680353
-0.00736262
-0.00808031
-0.00908446
-0.0104076
-0.0123304
-0.0146912
-0.0176797
-0.0194341
-0.0197575
-0.0140139
-0.00512211
0.037854
-0.00656651
-0.00962518
-0.00854089
-0.00854373
-0.00802165
-0.00770338
-0.00754233
-0.00756645
-0.00782164
-0.00827797
-0.0090728
-0.0101875
-0.0120157
-0.0142563
-0.0174317
-0.0190448
-0.0188417
-0.00628621
0.017405
0.0937662
-0.0319488
-0.00676722
-0.0052534
-0.00447485
-0.00422455
-0.00436575
-0.00478445
-0.00526566
-0.00592459
-0.00664741
-0.00772378
-0.00896693
-0.0107736
-0.0124736
-0.0139459
-0.0115026
-0.00230036
0.0302293
0.0948595
0.225559
0.000113928
8.70558e-05
0.000138505
0.000237852
0.000394067
0.000609128
0.000886816
0.00123181
0.00164849
0.00213968
0.00270505
0.00333891
0.00402735
0.00474491
0.00545208
0.00609578
0.00661386
0.00695014
0.00710756
0.00701314
0.000145003
0.000116817
0.000175208
0.000276257
0.00043093
0.000641887
0.000913439
0.00125051
0.00165766
0.00213809
0.00269219
0.0033152
0.0039943
0.00470632
0.00541233
0.00605858
0.0065797
0.00691602
0.00707557
0.00696798
9.08979e-05
5.36491e-05
0.000110724
0.000207955
0.000357415
0.000561932
0.000826481
0.00115701
0.00155955
0.00203938
0.00259947
0.00323827
0.00394732
0.00470389
0.00546735
0.00617629
0.00674997
0.00710814
0.00725966
0.00709489
-2.73694e-05
-7.07856e-05
-1.65507e-05
7.46807e-05
0.000216127
0.000410991
0.000665229
0.000986291
0.00138242
0.00186207
0.0024325
0.00309706
0.0038519
0.00467989
0.00553854
0.00635543
0.00702386
0.00742257
0.00755679
0.00729299
-0.000219657
-0.000268318
-0.000219108
-0.00013658
-6.43298e-06
0.000175033
0.000414936
0.00072256
0.00110893
0.00158664
0.00216888
0.00286673
0.00368364
0.00461046
0.00560668
0.00658716
0.00740774
0.00787604
0.00797183
0.00753576
-0.000484745
-0.000538598
-0.000496554
-0.000425816
-0.000311216
-0.000148625
7.01581e-05
0.000356215
0.000723481
0.0011891
0.00177321
0.00249653
0.00337344
0.00441665
0.0055898
0.00680141
0.00785852
0.00844884
0.0084678
0.00773729
-0.00081931
-0.00087893
-0.000846341
-0.000791151
-0.000697652
-0.000561646
-0.000374343
-0.000123459
0.000207212
0.000638894
0.00119878
0.00192046
0.00284018
0.0039728
0.00532519
0.00682409
0.00823074
0.00904696
0.00893688
0.00776128
-0.00121895
-0.00128531
-0.0012646
-0.00122925
-0.00116349
-0.00106374
-0.000921701
-0.000725379
-0.000458304
-9.7907e-05
0.000386441
0.00103602
0.00190071
0.00302644
0.00446072
0.00620769
0.00806003
0.0093109
0.00908413
0.0075266
-0.0016779
-0.00175207
-0.00174541
-0.0017341
-0.00170298
-0.00165012
-0.0015693
-0.00145121
-0.00128294
-0.00104639
-0.000716187
-0.000257435
0.00037464
0.00122981
0.00235906
0.00393215
0.0060283
0.00805987
0.00825608
0.00718166
-0.00218899
-0.00227193
-0.00228041
-0.00229614
-0.00230534
-0.00230904
-0.00230509
-0.00228999
-0.00225952
-0.0022092
-0.00213616
-0.00204494
-0.00196763
-0.00198537
-0.00210225
-0.00198646
-0.000405167
0.00290967
0.00538519
0.00683835
-0.00274405
-0.00283653
-0.00285927
-0.00290241
-0.00295427
-0.00302034
-0.00310452
-0.00321245
-0.00335437
-0.00354995
-0.00383883
-0.00430409
-0.00513694
-0.00674141
-0.00933744
-0.0120216
-0.0119112
-0.0073316
-0.00140982
0.0042709
-0.00333444
-0.00343587
-0.00346744
-0.00353349
-0.00362467
-0.00375201
-0.00392636
-0.00416426
-0.0044941
-0.00496734
-0.00568218
-0.00683011
-0.00879268
-0.0122952
-0.0176532
-0.0235874
-0.0257361
-0.0207996
-0.0124745
-0.00295505
-0.00395646
-0.00406767
-0.00409952
-0.00417865
-0.00429728
-0.00447331
-0.00472469
-0.00507801
-0.00557742
-0.00630093
-0.00739239
-0.00912062
-0.0119812
-0.0167973
-0.0239067
-0.0313871
-0.0350748
-0.0308455
-0.0233005
-0.0121959
-0.0046
-0.00470851
-0.00471516
-0.00478504
-0.00491284
-0.00511984
-0.00542544
-0.0058604
-0.00647649
-0.00736172
-0.00867499
-0.0106949
-0.0139455
-0.0190453
-0.0264894
-0.033541
-0.0376547
-0.0338463
-0.0283718
-0.0174782
-0.00529787
-0.00542236
-0.00538459
-0.00543019
-0.00553165
-0.00572503
-0.00603288
-0.00648813
-0.00714089
-0.00807273
-0.0094337
-0.0114463
-0.0146304
-0.0192214
-0.0258602
-0.031412
-0.0348619
-0.0311187
-0.028248
-0.0169798
-0.00613423
-0.00604974
-0.00588716
-0.00581452
-0.00586578
-0.00604661
-0.00636138
-0.00682536
-0.00747602
-0.00837571
-0.00965682
-0.0114437
-0.0141941
-0.017953
-0.0230676
-0.0270904
-0.029482
-0.0256179
-0.0244464
-0.00949661
-0.0065827
-0.00702818
-0.00670096
-0.00667474
-0.0066022
-0.00665069
-0.00682767
-0.00716266
-0.00769074
-0.00845108
-0.00956605
-0.0110574
-0.0133451
-0.0162879
-0.0202131
-0.0229763
-0.0244346
-0.0200377
-0.0175515
0.00746671
-0.0100012
-0.00745836
-0.00677689
-0.00612196
-0.00598199
-0.00607953
-0.00635423
-0.00675914
-0.00731562
-0.00802944
-0.00902979
-0.0103456
-0.0122624
-0.0146044
-0.0175633
-0.0192599
-0.019487
-0.0135714
-0.00467313
0.0383306
-0.00654011
-0.00959513
-0.00850561
-0.00850767
-0.00798373
-0.00766381
-0.00750041
-0.00752162
-0.00777392
-0.00822602
-0.00901768
-0.0101251
-0.0119483
-0.0141701
-0.0173083
-0.0188581
-0.0185392
-0.00583878
0.0179333
0.0943335
-0.0319061
-0.00673007
-0.00521558
-0.00443537
-0.00418465
-0.00432507
-0.00474299
-0.00522178
-0.00587857
-0.00659754
-0.00767052
-0.00890785
-0.0107046
-0.0123829
-0.0138152
-0.011302
-0.00200282
0.0306874
0.0954007
0.226117
0.000118837
9.20541e-05
0.000143754
0.00024353
0.000400398
0.000616389
0.000895352
0.00124205
0.00166095
0.00215495
0.00272381
0.00336185
0.00405511
0.00477791
0.00549037
0.00613881
0.00666038
0.00699834
0.00715578
0.00705967
0.000149952
0.000121821
0.000180458
0.000281938
0.000437269
0.000649163
0.000921997
0.00126078
0.00167014
0.0021534
0.00271102
0.00333823
0.00402224
0.00473962
0.00545106
0.0061022
0.00662686
0.00696474
0.00712409
0.00701481
9.60443e-05
5.88495e-05
0.00011618
0.000213857
0.000364001
0.000569493
0.000835382
0.0011677
0.00157259
0.00205545
0.00261934
0.00326279
0.00397734
0.00474002
0.00550979
0.00622444
0.00680216
0.00716175
0.00731228
0.00714497
-2.19382e-05
-6.52996e-05
-1.07981e-05
8.09001e-05
0.000223066
0.000418959
0.00067462
0.000997606
0.00139628
0.00187927
0.00245394
0.0031238
0.00388506
0.00472035
0.00558671
0.00641068
0.00708401
0.00748375
0.00761525
0.00734733
-0.000213875
-0.000262477
-0.000212989
-0.000129973
9.3021e-07
0.000183486
0.000424909
0.000734608
0.00112377
0.00160517
0.00219221
0.00289618
0.00372068
0.00465638
0.0056623
0.00665195
0.00747882
0.00794745
0.00803692
0.00759423
-0.000478563
-0.000532352
-0.000490025
-0.000418785
-0.000303403
-0.000139677
8.07015e-05
0.000368958
0.000739212
0.00120884
0.00179826
0.00252855
0.0034146
0.0044682
0.00565349
0.00687725
0.00794304
0.00853259
0.00853813
0.00779715
-0.000812687
-0.000872241
-0.000839373
-0.000783687
-0.000689411
-0.000552269
-0.00036336
-0.000110248
0.000223467
0.000659269
0.00122469
0.00195367
0.00288253
0.00402784
0.0053948
0.00690983
0.0083294
0.00914348
0.00900703
0.00781534
-0.00121184
-0.00127813
-0.00125717
-0.00122136
-0.00115487
-0.00105405
-0.000910508
-0.000712103
-0.000442196
-7.79951e-05
0.000411413
0.00106769
0.00194113
0.00307818
0.00452767
0.00629463
0.00816722
0.00941431
0.00914154
0.00756291
-0.00167023
-0.00174433
-0.00173746
-0.00172576
-0.00169402
-0.00164026
-0.00155817
-0.00143837
-0.00126787
-0.00102845
-0.00069468
-0.000231617
0.000405508
0.00126655
0.00240447
0.00399445
0.00611797
0.00814388
0.0082814
0.00719308
-0.00218064
-0.00226351
-0.00227186
-0.00228731
-0.00229606
-0.0022991
-0.00229427
-0.00227807
-0.00224635
-0.00219482
-0.00212105
-0.00203047
-0.00195725
-0.00198599
-0.00211988
-0.00200985
-0.000401824
0.00291985
0.0053715
0.00683473
-0.00273485
-0.00282727
-0.00284995
-0.00289295
-0.00294456
-0.00301029
-0.00309408
-0.00320169
-0.00334365
-0.00354025
-0.00383237
-0.00430554
-0.00515627
-0.00679991
-0.00946044
-0.0122053
-0.012064
-0.00742421
-0.00146301
0.00426558
-0.00332415
-0.0034255
-0.00345712
-0.00352316
-0.00361431
-0.00374162
-0.00391605
-0.0041544
-0.00448557
-0.00496207
-0.00568428
-0.00684801
-0.00884378
-0.0124163
-0.0178888
-0.0239299
-0.0260415
-0.0209704
-0.0125588
-0.00299403
-0.00394478
-0.0040559
-0.00408788
-0.00416714
-0.00428591
-0.00446214
-0.00471393
-0.0050682
-0.00556971
-0.0062978
-0.00739893
-0.00914722
-0.0120493
-0.0169486
-0.0241901
-0.0317971
-0.0353916
-0.0309698
-0.0233583
-0.0122484
-0.00458658
-0.00469497
-0.00470183
-0.00477195
-0.00489998
-0.00510729
-0.00541338
-0.0058493
-0.00646743
-0.00735695
-0.00867919
-0.010717
-0.0140057
-0.019178
-0.0267335
-0.0338692
-0.0378714
-0.0338561
-0.0283492
-0.0174752
-0.00528259
-0.00540697
-0.00536943
-0.00541531
-0.00551699
-0.00571059
-0.00601874
-0.00647456
-0.00712858
-0.0080632
-0.00943041
-0.0114538
-0.0146635
-0.019301
-0.0260069
-0.0315972
-0.0349406
-0.0310146
-0.0281456
-0.0168961
-0.00611622
-0.0060317
-0.00586954
-0.00579735
-0.00584887
-0.00602984
-0.00634462
-0.00680858
-0.00745945
-0.00835995
-0.00964409
-0.0114321
-0.0141941
-0.0179713
-0.0231099
-0.0271367
-0.0294497
-0.0254418
-0.0242782
-0.00933638
-0.00656487
-0.00701019
-0.00668271
-0.00665665
-0.00658401
-0.00663229
-0.00680883
-0.00714316
-0.00767054
-0.00843036
-0.00954807
-0.0110304
-0.013322
-0.0162638
-0.0201861
-0.0229296
-0.0243257
-0.0198224
-0.0173395
0.00767693
-0.00997764
-0.00743578
-0.00675594
-0.00610201
-0.00596229
-0.00605963
-0.00633373
-0.00673761
-0.00729287
-0.008005
-0.00900391
-0.0103159
-0.0122304
-0.0145638
-0.0175094
-0.0191774
-0.019357
-0.0133465
-0.0044398
0.0385738
-0.00652752
-0.00958065
-0.00848876
-0.00849034
-0.0079655
-0.00764477
-0.00748012
-0.00749996
-0.0077509
-0.00820111
-0.00899147
-0.0100955
-0.0119167
-0.0141296
-0.0172503
-0.0187669
-0.0183878
-0.0056086
0.0182104
0.0946203
-0.0318861
-0.0067127
-0.00519793
-0.00441688
-0.00416587
-0.00430583
-0.00472327
-0.00520083
-0.00585658
-0.00657378
-0.00764525
-0.00888
-0.0106722
-0.0123399
-0.0137525
-0.0112034
-0.00185369
0.0309204
0.0956784
0.226391
0.000118824
9.20413e-05
0.000143742
0.000243519
0.000400388
0.00061638
0.000895344
0.00124204
0.00166094
0.00215494
0.0027238
0.00336185
0.00405511
0.00477791
0.00549036
0.0061388
0.00666037
0.00699834
0.00715578
0.00705967
0.000149939
0.000121809
0.000180447
0.000281928
0.00043726
0.000649155
0.00092199
0.00126077
0.00167014
0.0021534
0.00271101
0.00333822
0.00402224
0.00473961
0.00545106
0.0061022
0.00662686
0.00696474
0.00712409
0.00701481
9.60323e-05
5.88378e-05
0.000116169
0.000213847
0.000363992
0.000569485
0.000835375
0.0011677
0.00157259
0.00205545
0.00261933
0.00326278
0.00397734
0.00474002
0.00550979
0.00622444
0.00680216
0.00716175
0.00731227
0.00714497
-2.19492e-05
-6.53103e-05
-1.08083e-05
8.08906e-05
0.000223057
0.000418951
0.000674613
0.0009976
0.00139628
0.00187926
0.00245394
0.0031238
0.00388506
0.00472035
0.00558671
0.00641068
0.00708401
0.00748375
0.00761525
0.00734733
-0.000213885
-0.000262486
-0.000212998
-0.000129982
9.22231e-07
0.000183478
0.000424903
0.000734603
0.00112376
0.00160516
0.0021922
0.00289618
0.00372067
0.00465638
0.0056623
0.00665195
0.00747882
0.00794745
0.00803691
0.00759423
-0.000478571
-0.00053236
-0.000490033
-0.000418792
-0.00030341
-0.000139684
8.06957e-05
0.000368953
0.000739208
0.00120883
0.00179825
0.00252855
0.00341459
0.0044682
0.00565349
0.00687725
0.00794303
0.00853259
0.00853813
0.00779715
-0.000812695
-0.000872248
-0.00083938
-0.000783694
-0.000689417
-0.000552275
-0.000363365
-0.000110252
0.000223463
0.000659265
0.00122468
0.00195366
0.00288253
0.00402783
0.0053948
0.00690983
0.0083294
0.00914347
0.00900703
0.00781534
-0.00121185
-0.00127813
-0.00125717
-0.00122136
-0.00115487
-0.00105406
-0.000910513
-0.000712107
-0.0004422
-7.79984e-05
0.00041141
0.00106769
0.00194113
0.00307818
0.00452767
0.00629463
0.00816722
0.00941431
0.00914154
0.0075629
-0.00167024
-0.00174434
-0.00173747
-0.00172577
-0.00169403
-0.00164027
-0.00155818
-0.00143838
-0.00126787
-0.00102845
-0.000694683
-0.000231619
0.000405506
0.00126655
0.00240447
0.00399445
0.00611797
0.00814388
0.0082814
0.00719307
-0.00218065
-0.00226352
-0.00227186
-0.00228732
-0.00229606
-0.00229911
-0.00229427
-0.00227807
-0.00224636
-0.00219482
-0.00212105
-0.00203048
-0.00195725
-0.00198599
-0.00211989
-0.00200986
-0.000401826
0.00291985
0.0053715
0.00683473
-0.00273486
-0.00282727
-0.00284995
-0.00289295
-0.00294456
-0.00301029
-0.00309408
-0.00320169
-0.00334366
-0.00354026
-0.00383238
-0.00430555
-0.00515628
-0.00679991
-0.00946045
-0.0122053
-0.012064
-0.00742421
-0.00146301
0.00426558
-0.00332416
-0.00342551
-0.00345712
-0.00352317
-0.00361431
-0.00374162
-0.00391606
-0.0041544
-0.00448557
-0.00496207
-0.00568428
-0.00684801
-0.00884378
-0.0124163
-0.0178888
-0.0239299
-0.0260415
-0.0209704
-0.0125588
-0.00299404
-0.00394478
-0.0040559
-0.00408788
-0.00416715
-0.00428591
-0.00446214
-0.00471393
-0.0050682
-0.00556971
-0.0062978
-0.00739893
-0.00914722
-0.0120493
-0.0169486
-0.0241901
-0.0317971
-0.0353916
-0.0309698
-0.0233583
-0.0122484
-0.00458658
-0.00469497
-0.00470184
-0.00477195
-0.00489999
-0.00510729
-0.00541338
-0.0058493
-0.00646743
-0.00735695
-0.00867919
-0.010717
-0.0140057
-0.019178
-0.0267335
-0.0338692
-0.0378714
-0.0338561
-0.0283492
-0.0174752
-0.00528259
-0.00540697
-0.00536944
-0.00541531
-0.00551699
-0.00571059
-0.00601874
-0.00647456
-0.00712858
-0.0080632
-0.00943041
-0.0114538
-0.0146635
-0.019301
-0.0260069
-0.0315972
-0.0349406
-0.0310146
-0.0281456
-0.0168961
-0.00611622
-0.0060317
-0.00586954
-0.00579735
-0.00584888
-0.00602984
-0.00634463
-0.00680859
-0.00745945
-0.00835995
-0.00964409
-0.0114322
-0.0141941
-0.0179713
-0.0231099
-0.0271367
-0.0294497
-0.0254418
-0.0242782
-0.00933638
-0.00656487
-0.00701019
-0.00668271
-0.00665665
-0.00658401
-0.00663229
-0.00680884
-0.00714316
-0.00767054
-0.00843036
-0.00954808
-0.0110304
-0.013322
-0.0162638
-0.0201861
-0.0229296
-0.0243257
-0.0198224
-0.0173395
0.00767693
-0.00997764
-0.00743578
-0.00675595
-0.00610201
-0.0059623
-0.00605963
-0.00633373
-0.00673761
-0.00729288
-0.008005
-0.00900391
-0.0103159
-0.0122304
-0.0145638
-0.0175094
-0.0191774
-0.019357
-0.0133465
-0.0044398
0.0385738
-0.00652752
-0.00958065
-0.00848876
-0.00849034
-0.0079655
-0.00764477
-0.00748012
-0.00749996
-0.00775091
-0.00820111
-0.00899147
-0.0100955
-0.0119167
-0.0141296
-0.0172503
-0.0187669
-0.0183878
-0.0056086
0.0182104
0.0946203
-0.0318861
-0.0067127
-0.00519793
-0.00441688
-0.00416588
-0.00430583
-0.00472327
-0.00520084
-0.00585659
-0.00657378
-0.00764525
-0.00888
-0.0106722
-0.0123399
-0.0137525
-0.0112034
-0.00185369
0.0309204
0.0956784
0.226391
0.000113888
8.70167e-05
0.000138468
0.000237819
0.000394037
0.000609102
0.000886793
0.00123179
0.00164848
0.00213966
0.00270503
0.0033389
0.00402734
0.0047449
0.00545207
0.00609578
0.00661386
0.00695014
0.00710755
0.00701314
0.000144964
0.000116779
0.000175172
0.000276225
0.0004309
0.000641861
0.000913416
0.00125049
0.00165764
0.00213807
0.00269218
0.00331519
0.00399429
0.00470631
0.00541232
0.00605858
0.00657969
0.00691601
0.00707556
0.00696798
9.08612e-05
5.36135e-05
0.000110691
0.000207924
0.000357387
0.000561907
0.00082646
0.00115699
0.00155953
0.00203937
0.00259946
0.00323825
0.00394731
0.00470388
0.00546734
0.00617628
0.00674996
0.00710814
0.00725966
0.00709489
-2.74028e-05
-7.08182e-05
-1.65816e-05
7.46521e-05
0.000216101
0.000410967
0.000665208
0.000986273
0.0013824
0.00186206
0.00243249
0.00309705
0.00385189
0.00467988
0.00553854
0.00635542
0.00702385
0.00742257
0.00755679
0.00729299
-0.000219687
-0.000268347
-0.000219136
-0.000136606
-6.45672e-06
0.000175011
0.000414917
0.000722544
0.00110892
0.00158663
0.00216887
0.00286672
0.00368363
0.00461045
0.00560667
0.00658715
0.00740773
0.00787604
0.00797182
0.00753576
-0.000484772
-0.000538624
-0.000496579
-0.000425839
-0.000311237
-0.000148644
7.0141e-05
0.000356201
0.000723467
0.00118908
0.0017732
0.00249652
0.00337343
0.00441664
0.0055898
0.0068014
0.00785852
0.00844884
0.00846779
0.00773728
-0.000819334
-0.000878953
-0.000846363
-0.000791171
-0.000697671
-0.000561664
-0.000374359
-0.000123472
0.0002072
0.000638884
0.00119877
0.00192045
0.00284017
0.00397279
0.00532518
0.00682408
0.00823073
0.00904695
0.00893688
0.00776128
-0.00121897
-0.00128533
-0.00126462
-0.00122927
-0.00116351
-0.00106376
-0.000921715
-0.000725391
-0.000458315
-9.79168e-05
0.000386432
0.00103601
0.00190071
0.00302643
0.00446071
0.00620768
0.00806003
0.00931089
0.00908413
0.0075266
-0.00167792
-0.00175209
-0.00174542
-0.00173411
-0.00170299
-0.00165013
-0.00156931
-0.00145122
-0.00128295
-0.0010464
-0.000716195
-0.000257442
0.000374633
0.00122981
0.00235906
0.00393214
0.0060283
0.00805987
0.00825607
0.00718165
-0.002189
-0.00227194
-0.00228043
-0.00229616
-0.00230535
-0.00230906
-0.0023051
-0.00229
-0.00225953
-0.00220921
-0.00213617
-0.00204495
-0.00196764
-0.00198538
-0.00210226
-0.00198647
-0.000405173
0.00290967
0.00538518
0.00683835
-0.00274406
-0.00283654
-0.00285928
-0.00290242
-0.00295428
-0.00302035
-0.00310453
-0.00321246
-0.00335438
-0.00354996
-0.00383884
-0.00430409
-0.00513695
-0.00674141
-0.00933745
-0.0120216
-0.0119112
-0.0073316
-0.00140982
0.0042709
-0.00333445
-0.00343588
-0.00346745
-0.0035335
-0.00362468
-0.00375202
-0.00392637
-0.00416427
-0.00449411
-0.00496735
-0.00568218
-0.00683011
-0.00879269
-0.0122952
-0.0176533
-0.0235874
-0.0257361
-0.0207996
-0.0124745
-0.00295506
-0.00395647
-0.00406768
-0.00409953
-0.00417866
-0.00429729
-0.00447332
-0.00472469
-0.00507802
-0.00557743
-0.00630094
-0.00739239
-0.00912063
-0.0119812
-0.0167973
-0.0239067
-0.0313871
-0.0350748
-0.0308455
-0.0233005
-0.0121959
-0.00460001
-0.00470852
-0.00471517
-0.00478505
-0.00491285
-0.00511985
-0.00542545
-0.0058604
-0.00647649
-0.00736172
-0.008675
-0.0106949
-0.0139455
-0.0190453
-0.0264894
-0.033541
-0.0376547
-0.0338463
-0.0283718
-0.0174782
-0.00529788
-0.00542237
-0.0053846
-0.0054302
-0.00553166
-0.00572504
-0.00603289
-0.00648814
-0.0071409
-0.00807274
-0.0094337
-0.0114464
-0.0146304
-0.0192214
-0.0258602
-0.031412
-0.0348619
-0.0311187
-0.028248
-0.0169798
-0.00613423
-0.00604975
-0.00588717
-0.00581453
-0.00586579
-0.00604662
-0.00636139
-0.00682536
-0.00747602
-0.00837572
-0.00965683
-0.0114437
-0.0141941
-0.017953
-0.0230676
-0.0270904
-0.029482
-0.0256179
-0.0244464
-0.00949662
-0.0065827
-0.00702818
-0.00670097
-0.00667474
-0.00660221
-0.00665069
-0.00682768
-0.00716267
-0.00769074
-0.00845109
-0.00956606
-0.0110574
-0.0133451
-0.0162879
-0.0202131
-0.0229763
-0.0244346
-0.0200377
-0.0175515
0.0074667
-0.0100013
-0.00745836
-0.0067769
-0.00612197
-0.005982
-0.00607953
-0.00635423
-0.00675915
-0.00731562
-0.00802945
-0.0090298
-0.0103456
-0.0122624
-0.0146044
-0.0175633
-0.0192599
-0.019487
-0.0135714
-0.00467313
0.0383306
-0.00654012
-0.00959513
-0.00850561
-0.00850767
-0.00798374
-0.00766382
-0.00750041
-0.00752162
-0.00777393
-0.00822603
-0.00901769
-0.0101251
-0.0119483
-0.0141701
-0.0173083
-0.0188581
-0.0185392
-0.00583879
0.0179333
0.0943335
-0.0319061
-0.00673008
-0.00521559
-0.00443537
-0.00418465
-0.00432508
-0.004743
-0.00522178
-0.00587858
-0.00659754
-0.00767052
-0.00890785
-0.0107046
-0.0123829
-0.0138153
-0.011302
-0.00200282
0.0306874
0.0954007
0.226117
0.00010432
7.7291e-05
0.000128279
0.000226834
0.000381826
0.000595135
0.000870407
0.00121217
0.00162461
0.00211039
0.00266905
0.00329484
0.00397395
0.00468133
0.00537823
0.00601271
0.00652398
0.00685701
0.00701439
0.00692334
0.000135303
0.000107028
0.000164966
0.000265219
0.000418658
0.00062785
0.000896974
0.0012308
0.0016337
0.00210871
0.00265606
0.00327095
0.00394055
0.00464215
0.00533758
0.0059743
0.00648849
0.00682177
0.00698175
0.00687753
8.0787e-05
4.34526e-05
0.000100057
0.00019646
0.000344638
0.000547317
0.000809328
0.00113644
0.00153448
0.00200851
0.00256127
0.00319106
0.00388944
0.00463408
0.00538521
0.00608295
0.00664867
0.00700409
0.00715756
0.00699785
-3.80642e-05
-8.15672e-05
-2.78259e-05
6.25377e-05
0.000202635
0.000395554
0.000647088
0.00096448
0.00135572
0.00182897
0.00239117
0.00304545
0.00378775
0.00460146
0.00544496
0.00624786
0.00690655
0.00730317
0.00744274
0.00718728
-0.000231061
-0.000279815
-0.000231122
-0.000149504
-2.07801e-05
0.000158622
0.00039563
0.000699281
0.00108029
0.00155087
0.00212377
0.00280966
0.0036117
0.00452107
0.00549813
0.0064604
0.00726837
0.00773587
0.0078441
0.00742156
-0.00049695
-0.000550903
-0.000509389
-0.000439589
-0.000326464
-0.000166029
4.97037e-05
0.000331533
0.000693022
0.00115085
0.00172462
0.00243432
0.00329301
0.00431599
0.00546501
0.0066524
0.00769212
0.00828368
0.00832912
0.00762011
-0.000832392
-0.000892117
-0.000860047
-0.000805786
-0.000713761
-0.00057992
-0.0003957
-0.000149117
0.000175635
0.000599263
0.00114827
0.0018555
0.00275739
0.00386464
0.00518823
0.00665528
0.00803639
0.00885659
0.00879868
0.00765603
-0.001233
-0.00129946
-0.00127923
-0.00124474
-0.00118036
-0.00108265
-0.000943514
-0.000751233
-0.000489697
-0.000136784
0.000337554
0.000973823
0.0018212
0.0029247
0.00432926
0.0060376
0.00785135
0.0091096
0.00897328
0.00745785
-0.00169307
-0.00176734
-0.00176106
-0.00175048
-0.00172053
-0.0016694
-0.00159102
-0.00147627
-0.00131243
-0.00108158
-0.000758504
-0.0003084
0.000313648
0.00115759
0.0022712
0.00381557
0.00586368
0.0079069
0.00821263
0.0071642
-0.0022055
-0.00228854
-0.00229728
-0.00231352
-0.00232357
-0.00232852
-0.00232627
-0.00231333
-0.00228537
-0.00223753
-0.00216609
-0.0020737
-0.00198812
-0.0019827
-0.00206089
-0.00192373
-0.000383182
0.00291796
0.00542929
0.00685388
-0.00276228
-0.00285486
-0.00287768
-0.00292107
-0.00297337
-0.00304008
-0.00312503
-0.00323361
-0.00337551
-0.00356921
-0.00385185
-0.00430149
-0.0050984
-0.00662282
-0.00908476
-0.0116353
-0.0115662
-0.0070986
-0.00127183
0.00429895
-0.0033549
-0.00345644
-0.00348791
-0.00355392
-0.00364513
-0.00377251
-0.00394669
-0.00418374
-0.00451106
-0.00497802
-0.0056785
-0.00679525
-0.00869183
-0.0120546
-0.017183
-0.022894
-0.0250946
-0.0204021
-0.0122631
-0.00284499
-0.0039798
-0.00409114
-0.0041227
-0.00420153
-0.00431984
-0.00449544
-0.00474599
-0.00509752
-0.0055929
-0.00630764
-0.00738039
-0.00906957
-0.0118489
-0.0165039
-0.0233577
-0.0305975
-0.0344531
-0.0305754
-0.023158
-0.012057
-0.00462702
-0.0047357
-0.00474189
-0.00481124
-0.0049385
-0.00514486
-0.00544949
-0.0058826
-0.00649486
-0.00737201
-0.00866817
-0.0106539
-0.0138308
-0.0187943
-0.0260362
-0.0329435
-0.0372806
-0.0338537
-0.0284236
-0.0174689
-0.00532888
-0.00545352
-0.00541524
-0.00546022
-0.00556115
-0.00575403
-0.00606127
-0.00651548
-0.007166
-0.00809291
-0.00944251
-0.0114348
-0.0145696
-0.0190725
-0.0256115
-0.0311107
-0.0347886
-0.0313821
-0.0284828
-0.0171467
-0.00617121
-0.00608668
-0.00592316
-0.00584951
-0.00590014
-0.00608061
-0.00639531
-0.00685939
-0.00750993
-0.00840878
-0.00968555
-0.0114697
-0.0141988
-0.0179269
-0.0230131
-0.0270446
-0.0296057
-0.0260075
-0.0248065
-0.00981877
-0.0066197
-0.00706534
-0.00673875
-0.00671201
-0.00663956
-0.00668833
-0.00686612
-0.00720251
-0.00773231
-0.00849471
-0.00960822
-0.0111109
-0.0133951
-0.016344
-0.0202824
-0.0230919
-0.0246822
-0.0204795
-0.0179759
0.00705042
-0.0100512
-0.00750572
-0.00682082
-0.00616351
-0.00602292
-0.00612072
-0.00639654
-0.00680354
-0.00736263
-0.00808032
-0.00908447
-0.0104076
-0.0123304
-0.0146912
-0.0176797
-0.0194341
-0.0197575
-0.0140139
-0.00512212
0.037854
-0.00656652
-0.00962519
-0.0085409
-0.00854374
-0.00802166
-0.00770339
-0.00754234
-0.00756646
-0.00782165
-0.00827798
-0.00907281
-0.0101875
-0.0120157
-0.0142563
-0.0174317
-0.0190448
-0.0188417
-0.00628622
0.017405
0.0937662
-0.0319488
-0.00676723
-0.00525341
-0.00447486
-0.00422456
-0.00436576
-0.00478446
-0.00526567
-0.0059246
-0.00664742
-0.00772379
-0.00896694
-0.0107736
-0.0124737
-0.0139459
-0.0115026
-0.00230037
0.0302293
0.0948595
0.225559
9.06907e-05
6.34863e-05
0.000113871
0.000211373
0.000364715
0.000575633
0.000847584
0.00118487
0.00159142
0.00206964
0.00261887
0.00323326
0.00389915
0.00459204
0.00527427
0.00589554
0.00639708
0.00672549
0.00688292
0.00679683
0.000121479
9.31309e-05
0.000150472
0.000249668
0.000401442
0.000608229
0.000874022
0.00120336
0.00160037
0.00206781
0.00260568
0.00320911
0.00386522
0.00455199
0.00523227
0.00585532
0.00635957
0.00668853
0.00684917
0.00674993
6.62826e-05
2.88842e-05
8.48657e-05
0.000180172
0.000326619
0.000526794
0.000785322
0.00110772
0.0014995
0.0019654
0.00250786
0.00312491
0.00380807
0.00453561
0.00526898
0.00595052
0.00650467
0.00685606
0.00701238
0.00686022
-5.35097e-05
-9.7073e-05
-4.39871e-05
4.52229e-05
0.000183496
0.000373764
0.000621583
0.000933893
0.00131831
0.00178256
0.00233315
0.00297281
0.00369723
0.00449021
0.00531167
0.0060941
0.00673844
0.00713185
0.00727908
0.00703625
-0.000247613
-0.000296431
-0.000248427
-0.000168022
-4.12277e-05
0.00013535
0.000368365
0.000666488
0.00103997
0.00150047
0.00206009
0.00272887
0.00350954
0.00439339
0.00534235
0.00627777
0.00706692
0.00753283
0.00765891
0.00725713
-0.000514726
-0.000568748
-0.000527942
-0.000459396
-0.00034828
-0.000190809
2.06902e-05
0.000296599
0.000649933
0.00109669
0.00165566
0.00234635
0.00318331
0.00417198
0.00528476
0.00643624
0.00745004
0.00804276
0.00812636
0.00745048
-0.000851492
-0.000911285
-0.000879911
-0.000826895
-0.000736883
-0.000606035
-0.000426122
-0.000185609
0.000130705
0.000542728
0.00107588
0.00176142
0.00263244
0.00370696
0.00498903
0.00640967
0.00775374
0.00857919
0.0085966
0.00750423
-0.00125356
-0.00132008
-0.00130048
-0.00126715
-0.00120466
-0.00110977
-0.000974715
-0.000788184
-0.000534618
-0.0001926
0.000267019
0.000883558
0.00170511
0.00277666
0.00413891
0.00579286
0.00755407
0.0088227
0.00881614
0.0073614
-0.0017153
-0.00178961
-0.00178385
-0.00177422
-0.00174587
-0.00169716
-0.00162223
-0.00151227
-0.00135487
-0.00113246
-0.000820097
-0.000383064
0.000224052
0.00105266
0.00214783
0.00365997
0.0056531
0.00771204
0.00816812
0.00714711
-0.00222977
-0.00231284
-0.0023219
-0.00233879
-0.00234999
-0.00235667
-0.00235682
-0.00234703
-0.00232282
-0.00227887
-0.00221017
-0.00211653
-0.00201882
-0.00197743
-0.00199012
-0.00179525
-0.000282815
0.00299716
0.00554406
0.00689406
-0.00278915
-0.00288175
-0.00290465
-0.00294829
-0.00300115
-0.00306873
-0.00315475
-0.00326432
-0.00340638
-0.00359769
-0.00387171
-0.00429877
-0.00504225
-0.00644537
-0.00869819
-0.0110254
-0.0109625
-0.00663476
-0.000971777
0.0043881
-0.00338523
-0.00348679
-0.00351805
-0.00358388
-0.00367504
-0.00380239
-0.0039763
-0.00421221
-0.00453609
-0.00499431
-0.00567438
-0.00674589
-0.00854554
-0.0117028
-0.0164911
-0.0218525
-0.0240647
-0.0196538
-0.0117938
-0.00258418
-0.00401469
-0.00412604
-0.00415711
-0.00423535
-0.00435307
-0.00452794
-0.00477726
-0.00512626
-0.00561607
-0.00631864
-0.00736509
-0.00899856
-0.0116623
-0.0160896
-0.0225835
-0.0294915
-0.0335402
-0.0300726
-0.0228039
-0.0117387
-0.00466786
-0.0047766
-0.00478201
-0.00485039
-0.0049767
-0.005182
-0.00548516
-0.00591568
-0.00652274
-0.007389
-0.00866187
-0.0106001
-0.0136741
-0.0184531
-0.025442
-0.032182
-0.036839
-0.0338913
-0.0284637
-0.0173982
-0.00537649
-0.0055011
-0.00546196
-0.00550577
-0.0056057
-0.00579762
-0.00610388
-0.00655668
-0.00720442
-0.0081253
-0.00946058
-0.0114252
-0.0144852
-0.0188334
-0.0253838
-0.0308211
-0.0348688
-0.0318876
-0.0288737
-0.0173862
-0.00622908
-0.00614411
-0.005979
-0.00590349
-0.00595288
-0.00613256
-0.00644701
-0.00691131
-0.00756221
-0.00846119
-0.00973543
-0.0115184
-0.0142148
-0.0179105
-0.0230046
-0.0270863
-0.0299289
-0.0266716
-0.025391
-0.0102954
-0.00667889
-0.00712429
-0.00679882
-0.0067708
-0.00669808
-0.00674688
-0.00692561
-0.00726409
-0.00779697
-0.00856386
-0.00967976
-0.0111948
-0.0134801
-0.0164459
-0.0204207
-0.0233156
-0.0251212
-0.0211639
-0.0186113
0.00644346
-0.0101334
-0.00758253
-0.00689215
-0.00623033
-0.00608841
-0.00618621
-0.0064634
-0.00687342
-0.0074367
-0.00816095
-0.00917228
-0.010507
-0.0124419
-0.0148339
-0.0178709
-0.0197137
-0.0201851
-0.0146533
-0.00575007
0.0371648
-0.00661072
-0.00967415
-0.00859884
-0.00860219
-0.00808285
-0.00776694
-0.00760914
-0.00763777
-0.00789762
-0.00836114
-0.00916192
-0.0102889
-0.0121267
-0.0143956
-0.0176189
-0.0193307
-0.0192875
-0.00691744
0.0166777
0.0929254
-0.0320204
-0.00683038
-0.00531792
-0.00454173
-0.00429148
-0.00443321
-0.00485249
-0.00533708
-0.00599919
-0.00672844
-0.00781064
-0.00906407
-0.0108869
-0.0126205
-0.0141513
-0.0118095
-0.00274314
0.0295656
0.0940816
0.224689
7.38318e-05
4.65535e-05
9.6303e-05
0.000192663
0.000344134
0.000552294
0.000820369
0.00115238
0.00155193
0.00202109
0.00255892
0.00315944
0.00380912
0.00448416
0.00514822
0.00575309
0.00624257
0.00656539
0.00672307
0.00664349
0.0001042
7.59177e-05
0.000132618
0.000230662
0.000380554
0.000584581
0.000846505
0.00117059
0.00156062
0.002019
0.00254545
0.00313493
0.00377453
0.00444303
0.00510453
0.00571056
0.00620242
0.00652608
0.0066877
0.00659499
4.79499e-05
1.06515e-05
6.59576e-05
0.000160068
0.000304564
0.00050187
0.000756358
0.00107322
0.00145759
0.00191376
0.00244375
0.00304525
0.00370965
0.00441595
0.00512709
0.00578822
0.0063277
0.00667399
0.00683391
0.00669176
-7.32327e-05
-0.000116672
-6.43053e-05
2.3646e-05
0.000159859
0.000347086
0.000590588
0.000896921
0.00127322
0.00172664
0.00226307
0.00288473
0.00358686
0.00435384
0.0051474
0.00590365
0.00652938
0.00691839
0.00707505
0.0068492
-0.000268893
-0.000317571
-0.00027033
-0.000191255
-6.66497e-05
0.000106672
0.000335016
0.00062659
0.000991045
0.00143928
0.00198253
0.00262983
0.00338312
0.00423502
0.00514812
0.00604876
0.00681302
0.00727599
0.00742376
0.00705054
-0.000537671
-0.000591539
-0.000551525
-0.00048436
-0.00037554
-0.000221515
-1.50084e-05
0.000253817
0.000597259
0.00103039
0.00157087
0.00223718
0.00304371
0.00399116
0.00505733
0.00616183
0.00714111
0.00773355
0.00786354
0.00723406
-0.000876204
-0.000935823
-0.000905231
-0.00085359
-0.000765893
-0.000638552
-0.000463769
-0.000230601
7.53504e-05
0.000472917
0.000986116
0.00164436
0.00247859
0.0035074
0.00473489
0.00609484
0.00739057
0.00822008
0.00832904
0.00730767
-0.0012802
-0.00134651
-0.00132762
-0.00129556
-0.00123525
-0.0011437
-0.00101355
-0.000834054
-0.00059042
-0.000262212
0.00017846
0.000769304
0.00155702
0.00258669
0.00389549
0.00547928
0.00717662
0.00845458
0.0086045
0.00723252
-0.00174415
-0.00181821
-0.00181301
-0.00180441
-0.0017779
-0.00173203
-0.00166129
-0.00155726
-0.00140806
-0.00119665
-0.000898578
-0.00047937
0.00010729
0.000917071
0.00200871
0.0034723
0.00541244
0.0074812
0.00811174
0.0071196
-0.00226133
-0.0023441
-0.00235348
-0.00237101
-0.00238348
-0.00239218
-0.00239527
-0.00238945
-0.00237021
-0.00233174
-0.00226759
-0.00217396
-0.00206281
-0.00197786
-0.00191732
-0.00160411
-7.92502e-05
0.00316746
0.00572004
0.00694691
-0.00282424
-0.00291648
-0.00293937
-0.00298315
-0.00303654
-0.00310505
-0.00319235
-0.00330325
-0.00344585
-0.0036349
-0.00389926
-0.00429931
-0.00497621
-0.00622398
-0.00820224
-0.010213
-0.010078
-0.00589079
-0.000493875
0.00454218
-0.00342508
-0.00352622
-0.00355712
-0.00362251
-0.00371338
-0.00384052
-0.00401401
-0.00424856
-0.00456849
-0.00501651
-0.00567219
-0.00668834
-0.00836757
-0.011268
-0.0156257
-0.0205138
-0.0226341
-0.0184501
-0.0110023
-0.00213752
-0.00406097
-0.00417183
-0.00420214
-0.00427935
-0.00439605
-0.00456975
-0.0048174
-0.00516327
-0.00564649
-0.00633469
-0.00734996
-0.00891669
-0.0114417
-0.0155965
-0.02165
-0.0281647
-0.0323465
-0.0292171
-0.0221591
-0.0111553
-0.0047229
-0.0048311
-0.00483533
-0.00490212
-0.00502685
-0.00523046
-0.00553153
-0.00595883
-0.00655981
-0.00741361
-0.00866014
-0.010544
-0.0135033
-0.0180891
-0.0247641
-0.0313581
-0.0363974
-0.0339311
-0.0284894
-0.0171851
-0.00544199
-0.00556589
-0.00552544
-0.00556718
-0.00566527
-0.00585548
-0.00616016
-0.00661116
-0.00725594
-0.00817069
-0.00949153
-0.0114282
-0.0144189
-0.0187079
-0.0250916
-0.0306363
-0.0352533
-0.0326793
-0.0294848
-0.0176488
-0.00631077
-0.00622431
-0.00605679
-0.0059781
-0.00602524
-0.00620326
-0.00651687
-0.0069813
-0.00763314
-0.00853368
-0.00980716
-0.0115882
-0.014273
-0.0179599
-0.0230787
-0.0273079
-0.0305749
-0.0276495
-0.0262724
-0.0108951
-0.00676595
-0.00720958
-0.00688587
-0.0068549
-0.00678084
-0.00682873
-0.007008
-0.00734893
-0.00788626
-0.00866041
-0.00978336
-0.0113143
-0.0136133
-0.0166138
-0.0206524
-0.0236891
-0.0258056
-0.0220873
-0.0194745
0.00567223
-0.0102578
-0.00769638
-0.00699848
-0.0063288
-0.00618432
-0.00628111
-0.00655926
-0.00697275
-0.00754173
-0.00827557
-0.00929848
-0.0106507
-0.0126067
-0.0150435
-0.0181508
-0.0201089
-0.0207789
-0.0154499
-0.00652212
0.0362878
-0.00668439
-0.00975077
-0.00868896
-0.008691
-0.00817468
-0.00786106
-0.00770678
-0.00774116
-0.00800754
-0.00848181
-0.00929263
-0.0104383
-0.0122922
-0.0146002
-0.017893
-0.0197156
-0.0198682
-0.00767729
0.0158238
0.0918067
-0.0321342
-0.00693326
-0.00542341
-0.00464936
-0.00439738
-0.00453787
-0.00495637
-0.00544435
-0.00611052
-0.0068489
-0.00794031
-0.00920957
-0.0110555
-0.0128335
-0.0144402
-0.0122225
-0.00332371
0.0287223
0.0930955
0.223432
5.48389e-05
2.78666e-05
7.71082e-05
0.000172446
0.000322073
0.000527418
0.000791463
0.00111791
0.00150999
0.00196938
0.00249479
0.00308005
0.00371178
0.0043668
0.0050104
0.00559677
0.00607272
0.00638952
0.00654793
0.00647647
8.42395e-05
5.64525e-05
0.000112585
0.000209585
0.000357636
0.000558886
0.000816851
0.00113547
0.00151815
0.00196688
0.00248098
0.00305519
0.00367651
0.00432465
0.00496503
0.00555179
0.00602967
0.00634757
0.0065106
0.00642605
2.63502e-05
-1.03366e-05
4.43525e-05
0.000137384
0.000279981
0.000474423
0.0007248
0.00103594
0.00141251
0.00185828
0.00237477
0.00295922
0.00360278
0.00428509
0.00497091
0.0056086
0.00613117
0.00647166
0.00663578
0.00650614
-9.68478e-05
-0.000139584
-8.78922e-05
-1.07991e-06
0.00013313
0.000317324
0.000556433
0.000856567
0.00122429
0.00166608
0.00218706
0.00278876
0.00346579
0.0042031
0.00496438
0.00569001
0.00629368
0.00667718
0.00684421
0.00663959
-0.0002946
-0.000342502
-0.000295992
-0.000218129
-9.5668e-05
7.43812e-05
0.00029793
0.000582646
0.000937466
0.00137237
0.00189747
0.00252046
0.00324123
0.00405724
0.00492836
0.00578761
0.00652164
0.00697986
0.00715088
0.00681388
-0.000565511
-0.000618536
-0.000579292
-0.000513401
-0.000406856
-0.000256335
-5.50231e-05
0.000206279
0.000539006
0.000957082
0.00147669
0.00211497
0.00288654
0.00378485
0.00479543
0.0058434
0.00678031
0.00736988
0.00754917
0.00697911
-0.000906248
-0.000964949
-0.000935127
-0.000884762
-0.000799383
-0.000675654
-0.000506284
-0.00028104
1.34928e-05
0.000394806
0.000885141
0.00151164
0.00230277
0.00327566
0.00443615
0.00572304
0.00696056
0.00779093
0.00799715
0.00706605
-0.00131262
-0.00137792
-0.00135973
-0.00132883
-0.00127071
-0.00118263
-0.00105771
-0.000885942
-0.000653473
-0.000341171
7.71419e-05
0.000636901
0.00138261
0.00235906
0.00359703
0.00510201
0.00672809
0.00801115
0.00832694
0.00705442
-0.00177928
-0.00185222
-0.00184755
-0.00183985
-0.00181516
-0.00177224
-0.00170602
-0.00160863
-0.00146888
-0.00127057
-0.000990197
-0.000593965
-3.52951e-05
0.000744683
0.00180918
0.00324074
0.00513618
0.00720815
0.00801922
0.00704514
-0.00229982
-0.00238131
-0.00239096
-0.00240894
-0.00242259
-0.00243333
-0.00243959
-0.00243829
-0.00242505
-0.00239378
-0.00233669
-0.00224616
-0.0021236
-0.00199036
-0.00182635
-0.00137253
0.000202788
0.00341514
0.00594447
0.00696961
-0.00286712
-0.00295793
-0.00298071
-0.00302432
-0.00307801
-0.00314731
-0.00323591
-0.00334841
-0.00349211
-0.00367973
-0.00393517
-0.00430753
-0.00491185
-0.0059843
-0.00764484
-0.00927267
-0.00895642
-0.00485509
0.000243657
0.00476882
-0.00347404
-0.00357358
-0.00360392
-0.00366842
-0.00375859
-0.00388513
-0.00405793
-0.00429099
-0.0046069
-0.00504441
-0.00567428
-0.00663032
-0.00817687
-0.0107942
-0.0146734
-0.0189957
-0.0208343
-0.0166808
-0.00967787
-0.00139092
-0.00411843
-0.00422741
-0.00425665
-0.00433216
-0.00444715
-0.00461904
-0.00486443
-0.00520669
-0.00568278
-0.00635566
-0.00733761
-0.00883221
-0.0112076
-0.0150681
-0.0206386
-0.0267111
-0.0308206
-0.0277013
-0.0207911
-0.0100631
-0.00479244
-0.0048985
-0.00490114
-0.00496541
-0.00508758
-0.00528851
-0.00558664
-0.00601001
-0.00660436
-0.00744508
-0.00866436
-0.0104915
-0.0133334
-0.0177239
-0.0240701
-0.030526
-0.0359229
-0.0336464
-0.0280246
-0.0165636
-0.00552697
-0.00564819
-0.0056059
-0.00564417
-0.00573905
-0.00592623
-0.00622826
-0.00667681
-0.00731852
-0.00822763
-0.00953554
-0.0114461
-0.0143745
-0.0186132
-0.0248653
-0.0305934
-0.0359405
-0.0335738
-0.0299307
-0.0177626
-0.00642008
-0.00632972
-0.00615889
-0.00607505
-0.00611813
-0.00629276
-0.00660417
-0.00706802
-0.00772115
-0.00862483
-0.00990133
-0.0116862
-0.01437
-0.0180755
-0.0232652
-0.0277653
-0.0316073
-0.0288753
-0.0271775
-0.0115167
-0.00689059
-0.00732852
-0.00700719
-0.00696994
-0.00689199
-0.00693653
-0.00711462
-0.0074574
-0.0080001
-0.00878412
-0.00992009
-0.0114725
-0.0137965
-0.0168478
-0.020983
-0.0242308
-0.0267594
-0.0231831
-0.0203077
0.00481402
-0.0104378
-0.00785774
-0.00715158
-0.00646951
-0.00632026
-0.00641358
-0.00669077
-0.00710671
-0.00768212
-0.00842817
-0.00946784
-0.0108459
-0.0128309
-0.0153203
-0.0185136
-0.0206112
-0.0215264
-0.016287
-0.00719264
0.0352656
-0.00681746
-0.00987564
-0.00883091
-0.0088262
-0.00831129
-0.00799795
-0.00784594
-0.00788597
-0.00816024
-0.00864905
-0.00947512
-0.0106467
-0.0125222
-0.0148722
-0.0182313
-0.0201621
-0.0204818
-0.00844834
0.0150129
0.0903714
-0.0323172
-0.00710591
-0.00560073
-0.00482539
-0.00456578
-0.00469947
-0.005113
-0.00560244
-0.00627242
-0.0070229
-0.0081269
-0.00941997
-0.0112915
-0.0131213
-0.0148027
-0.0127312
-0.00401842
0.0277092
0.0919078
0.221599
3.50523e-05
9.28197e-06
5.832e-05
0.000152967
0.000301007
0.000503785
0.000764056
0.0010852
0.00147004
0.00191982
0.00243285
0.00300268
0.00361596
0.00425039
0.00487271
0.00543974
0.00590173
0.00621287
0.00637292
0.00631163
6.22767e-05
3.59961e-05
9.17296e-05
0.00018799
0.000334494
0.000533307
0.000787704
0.00110129
0.00147706
0.00191654
0.00241861
0.00297766
0.00358058
0.00420788
0.00482638
0.00539307
0.00585647
0.00616881
0.00633393
0.00625959
1.81183e-06
-3.30176e-05
2.12011e-05
0.000113481
0.000254514
0.000446489
0.000693219
0.000999139
0.00136843
0.00180428
0.0023076
0.00287517
0.00349785
0.00415503
0.00481421
0.00542703
0.00593157
0.00626609
0.00643499
0.0063208
-0.000124263
-0.000164886
-0.000113745
-2.77273e-05
0.000104841
0.000286439
0.000521666
0.000816161
0.00117587
0.00160649
0.0021123
0.00269404
0.00334617
0.00405141
0.004778
0.00547023
0.00604944
0.00642657
0.00660422
0.0064254
-0.00032473
-0.000370321
-0.000324431
-0.00024743
-0.00012675
4.04639e-05
0.00025972
0.000538109
0.000883786
0.00130571
0.00181271
0.00241137
0.0031019
0.0038755
0.00469991
0.00551271
0.0062118
0.00666283
0.00685655
0.00656406
-0.000598235
-0.000648776
-0.000610208
-0.000545248
-0.000440635
-0.000293219
-9.66608e-05
0.000157545
0.000479868
0.000882913
0.00138109
0.00198919
0.00271819
0.00356688
0.00451563
0.00549853
0.00638444
0.00696581
0.00719232
0.0066974
-0.000941566
-0.000997603
-0.000968475
-0.000919057
-0.000835687
-0.000715227
-0.000550925
-0.000333337
-5.01615e-05
0.000314524
0.000780806
0.00137297
0.00211612
0.00302498
0.00410681
0.00530596
0.00647033
0.00729108
0.0075916
0.00677667
-0.00135069
-0.00141311
-0.00139557
-0.00136551
-0.0013093
-0.0012244
-0.00110449
-0.000940352
-0.0007193
-0.000423803
-2.99521e-05
0.000494486
0.00119061
0.00210246
0.00325048
0.00465443
0.00618635
0.00745557
0.00793772
0.00679514
-0.00182049
-0.00189028
-0.0018861
-0.00187896
-0.00185582
-0.00181561
-0.00175375
-0.00166307
-0.00153332
-0.00134953
-0.00108976
-0.000722073
-0.000201469
0.000531842
0.001547
0.00291664
0.00473664
0.00678206
0.0077865
0.00684902
-0.00234489
-0.00242292
-0.00243278
-0.00245084
-0.00246535
-0.00247786
-0.00248715
-0.00249055
-0.00248405
-0.00246167
-0.00241498
-0.00233354
-0.00220937
-0.00204254
-0.00179618
-0.00123017
0.000368086
0.00352787
0.00606008
0.00685891
-0.00291732
-0.00300428
-0.00302685
-0.00306983
-0.00312341
-0.00319312
-0.00328281
-0.00339701
-0.0035425
-0.00373028
-0.00397986
-0.00432968
-0.00486823
-0.00577368
-0.00712883
-0.00838617
-0.0079214
-0.00385994
0.000957285
0.00494422
-0.00353152
-0.00362678
-0.00365642
-0.00371941
-0.00380826
-0.0039336
-0.00410526
-0.00433671
-0.00464894
-0.00507693
-0.0056827
-0.00658116
-0.00799756
-0.0103351
-0.0137582
-0.017593
-0.0190119
-0.0146528
-0.00806821
-0.000518404
-0.00418636
-0.00429039
-0.00431827
-0.0043912
-0.00450358
-0.00467274
-0.00491513
-0.00525329
-0.00572213
-0.00637992
-0.00732883
-0.00875119
-0.0109753
-0.0145343
-0.0196144
-0.0252193
-0.0289961
-0.0254864
-0.0188245
-0.00854604
-0.00487616
-0.0049766
-0.00497729
-0.00503782
-0.00515604
-0.00535289
-0.00564682
-0.00606534
-0.00665257
-0.00748013
-0.00867233
-0.0104407
-0.0131638
-0.0173491
-0.0233367
-0.0296547
-0.0352918
-0.0328801
-0.0272072
-0.0154658
-0.00563216
-0.00574644
-0.00570179
-0.00573458
-0.00582421
-0.00600637
-0.00630408
-0.00674899
-0.00738713
-0.00829082
-0.00958753
-0.0114722
-0.0143395
-0.0185183
-0.0246205
-0.0305894
-0.0368474
-0.0344653
-0.0305768
-0.0175881
-0.00656039
-0.00646085
-0.00628603
-0.00619445
-0.00623074
-0.00639913
-0.00670581
-0.0071673
-0.00782113
-0.00872835
-0.010011
-0.011805
-0.0144917
-0.0182296
-0.0235194
-0.0283943
-0.0330653
-0.0304523
-0.028694
-0.0119671
-0.0070692
-0.00749093
-0.00717107
-0.00712087
-0.00703413
-0.0070709
-0.00724461
-0.00758719
-0.00813506
-0.00892991
-0.0100831
-0.0116653
-0.0140208
-0.0171265
-0.02138
-0.0249141
-0.0280146
-0.0245985
-0.0218625
0.00400942
-0.0106873
-0.00807865
-0.00736863
-0.00666935
-0.00651089
-0.00659444
-0.00686514
-0.00727946
-0.00786041
-0.00861998
-0.00968106
-0.0110932
-0.0131142
-0.0156517
-0.0189358
-0.0212002
-0.0224777
-0.0173099
-0.0084264
0.0341174
-0.00708539
-0.0101027
-0.00906968
-0.00904365
-0.00852155
-0.00819952
-0.0080432
-0.00808431
-0.00836638
-0.00887213
-0.00972157
-0.0109239
-0.0128281
-0.0152046
-0.0186183
-0.020673
-0.0212137
-0.00928887
0.0138758
0.088546
-0.0326167
-0.0074038
-0.00590514
-0.00511749
-0.00483701
-0.00495094
-0.00535128
-0.00583518
-0.00650892
-0.00727108
-0.00839635
-0.00971567
-0.0116189
-0.0134851
-0.0152297
-0.0132711
-0.00482226
0.0265407
0.090155
0.218861
1.66416e-05
-5.73643e-06
4.38029e-05
0.00013838
0.000285287
0.000485955
0.000743011
0.00105955
0.00143801
0.00187919
0.00238096
0.00293655
0.00353261
0.00414737
0.00474922
0.00529762
0.00574642
0.00605315
0.00621646
0.00616877
3.90875e-05
1.65554e-05
7.21761e-05
0.00016817
0.000313629
0.000510657
0.000762343
0.00107199
0.00144219
0.00187401
0.00236583
0.00291168
0.00349871
0.00410636
0.00470439
0.00525214
0.00570204
0.00601
0.00617838
0.00611781
-2.5343e-05
-5.56258e-05
-1.65251e-06
9.0365e-05
0.000230389
0.000420646
0.000664722
0.000966692
0.00133026
0.00175801
0.00225018
0.00280289
0.00340612
0.00404075
0.00467496
0.00526391
0.00575115
0.00608059
0.00625511
0.00616094
-0.000155351
-0.000190869
-0.000140101
-5.43736e-05
7.71489e-05
0.00025697
0.000489411
0.00077967
0.0011331
0.00155461
0.0020475
0.00261155
0.00324005
0.00391631
0.00460954
0.00526877
0.00582335
0.00619421
0.00638247
0.00623534
-0.000359126
-0.000399183
-0.000353758
-0.000277106
-0.0001576
7.61624e-06
0.000223704
0.000497211
0.000835537
0.0012466
0.0017379
0.00231454
0.00297582
0.00370994
0.00448797
0.00525319
0.00591507
0.00635682
0.00657112
0.00633245
-0.000635548
-0.000680172
-0.000642148
-0.000577616
-0.000474352
-0.000329238
-0.000136356
0.000112138
0.000425777
0.000815831
0.00129487
0.00187533
0.00256552
0.00336196
0.00424675
0.00515983
0.00598739
0.00655309
0.00682017
0.00641823
-0.000981679
-0.0010314
-0.00100287
-0.000953919
-0.000872022
-0.000754102
-0.000593905
-0.000382751
-0.000109451
0.000240298
0.000684248
0.0012434
0.00193927
0.00278606
0.00377542
0.00487403
0.00594635
0.0067376
0.00712048
0.00645339
-0.00139371
-0.00144934
-0.00143238
-0.00140273
-0.00134795
-0.0012656
-0.0011499
-0.000992463
-0.000781783
-0.000502107
-0.000132187
0.00035618
0.000998671
0.00183261
0.00287699
0.00414984
0.0055459
0.00675789
0.00739861
0.00643083
-0.00186678
-0.00192923
-0.0019255
-0.0019185
-0.00189648
-0.00185846
-0.00180038
-0.00171585
-0.00159565
-0.00142639
-0.00118839
-0.000852972
-0.000379597
0.000287718
0.00122109
0.00247056
0.00414211
0.00606174
0.00727475
0.00642011
-0.00239516
-0.00246518
-0.00247523
-0.00249293
-0.00250791
-0.00252175
-0.0025337
-0.00254163
-0.00254214
-0.00252986
-0.00249672
-0.00243147
-0.00232053
-0.00214882
-0.00187056
-0.00127699
0.000167388
0.00303686
0.00569532
0.00634183
-0.00297288
-0.00305099
-0.00307332
-0.00311517
-0.00316817
-0.00323787
-0.00332842
-0.00344448
-0.00359263
-0.00378277
-0.00403112
-0.00436732
-0.00485528
-0.00561949
-0.00673512
-0.00786813
-0.0073944
-0.00347792
0.00129683
0.00468401
-0.00359474
-0.00368021
-0.00370911
-0.00376996
-0.00385682
-0.00398039
-0.00415062
-0.00438067
-0.00469034
-0.00511119
-0.00569698
-0.00654358
-0.00783412
-0.00989436
-0.0128818
-0.0162397
-0.0173035
-0.0126668
-0.00623399
0.000301014
-0.00426096
-0.00435358
-0.00437989
-0.00444931
-0.00455809
-0.00472367
-0.00496253
-0.00529661
-0.00575896
-0.00640321
-0.0073208
-0.00867024
-0.0107355
-0.0139561
-0.0184922
-0.0234892
-0.0265126
-0.0222369
-0.0156521
-0.00623992
-0.00496951
-0.00505692
-0.00505549
-0.00511098
-0.00522352
-0.0054146
-0.00570303
-0.00611603
-0.00669614
-0.00751088
-0.00867561
-0.0103847
-0.0129637
-0.0168632
-0.0223506
-0.0282753
-0.0334201
-0.030359
-0.0243823
-0.0128463
-0.00575237
-0.0058499
-0.0058024
-0.00582711
-0.00590888
-0.00608362
-0.00637517
-0.00681533
-0.00744966
-0.00834813
-0.00963366
-0.0114905
-0.014271
-0.0183006
-0.0241139
-0.0301553
-0.0366273
-0.0340481
-0.0291865
-0.0160255
-0.00672896
-0.00660901
-0.00642964
-0.00632713
-0.00635218
-0.00650982
-0.00680802
-0.00726458
-0.00791844
-0.00882982
-0.0101214
-0.011932
-0.0145933
-0.0183195
-0.0236171
-0.0287967
-0.0341448
-0.0313973
-0.0283086
-0.011703
-0.0073178
-0.00769703
-0.00737341
-0.00729882
-0.00719538
-0.00721769
-0.0073821
-0.0077213
-0.0082743
-0.009082
-0.0102558
-0.0118851
-0.0142612
-0.0173896
-0.0217162
-0.0255009
-0.0290646
-0.0254705
-0.0215556
0.00325451
-0.0110103
-0.00836304
-0.0076615
-0.00694195
-0.00676287
-0.00682356
-0.00707673
-0.00748124
-0.00806564
-0.00884298
-0.00992824
-0.0113878
-0.0134484
-0.0160091
-0.0193399
-0.0217108
-0.0232299
-0.0177206
-0.00804671
0.0324928
-0.00767038
-0.010521
-0.0094681
-0.00937723
-0.00882323
-0.00847257
-0.00829899
-0.00833332
-0.00862172
-0.00914766
-0.0100314
-0.0112715
-0.0132074
-0.0155759
-0.0189447
-0.0209239
-0.0214242
-0.00947821
0.0137503
0.0853796
-0.0331828
-0.00797942
-0.00647886
-0.00562658
-0.00528281
-0.00534794
-0.00571622
-0.00618012
-0.00685127
-0.00762355
-0.00877571
-0.0101269
-0.0120559
-0.0139349
-0.0156739
-0.0138174
-0.00554615
0.0252218
0.0881577
0.213072
1.08171e-06
-1.5534e-05
3.50046e-05
0.000129926
0.00027612
0.00047526
0.000729916
0.00104292
0.00141636
0.00185063
0.00234316
0.00288683
0.00346822
0.00406595
0.00464983
0.00518172
0.00561906
0.00592317
0.00609174
0.0060621
1.51408e-05
-7.51902e-07
5.48233e-05
0.000150898
0.00029581
0.000491804
0.000741834
0.00104893
0.00141535
0.00184173
0.00232595
0.00286162
0.00343586
0.00402763
0.00460875
0.00514054
0.00557924
0.00588463
0.00605755
0.00601536
-5.48025e-05
-7.69327e-05
-2.3205e-05
6.89253e-05
0.000208508
0.000397912
0.00064054
0.00094014
0.00129999
0.0017221
0.00220608
0.00274737
0.00333526
0.00395086
0.00456386
0.00513208
0.00560438
0.00593041
0.00611153
0.00604315
-0.000189783
-0.000216159
-0.000165808
-7.99703e-05
5.11259e-05
0.000230118
0.00046109
0.000748845
0.0010982
0.00151332
0.0019966
0.00254678
0.00315627
0.00380746
0.00447154
0.00510102
0.00563296
0.00599846
0.00619753
0.00608938
-0.000397379
-0.000427566
-0.000382678
-0.000305965
-0.000186995
-2.28043e-05
0.00019147
0.000461887
0.000795167
0.00119827
0.00167739
0.0022361
0.00287219
0.00357291
0.00430761
0.00502777
0.00565301
0.00608422
0.00631619
0.00614367
-0.000676967
-0.000711101
-0.000673725
-0.000609229
-0.000506697
-0.000362941
-0.000172421
7.21073e-05
0.00037932
0.000759239
0.00122266
0.00177955
0.00243562
0.00318596
0.00400555
0.0048484
0.00561298
0.00615467
0.00645077
0.00617099
-0.00102606
-0.00106467
-0.00103688
-0.000988054
-0.000907065
-0.000790821
-0.000633539
-0.000427259
-0.000161838
0.000175444
0.000599946
0.00112905
0.00177943
0.00255873
0.0034464
0.00444582
0.0054067
0.00613786
0.00656839
0.00612985
-0.00144114
-0.00148497
-0.00146879
-0.00143924
-0.00138541
-0.00130486
-0.0011924
-0.00104045
-0.000838711
-0.000573289
-0.000225814
0.000227403
0.000815391
0.00156972
0.00251758
0.0035967
0.00479587
0.00585513
0.0065895
0.00600095
-0.0019176
-0.00196742
-0.00196442
-0.00195732
-0.00193601
-0.00189958
-0.00184459
-0.0017655
-0.00165432
-0.0014995
-0.00128431
-0.000984731
-0.000567348
1.33143e-05
0.000813802
0.00188639
0.00325665
0.00488153
0.00630008
0.00584716
-0.00245003
-0.00250648
-0.00251706
-0.0025342
-0.00254928
-0.002564
-0.00257822
-0.00259059
-0.00259867
-0.00259835
-0.00258313
-0.00254317
-0.00246402
-0.00232285
-0.00207178
-0.00155829
-0.000299004
0.00216141
0.00492605
0.00564096
-0.00303299
-0.00309639
-0.00311888
-0.00315939
-0.00321144
-0.00328075
-0.00337199
-0.00349035
-0.00364275
-0.00383892
-0.0040933
-0.00442871
-0.00488536
-0.00552634
-0.0063804
-0.00720481
-0.00672865
-0.00339976
0.00108964
0.00417669
-0.00366244
-0.00373202
-0.00376071
-0.00381916
-0.0039035
-0.00402473
-0.00419333
-0.00442262
-0.00473178
-0.00514989
-0.00572329
-0.0065267
-0.00769056
-0.00941751
-0.0118078
-0.0144183
-0.0152334
-0.0112029
-0.00501767
0.000982424
-0.00434016
-0.00441446
-0.00443961
-0.00450506
-0.00460942
-0.00477059
-0.00500548
-0.00533576
-0.00579306
-0.00642661
-0.0073162
-0.00858627
-0.0104424
-0.013185
-0.0168901
-0.0208897
-0.0231012
-0.0186648
-0.0122119
-0.00357001
-0.00506931
-0.00513637
-0.00513362
-0.00518339
-0.00528853
-0.00547197
-0.00575325
-0.00615968
-0.00673218
-0.00753345
-0.00866794
-0.0102844
-0.0126468
-0.0160433
-0.0206571
-0.0256283
-0.0298315
-0.0261882
-0.0207305
-0.00930489
-0.005882
-0.00595246
-0.00590354
-0.00591867
-0.00599028
-0.00615484
-0.00643761
-0.00687059
-0.00749886
-0.00838864
-0.00965527
-0.0114429
-0.0140646
-0.01769
-0.022879
-0.0284937
-0.0350866
-0.0326368
-0.0283673
-0.0138164
-0.00691772
-0.00676519
-0.00658342
-0.0064688
-0.00647806
-0.0066198
-0.00690455
-0.00735151
-0.00800201
-0.00891167
-0.0101972
-0.0119875
-0.0145762
-0.0181064
-0.0230945
-0.028391
-0.0349758
-0.0325501
-0.0301631
-0.0112194
-0.00763704
-0.00795362
-0.00761626
-0.00750755
-0.00737906
-0.00737843
-0.00752593
-0.00785386
-0.00840644
-0.00922156
-0.0104126
-0.0120637
-0.0144236
-0.0174791
-0.0217327
-0.0257747
-0.0304619
-0.0272623
-0.0251369
0.00296382
-0.011353
-0.00867792
-0.00802576
-0.00730096
-0.00708491
-0.0071031
-0.00732264
-0.00770366
-0.00828283
-0.00906706
-0.010194
-0.0116817
-0.0137706
-0.0162868
-0.0196305
-0.0221333
-0.0246542
-0.0194431
-0.012036
0.0312739
-0.00874608
-0.0113288
-0.0101624
-0.00995456
-0.00931803
-0.00889327
-0.00867059
-0.00866786
-0.00894642
-0.00948046
-0.0104069
-0.0116783
-0.013656
-0.0159437
-0.0192507
-0.0212094
-0.0221023
-0.0107714
0.0102271
0.0820652
-0.0338996
-0.00881947
-0.00733364
-0.00634811
-0.00588368
-0.00587789
-0.00620818
-0.00664119
-0.00731271
-0.00808847
-0.00928847
-0.0106535
-0.0126208
-0.0144236
-0.0161402
-0.0143091
-0.00689311
0.0225718
0.0818133
0.205102
-4.20822e-06
-9.01725e-06
4.39038e-05
0.000140169
0.000286399
0.000484959
0.000738589
0.00105002
0.00142113
0.00185201
0.00233977
0.00287695
0.00344991
0.00403734
0.00460965
0.00513044
0.00555995
0.00586298
0.00603622
0.0060291
-2.42298e-06
-6.78988e-06
4.88699e-05
0.000145266
0.000290051
0.000485899
0.00073583
0.0010428
0.00140893
0.00183466
0.00231759
0.00285092
0.0034215
0.00400817
0.00458189
0.00510657
0.00554032
0.00584589
0.00602192
0.00600262
-7.72656e-05
-8.54059e-05
-3.17681e-05
6.06526e-05
0.000200104
0.000389424
0.000632093
0.000931789
0.00129166
0.00171347
0.00219646
0.00273555
0.00331958
0.003929
0.00453362
0.00509307
0.00555906
0.00588534
0.00607053
0.0060312
-0.000215839
-0.000226828
-0.000176735
-9.0673e-05
4.02307e-05
0.000219106
0.000450114
0.000737985
0.0010874
0.00150227
0.00198449
0.00253217
0.00313704
0.00378118
0.0044334
0.00505079
0.00557354
0.00593892
0.00614369
0.0060734
-0.00042529
-0.000439172
-0.000394597
-0.000317717
-0.000199074
-3.51974e-05
0.000178842
0.000449018
0.000781897
0.00118413
0.00166134
0.00221616
0.00284536
0.00353529
0.00425597
0.00495625
0.00556663
0.00599612
0.00623559
0.00611672
-0.000705772
-0.000722874
-0.000685819
-0.000621234
-0.000519229
-0.000376106
-0.000186278
5.73799e-05
0.000363349
0.000741276
0.00120126
0.00175209
0.00239777
0.00313225
0.0039312
0.00474057
0.00547881
0.00601167
0.00631449
0.00612057
-0.00105534
-0.00107618
-0.00104869
-0.000999838
-0.00091957
-0.000804305
-0.000648253
-0.000443617
-0.000180502
0.00015334
0.000572425
0.00109261
0.00172817
0.00248556
0.0033539
0.00429366
0.0051935
0.00588922
0.00631145
0.00602179
-0.00147064
-0.00149586
-0.00147988
-0.00145029
-0.00139729
-0.00131801
-0.00120727
-0.00105773
-0.000859439
-0.000599028
-0.000259121
0.000182085
0.00075012
0.00146995
0.00235471
0.00338138
0.00447129
0.00540401
0.00606755
0.00573336
-0.00194719
-0.0019773
-0.00197429
-0.001967
-0.0019465
-0.00191144
-0.00185852
-0.00178246
-0.00167565
-0.00152713
-0.00132115
-0.00103533
-0.000639254
-9.36122e-05
0.000647178
0.00161868
0.00281852
0.00409286
0.00518329
0.00510587
-0.00247969
-0.00251493
-0.00252517
-0.0025418
-0.00255743
-0.0025734
-0.00258975
-0.00260546
-0.00261845
-0.00262501
-0.00261888
-0.00258996
-0.00252189
-0.00238598
-0.002131
-0.00165302
-0.000718998
0.000862829
0.00293352
0.00390596
-0.003063
-0.00310296
-0.00312462
-0.00316406
-0.00321616
-0.00328632
-0.00337944
-0.00350103
-0.00365824
-0.0038606
-0.00412103
-0.00445731
-0.00489385
-0.00545181
-0.0061118
-0.00670442
-0.0065439
-0.00461571
-0.000884372
0.00171829
-0.00369381
-0.00373674
-0.00376423
-0.00382098
-0.00390452
-0.00402587
-0.00419577
-0.00442783
-0.00474122
-0.00516378
-0.00573684
-0.00652156
-0.00760986
-0.00909268
-0.0109461
-0.0127922
-0.0130703
-0.00979657
-0.00400482
-0.000353476
-0.00437425
-0.00441644
-0.00443924
-0.00450175
-0.00460442
-0.00476533
-0.00500142
-0.00533431
-0.00579542
-0.00643185
-0.00731571
-0.00854776
-0.0102778
-0.0125999
-0.0154233
-0.0178141
-0.0179095
-0.0127053
-0.00677038
-0.00162503
-0.00511354
-0.00514231
-0.00513847
-0.00518456
-0.00528576
-0.00546664
-0.00574744
-0.00615617
-0.00673222
-0.00753575
-0.00866695
-0.0102471
-0.0124603
-0.0153507
-0.0187409
-0.0215389
-0.0222964
-0.0177231
-0.0120955
-0.0035213
-0.00594283
-0.0059534
-0.00590159
-0.00590843
-0.00597598
-0.00613925
-0.00642398
-0.00686266
-0.00749566
-0.00839904
-0.00967152
-0.0114479
-0.0139263
-0.0171372
-0.0209985
-0.0245915
-0.0281369
-0.024787
-0.0188996
-0.00585148
-0.00704183
-0.00682337
-0.00663123
-0.00650425
-0.00649871
-0.00662974
-0.00691004
-0.00735851
-0.00801907
-0.0089517
-0.0102632
-0.0120733
-0.0145813
-0.0178125
-0.0218501
-0.025723
-0.0304256
-0.0272955
-0.0212486
-0.00410017
-0.00793631
-0.00802831
-0.0076847
-0.00752183
-0.00737869
-0.00736959
-0.00751943
-0.00785754
-0.00843311
-0.00928869
-0.0105276
-0.0122298
-0.0145835
-0.0175097
-0.0212353
-0.0244537
-0.0281509
-0.0235906
-0.0172236
0.00656043
-0.0118348
-0.00898777
-0.00829963
-0.00753859
-0.0072416
-0.00719788
-0.00738327
-0.00775476
-0.00834979
-0.00918061
-0.0103643
-0.0119205
-0.0140335
-0.0164581
-0.019444
-0.0212736
-0.0232806
-0.0159496
-0.0070779
0.030261
-0.0113869
-0.0122751
-0.0107403
-0.0101721
-0.0093667
-0.00884402
-0.00858534
-0.00859269
-0.00891238
-0.00952146
-0.0105377
-0.011913
-0.0139225
-0.0161431
-0.0190158
-0.0201065
-0.0202353
-0.00793008
0.0101233
0.0738233
-0.0361169
-0.0106795
-0.00893933
-0.00739344
-0.00657012
-0.0063954
-0.00661158
-0.00699234
-0.00763228
-0.00843824
-0.0096694
-0.0110836
-0.0130566
-0.0147166
-0.0162635
-0.0139252
-0.00673031
0.0206248
0.0680402
0.174534
)
;

boundaryField
{
    movingWall
    {
        type            zeroGradient;
    }
    fixedWalls
    {
        type            zeroGradient;
    }
}


// ************************************************************************* //
