/*--------------------------------*- C++ -*----------------------------------*\
  =========                 |
  \\      /  F ield         | OpenFOAM: The Open Source CFD Toolbox
   \\    /   O peration     | Website:  https://openfoam.org
    \\  /    A nd           | Version:  10
     \\/     M anipulation  |
\*---------------------------------------------------------------------------*/
FoamFile
{
    format      ascii;
    class       volScalarField;
    location    "8.85";
    object      p;
}
// * * * * * * * * * * * * * * * * * * * * * * * * * * * * * * * * * * * * * //

dimensions      [0 2 -2 0 0 0 0];

internalField   nonuniform List<scalar> 
8000
(
-3.27159e-06
-1.01935e-05
4.34547e-05
0.00014185
0.000291966
0.000496427
0.00075846
0.00108146
0.00146805
0.00191904
0.00243203
0.00299951
0.00360686
0.00423044
0.00483688
0.00538483
0.00582938
0.00613393
0.00629904
0.00627752
-1.68992e-06
-7.20492e-06
4.9783e-05
0.000148665
0.000297538
0.000499367
0.000757651
0.00107598
0.00145721
0.0019025
0.00240996
0.00297286
0.00357724
0.00419955
0.00480667
0.00535826
0.00580615
0.00611107
0.00627612
0.00623764
-8.1972e-05
-9.12525e-05
-3.63773e-05
5.81034e-05
0.000200881
0.000395066
0.000644599
0.000953798
0.00132661
0.00176569
0.00227104
0.00283805
0.00345503
0.00410057
0.0047402
0.00532842
0.00580858
0.00613065
0.00629881
0.00623248
-0.000230942
-0.000243115
-0.000192201
-0.000104974
2.78282e-05
0.000209558
0.000444789
0.000738879
0.00109737
0.00152525
0.00202563
0.00259766
0.00323344
0.00391399
0.00460442
0.00525092
0.00578833
0.00614409
0.00632173
0.00621025
-0.00045652
-0.000471642
-0.000427036
-0.000350435
-0.000232095
-6.84127e-05
0.000145849
0.0004172
0.000753051
0.00116129
0.00164918
0.00222118
0.00287548
0.0035984
0.00435703
0.00509104
0.00571871
0.00613252
0.00633106
0.00614855
-0.000758665
-0.000777039
-0.000741069
-0.000678713
-0.000579963
-0.00044116
-0.000256638
-1.89761e-05
0.000280918
0.00065381
0.0011116
0.00166564
0.00232284
0.00307953
0.00391115
0.00475831
0.00551363
0.00602558
0.00627288
0.00598357
-0.00113462
-0.00115673
-0.00113169
-0.00108744
-0.00101406
-0.00090827
-0.00076463
-0.000575618
-0.000331348
-1.91217e-05
0.00037684
0.000874937
0.00149375
0.00224505
0.00312215
0.00407856
0.00499839
0.00567031
0.00603517
0.00562243
-0.00157977
-0.00160615
-0.00159413
-0.00157179
-0.00152981
-0.001466
-0.0013762
-0.00125427
-0.00109164
-0.000876279
-0.000591589
-0.000215679
0.000278753
0.000921862
0.00173586
0.00271748
0.00379864
0.00474118
0.00538529
0.00495612
-0.00208797
-0.00211903
-0.00212145
-0.00212403
-0.00211876
-0.00210555
-0.00208294
-0.00204824
-0.00199724
-0.0019233
-0.00181619
-0.00166007
-0.00143111
-0.00109431
-0.000601808
0.000114822
0.00115085
0.00247576
0.00379566
0.00384987
-0.00265207
-0.00268784
-0.00270468
-0.00273336
-0.00276792
-0.00281156
-0.00286726
-0.00293824
-0.00302852
-0.00314298
-0.00328747
-0.00346893
-0.0036941
-0.00395809
-0.00421469
-0.00428746
-0.00363913
-0.00183019
0.000799008
0.00215024
-0.00326492
-0.00330476
-0.00333356
-0.00338639
-0.00345973
-0.00356168
-0.00370102
-0.00388922
-0.00414223
-0.00448279
-0.00494363
-0.0055725
-0.00643557
-0.00758392
-0.00897702
-0.0102473
-0.0101474
-0.00727345
-0.00275485
-0.000154818
-0.00392101
-0.00396308
-0.00399729
-0.00406726
-0.00417221
-0.0043265
-0.00454537
-0.00484952
-0.00526879
-0.00584697
-0.0066486
-0.00777221
-0.00934433
-0.0114278
-0.0139215
-0.015936
-0.0155975
-0.0109324
-0.00542865
-0.00183096
-0.00462128
-0.00466151
-0.00468944
-0.00476313
-0.00488458
-0.00507563
-0.0053575
-0.00575906
-0.0063228
-0.0071106
-0.00820434
-0.00975844
-0.0119074
-0.0146639
-0.0177444
-0.0198854
-0.0192478
-0.0137504
-0.00854829
-0.0029779
-0.00537384
-0.00539917
-0.00539764
-0.00545051
-0.00556496
-0.00576912
-0.00608658
-0.00655004
-0.00721369
-0.00814416
-0.00944941
-0.0112794
-0.0137827
-0.0169206
-0.0203065
-0.0228772
-0.0235974
-0.0191143
-0.0136517
-0.00469272
-0.00620822
-0.00621347
-0.0061595
-0.00616702
-0.00624015
-0.00641727
-0.00672786
-0.00720099
-0.00790203
-0.00889132
-0.0102846
-0.012221
-0.014855
-0.0181373
-0.0218432
-0.0251468
-0.0281398
-0.0244569
-0.0184718
-0.00596197
-0.00730747
-0.00708197
-0.00688316
-0.00674883
-0.00673976
-0.00687299
-0.00716472
-0.00763346
-0.00833182
-0.00931182
-0.0106899
-0.0125708
-0.0151034
-0.0182332
-0.0218934
-0.0251066
-0.0284353
-0.0244139
-0.0189801
-0.00275042
-0.00818628
-0.00827045
-0.00791395
-0.00773736
-0.00758254
-0.00756725
-0.00771891
-0.00806132
-0.00865542
-0.00953073
-0.0107961
-0.0125123
-0.0148054
-0.0175154
-0.0207089
-0.0230381
-0.0254103
-0.0199265
-0.0145761
0.00852671
-0.0120803
-0.00922385
-0.00851824
-0.00773293
-0.00741593
-0.00735486
-0.00753213
-0.00789949
-0.00849792
-0.00933712
-0.0105254
-0.0120683
-0.0141027
-0.0163237
-0.0188432
-0.0200318
-0.0210543
-0.0131307
-0.00490611
0.0320276
-0.0116047
-0.0124817
-0.0109202
-0.0103243
-0.00949441
-0.00895415
-0.00868376
-0.00868449
-0.00900464
-0.00961793
-0.0106392
-0.012002
-0.0139399
-0.0159901
-0.0184364
-0.0189434
-0.0182943
-0.00562802
0.0119098
0.0754149
-0.0363624
-0.0109072
-0.00913358
-0.00755699
-0.00670851
-0.00651559
-0.00671887
-0.00709203
-0.00772912
-0.00853727
-0.00975868
-0.0111457
-0.0130208
-0.0144826
-0.0156547
-0.0127769
-0.00497898
0.022578
0.0695643
0.175656
1.83535e-06
-1.70235e-05
3.42486e-05
0.000131229
0.000281238
0.000486195
0.000749142
0.0010736
0.00146246
0.00191689
0.00243491
0.00300946
0.00362622
0.00426147
0.00488123
0.00544171
0.00589467
0.00619943
0.00635802
0.00631253
1.72047e-05
-5.16108e-07
5.65095e-05
0.000155171
0.000304274
0.000506321
0.000764723
0.00108313
0.00146454
0.0019103
0.00241889
0.00298405
0.00359222
0.00421949
0.00483561
0.00539498
0.00584786
0.0061516
0.0063121
0.00624996
-5.7577e-05
-8.18239e-05
-2.67317e-05
6.75939e-05
0.000210645
0.000405009
0.000654525
0.000963558
0.00133617
0.00177526
0.00228129
0.00285026
0.00347109
0.00412278
0.00477272
0.00537061
0.00585735
0.00617783
0.0063396
0.00624306
-0.00020262
-0.00023128
-0.00017997
-9.28053e-05
4.03734e-05
0.000222364
0.00045763
0.000751564
0.00110981
0.00153763
0.00203868
0.00261297
0.00325367
0.00394316
0.00464393
0.00530587
0.00585338
0.00620755
0.00637568
0.00622351
-0.000426305
-0.000458852
-0.000413808
-0.000337204
-0.000218321
-5.41232e-05
0.00016052
0.000432162
0.00076833
0.00117721
0.00166671
0.00224243
0.00290404
0.00363901
0.00441383
0.00517124
0.00581579
0.00622972
0.00641395
0.00617102
-0.000727772
-0.000764237
-0.000727856
-0.000665427
-0.000565909
-0.000426206
-0.000240738
-2.01892e-06
0.000299193
0.000674009
0.00113506
0.00169511
0.00236328
0.00313751
0.00398995
0.00487451
0.00566662
0.00619033
0.00642048
0.00602631
-0.00110367
-0.00114447
-0.0011191
-0.00107474
-0.00100039
-0.000893299
-0.000748074
-0.000557075
-0.00031024
5.5129e-06
0.000406775
0.000913558
0.00154744
0.00232471
0.00324378
0.00424686
0.00523958
0.0059706
0.00633299
0.00571816
-0.00154914
-0.00159493
-0.00158276
-0.00156036
-0.0015173
-0.00145189
-0.00135993
-0.00123513
-0.0010687
-0.000848232
-0.000556486
-0.000170291
0.000340415
0.00101125
0.00187268
0.00293213
0.00414325
0.0052893
0.00601829
0.00522511
-0.00205794
-0.00210934
-0.00211191
-0.00211467
-0.0021084
-0.00209346
-0.00206833
-0.00203012
-0.00197442
-0.00189447
-0.00178003
-0.00161565
-0.00137899
-0.00103742
-0.000535117
0.000261745
0.00160915
0.00357544
0.00515025
0.00466824
-0.00262274
-0.00268019
-0.00269764
-0.00272693
-0.00276081
-0.0028029
-0.00285602
-0.00292323
-0.00300853
-0.00311733
-0.0032574
-0.00344123
-0.00369108
-0.00403243
-0.00442762
-0.00456447
-0.00337332
-0.000220858
0.00279426
0.00401112
-0.00323613
-0.00329975
-0.00332978
-0.00338383
-0.0034571
-0.00355794
-0.00369499
-0.0038796
-0.00412811
-0.00446506
-0.00492879
-0.00558166
-0.00653081
-0.00791321
-0.00968602
-0.0113979
-0.0109231
-0.00673283
-0.00182479
0.0021268
-0.00389235
-0.00396081
-0.00399666
-0.00406847
-0.00417422
-0.00432812
-0.00454525
-0.00484626
-0.00526179
-0.00583913
-0.00665458
-0.00783065
-0.00956405
-0.0120927
-0.0153302
-0.0184557
-0.019008
-0.0138848
-0.00761273
-0.00109604
-0.00459142
-0.00466304
-0.0046938
-0.00477048
-0.0048936
-0.0050845
-0.00536457
-0.0057628
-0.00632225
-0.0071083
-0.00822726
-0.00984153
-0.0122035
-0.0155474
-0.0197815
-0.0238654
-0.0257092
-0.0204839
-0.0141966
-0.00544273
-0.00533532
-0.00539806
-0.00539785
-0.00545432
-0.00557237
-0.00577839
-0.00609562
-0.00655723
-0.00721483
-0.00814002
-0.00945811
-0.0113381
-0.0140619
-0.0178197
-0.022646
-0.0274882
-0.0312615
-0.0271045
-0.0216393
-0.0104889
-0.00615436
-0.00621834
-0.00616736
-0.00618266
-0.0062592
-0.00643659
-0.00674283
-0.00721352
-0.00790172
-0.00887405
-0.0102591
-0.0122215
-0.015036
-0.0188415
-0.0238417
-0.028984
-0.034373
-0.0308567
-0.026667
-0.0131442
-0.00719231
-0.00703141
-0.00684263
-0.00671975
-0.0067244
-0.00686713
-0.00716086
-0.00762704
-0.00831139
-0.00925902
-0.0106132
-0.0124846
-0.0151154
-0.0185637
-0.023072
-0.0274582
-0.0321142
-0.0284041
-0.026865
-0.00900911
-0.00789756
-0.00820442
-0.00785257
-0.00772849
-0.0075862
-0.00757748
-0.00772319
-0.00805656
-0.00862967
-0.00944764
-0.0106742
-0.0123482
-0.0146567
-0.0175135
-0.0211915
-0.0242233
-0.0274171
-0.0231478
-0.0220424
0.0053023
-0.0116093
-0.00892253
-0.00825255
-0.00750018
-0.00726172
-0.00726216
-0.00747011
-0.00784458
-0.00842543
-0.00921758
-0.010356
-0.0118444
-0.0138788
-0.0162179
-0.0191052
-0.0209053
-0.0223508
-0.016411
-0.00982465
0.0330228
-0.00897996
-0.0115474
-0.0103461
-0.0101066
-0.00944262
-0.00899923
-0.00876335
-0.00875183
-0.00903058
-0.00956846
-0.0105096
-0.0117852
-0.0137186
-0.0158793
-0.0187907
-0.0201356
-0.0201289
-0.00836788
0.0120495
0.0836687
-0.0341517
-0.00904708
-0.00752232
-0.00650538
-0.00601677
-0.00599309
-0.00630785
-0.00673028
-0.00739633
-0.00817542
-0.00937104
-0.0107272
-0.0126177
-0.0142443
-0.0156153
-0.0132507
-0.00522205
0.0246662
0.0833586
0.206108
1.99102e-05
-4.95009e-06
4.544e-05
0.000142217
0.000293166
0.000499969
0.000765774
0.00109443
0.00148929
0.00195207
0.00248138
0.00307066
0.00370574
0.00436238
0.00500446
0.00558499
0.00605073
0.00635647
0.0065058
0.00643805
4.46891e-05
1.98755e-05
7.72001e-05
0.000176034
0.000325988
0.000529425
0.000789935
0.0011115
0.00149754
0.00194999
0.00246796
0.00304582
0.00367026
0.00431791
0.00495501
0.00553402
0.0059996
0.00630403
0.00645538
0.00637055
-2.37331e-05
-5.6802e-05
-1.16825e-06
9.3329e-05
0.000237148
0.00043273
0.000684143
0.000996144
0.00137333
0.00181932
0.00233547
0.00291871
0.00355883
0.00423554
0.00491247
0.00553666
0.006041
0.00636223
0.00650989
0.0063809
-0.000163127
-0.000201724
-0.000149661
-6.22912e-05
7.16704e-05
0.000254887
0.000492108
0.000789201
0.00115247
0.00158813
0.0021011
0.00269279
0.00335753
0.0040779
0.00481896
0.00552031
0.00609605
0.00645232
0.00659566
0.00639202
-0.000382627
-0.000425889
-0.000379953
-0.000303076
-0.000183262
-1.75826e-05
0.000199452
0.000474979
0.000817366
0.00123604
0.00174068
0.0023392
0.00303363
0.00381252
0.00464537
0.00546404
0.00615705
0.00657804
0.00671719
0.0063842
-0.00068087
-0.00072867
-0.000691286
-0.000628472
-0.000527789
-0.000386193
-0.000197659
4.60083e-05
0.000355102
0.000742331
0.00122274
0.00181262
0.00252524
0.00336229
0.00430271
0.00528444
0.0061648
0.00671227
0.00685758
0.00629384
-0.00105401
-0.00110673
-0.00108028
-0.00103546
-0.000959737
-0.000850374
-0.000701431
-0.000504429
-0.000248058
8.27228e-05
0.000507595
0.00105137
0.00174255
0.00260447
0.003637
0.00480792
0.00596564
0.00676861
0.00696643
0.0060443
-0.0014969
-0.00155522
-0.00154198
-0.00151916
-0.00147472
-0.00140688
-0.00131087
-0.00117947
-0.00100255
-0.000765554
-0.000447838
-2.06972e-05
0.000554716
0.00132551
0.00233724
0.00361987
0.00512675
0.00644339
0.00684514
0.0056295
-0.002003
-0.00206765
-0.00206929
-0.0020719
-0.00206455
-0.00204749
-0.00201858
-0.00197405
-0.00190835
-0.00181301
-0.00167516
-0.00147559
-0.0011878
-0.000773578
-0.000155303
0.000855592
0.00254597
0.00477825
0.00591801
0.00520877
-0.00256468
-0.00263617
-0.00265297
-0.00268267
-0.00271621
-0.00275706
-0.00280749
-0.00286995
-0.00294788
-0.00304644
-0.00317411
-0.00334782
-0.00360784
-0.00401763
-0.00454788
-0.00471
-0.00333654
0.000253643
0.003249
0.00466255
-0.00317398
-0.00325255
-0.00328245
-0.00333779
-0.00341193
-0.00351301
-0.0036493
-0.00383198
-0.00407802
-0.00441451
-0.0048873
-0.0055793
-0.00665421
-0.00836135
-0.0107468
-0.0128448
-0.0122684
-0.00718162
-0.00194116
0.0023742
-0.00382364
-0.00390818
-0.00394439
-0.00401861
-0.00412693
-0.00428316
-0.00450211
-0.00480475
-0.00522374
-0.00581237
-0.00666248
-0.00793475
-0.00991911
-0.0129936
-0.0170967
-0.0209972
-0.0216758
-0.016017
-0.00944935
-0.00226051
-0.0045124
-0.00460245
-0.00463458
-0.00471526
-0.00484286
-0.00503815
-0.00532232
-0.00572503
-0.0062918
-0.00709655
-0.00826551
-0.0100138
-0.0126913
-0.0166869
-0.0219352
-0.0269348
-0.0293234
-0.024338
-0.0176597
-0.00835884
-0.00523694
-0.00531991
-0.00532113
-0.00538318
-0.0055085
-0.00572188
-0.006046
-0.00651427
-0.00717919
-0.00812318
-0.00948834
-0.0115015
-0.0145245
-0.0188634
-0.0246243
-0.0301703
-0.0342643
-0.0303627
-0.0242923
-0.0135978
-0.00602772
-0.00611817
-0.00606842
-0.00609278
-0.00617895
-0.00636568
-0.00667943
-0.00715588
-0.00784782
-0.0088322
-0.0102514
-0.0122998
-0.0153483
-0.0195141
-0.0251244
-0.0303657
-0.0351901
-0.0313313
-0.026864
-0.0148442
-0.00700734
-0.00687841
-0.00669103
-0.00657929
-0.00659865
-0.00675583
-0.00706068
-0.00753286
-0.00821617
-0.00916925
-0.0105237
-0.0124277
-0.0151741
-0.0188081
-0.023542
-0.0276473
-0.0311897
-0.0271299
-0.0250174
-0.00939006
-0.00758198
-0.00795038
-0.0076108
-0.00751894
-0.00739994
-0.00741187
-0.00757101
-0.00791076
-0.00847413
-0.00929827
-0.0104901
-0.012159
-0.0145073
-0.0174454
-0.0211988
-0.0239865
-0.0262146
-0.0216996
-0.0187295
0.00548388
-0.0112734
-0.0086109
-0.00788756
-0.00713723
-0.00693403
-0.00697388
-0.00721109
-0.00760429
-0.00818515
-0.00896003
-0.0100629
-0.0115273
-0.0135485
-0.0159416
-0.0188349
-0.0205095
-0.0211096
-0.0149992
-0.0061067
0.0341537
-0.00790766
-0.0107387
-0.00964492
-0.0095193
-0.00893644
-0.00856538
-0.00837466
-0.00839453
-0.00867627
-0.00920205
-0.0100986
-0.0113505
-0.0132605
-0.0155166
-0.0185024
-0.0198785
-0.0195912
-0.0073613
0.0153188
0.086731
-0.0334264
-0.0081901
-0.00664947
-0.00576748
-0.00540003
-0.00544498
-0.00579343
-0.00624057
-0.00690036
-0.00766831
-0.00881674
-0.0101641
-0.0120365
-0.0137621
-0.0151946
-0.012839
-0.00402915
0.0270539
0.0893756
0.213754
4.17379e-05
1.32626e-05
6.32998e-05
0.000160375
0.00031281
0.000522214
0.00079192
0.00112615
0.00152876
0.00200208
0.0025453
0.00315234
0.00380903
0.00449039
0.00515798
0.00576106
0.00624123
0.00654917
0.00669034
0.00660458
7.19068e-05
4.30039e-05
0.000100665
0.000200046
0.000351429
0.000557145
0.000821019
0.00114742
0.00154026
0.0020021
0.00253272
0.00312707
0.00377171
0.00444374
0.00510624
0.0057081
0.0061883
0.0064944
0.00663679
0.00653406
8.09084e-06
-3.00008e-05
2.61346e-05
0.000121194
0.000266416
0.000464211
0.000718924
0.00103576
0.0014199
0.00187578
0.00240561
0.00300719
0.00367117
0.00437691
0.00508531
0.0057387
0.00626193
0.00658413
0.0067169
0.00656209
-0.000126812
-0.000171085
-0.000118365
-3.03855e-05
0.000105036
0.000290544
0.000531225
0.000833479
0.00120435
0.00165108
0.00217985
0.0027934
0.00348711
0.00424468
0.00502813
0.00577039
0.00637347
0.00672931
0.00684525
0.00660068
-0.000342671
-0.000392096
-0.000345395
-0.000267832
-0.000146403
2.18326e-05
0.000242777
0.000524215
0.000875441
0.00130719
0.00183094
0.00245674
0.00318864
0.00401667
0.00490803
0.00578627
0.00652107
0.00693992
0.00702742
0.0066266
-0.000637905
-0.000692279
-0.000654048
-0.00059046
-0.000487959
-0.000343455
-0.000150427
0.000100088
0.000419512
0.000822202
0.00132554
0.00194897
0.00270925
0.00360955
0.00463315
0.00570278
0.00664896
0.00719093
0.00723931
0.00656385
-0.00100838
-0.00106809
-0.00104076
-0.000995113
-0.000917447
-0.000804919
-0.00065103
-0.000446437
-0.000178557
0.000169561
0.000620444
0.00120312
0.00195088
0.00289045
0.00403104
0.00532693
0.00658709
0.00737592
0.00740213
0.00632219
-0.0014487
-0.00151448
-0.0015004
-0.00147687
-0.00143056
-0.00135959
-0.00125861
-0.00111954
-0.000930977
-0.00067648
-0.000332541
0.000133721
0.000766881
0.00161989
0.00273527
0.00417189
0.00581442
0.00711718
0.00726994
0.00591398
-0.00195207
-0.00202473
-0.00202572
-0.00202794
-0.00201913
-0.00199943
-0.0019662
-0.00191499
-0.00183934
-0.00172958
-0.00157134
-0.00134415
-0.00102244
-0.000570803
9.53197e-05
0.00119578
0.00307346
0.00540046
0.00630604
0.00556966
-0.00251044
-0.0025906
-0.00260709
-0.002637
-0.00266988
-0.00270915
-0.00275675
-0.0028148
-0.0028867
-0.00297809
-0.00309951
-0.00327487
-0.00356502
-0.00406126
-0.00470178
-0.00486508
-0.00327844
0.000454281
0.00345701
0.0051211
-0.00311525
-0.00320332
-0.00323344
-0.00328987
-0.00336452
-0.00346558
-0.0036012
-0.00378285
-0.00402869
-0.0043691
-0.00485801
-0.00559759
-0.00679727
-0.00876046
-0.011433
-0.0136606
-0.0131031
-0.00818101
-0.00262214
0.0024254
-0.00375809
-0.00385304
-0.00389003
-0.00396639
-0.00407671
-0.00423481
-0.00445555
-0.00476072
-0.00518536
-0.00578872
-0.00667603
-0.00803686
-0.010217
-0.0136507
-0.0182353
-0.0224956
-0.0236668
-0.0185429
-0.0115504
-0.00340727
-0.00443636
-0.00453839
-0.00457214
-0.0046563
-0.00478748
-0.00498633
-0.00527414
-0.00568154
-0.00625675
-0.00708043
-0.00829329
-0.0101385
-0.0130212
-0.0173882
-0.0231628
-0.0286096
-0.0315583
-0.0273198
-0.0205247
-0.0105966
-0.00514289
-0.00523938
-0.00524266
-0.00530958
-0.0054404
-0.00565918
-0.00598835
-0.00646174
-0.00713373
-0.00809242
-0.00949067
-0.0115747
-0.0147623
-0.0193752
-0.025534
-0.031211
-0.0353926
-0.0319791
-0.0264036
-0.0157163
-0.00590757
-0.00601511
-0.00596788
-0.00599984
-0.0060933
-0.00628663
-0.00660531
-0.0070851
-0.0077788
-0.00876782
-0.0101994
-0.0122749
-0.0154119
-0.0197041
-0.0254486
-0.0304465
-0.0347529
-0.031237
-0.0278612
-0.0160482
-0.00683896
-0.00673091
-0.00654724
-0.0064458
-0.00647552
-0.00664215
-0.00695348
-0.00742812
-0.00810777
-0.00905519
-0.0104048
-0.0122844
-0.0150517
-0.01869
-0.0233463
-0.0270932
-0.0301078
-0.0264116
-0.0253664
-0.00964185
-0.00733358
-0.0077442
-0.00740733
-0.0073386
-0.00723504
-0.00725974
-0.00742571
-0.00776572
-0.00831914
-0.00912569
-0.010296
-0.0119303
-0.0142603
-0.0171821
-0.0208702
-0.0234457
-0.0253606
-0.0211838
-0.0192162
0.00610824
-0.0109515
-0.00832646
-0.00759198
-0.00686079
-0.00667707
-0.0067382
-0.00699021
-0.0073896
-0.00796265
-0.00872106
-0.00978771
-0.0112173
-0.0132067
-0.0155851
-0.0184456
-0.0200402
-0.020533
-0.0148735
-0.00667293
0.0356627
-0.00732013
-0.0103166
-0.00924195
-0.00918026
-0.00862853
-0.00828493
-0.00810967
-0.00813219
-0.00840345
-0.00890563
-0.0097662
-0.010985
-0.0128736
-0.0151485
-0.0182016
-0.019665
-0.0195406
-0.00738125
0.01524
0.089708
-0.0328564
-0.0076063
-0.00606724
-0.00525052
-0.00494632
-0.00503868
-0.00541658
-0.00587935
-0.00653811
-0.00729097
-0.00841236
-0.00973029
-0.0115912
-0.0133188
-0.0147821
-0.0123624
-0.00344317
0.0281334
0.0911762
0.219403
6.5398e-05
3.56161e-05
8.60394e-05
0.000184104
0.000338588
0.000551209
0.000825586
0.00116635
0.00157791
0.00206315
0.00262183
0.00324823
0.00392808
0.00463544
0.00532947
0.00595562
0.00645062
0.00676157
0.00689583
0.00679559
9.80898e-05
6.74941e-05
0.000125773
0.000226213
0.000379607
0.000588392
0.000856688
0.00118928
0.00159062
0.00206386
0.00260941
0.00322263
0.0038899
0.00458833
0.00527784
0.00590348
0.00639877
0.00670705
0.00684105
0.00672422
3.72848e-05
-2.91972e-06
5.39271e-05
0.00015007
0.00029733
0.000498226
0.000757443
0.00108066
0.0014737
0.00194174
0.00248782
0.00311044
0.00380101
0.00453767
0.00527883
0.00596169
0.00650336
0.00682621
0.00694414
0.00676879
-9.43325e-05
-0.000141028
-8.74952e-05
1.62561e-06
0.000139179
0.000327936
0.000573383
0.000882494
0.00126308
0.00172337
0.00227074
0.00290899
0.003634
0.00443089
0.00525694
0.00603846
0.00666587
0.00701894
0.00710673
0.00682954
-0.000307209
-0.00035929
-0.000311691
-0.000232906
-0.000109185
6.25738e-05
0.000288747
0.000577812
0.000940018
0.00138739
0.00193305
0.00258879
0.00335998
0.00423755
0.00518542
0.00611737
0.0068852
0.00729443
0.00732913
0.0068762
-0.000599748
-0.000656975
-0.000617787
-0.0005529
-0.000447938
-0.000299615
-0.000100857
0.00015811
0.000489846
0.000910289
0.00143893
0.00209779
0.00290625
0.00386839
0.0049654
0.00610763
0.00709795
0.00761551
0.00757043
0.00681474
-0.000967702
-0.00103047
-0.00100216
-0.000955216
-0.000875021
-0.000758521
-0.000598618
-0.000385084
-0.000104091
0.000263065
0.000741299
0.00136275
0.0021634
0.00316764
0.0043997
0.0057863
0.00710046
0.00783779
0.00771719
0.00652993
-0.00140551
-0.00147458
-0.00145961
-0.00143491
-0.00138622
-0.00131146
-0.00120468
-0.00105697
-0.000855794
-0.000583104
-0.00021329
0.000289188
0.000971414
0.00188867
0.00307343
0.00458618
0.00627282
0.00750356
0.00748444
0.00604057
-0.00190613
-0.00198236
-0.00198267
-0.00198407
-0.00197335
-0.0019505
-0.0019124
-0.00185403
-0.00176822
-0.00164467
-0.00146873
-0.00122135
-0.000883291
-0.000430985
0.000214615
0.00129958
0.00314382
0.00544072
0.00631436
0.00564156
-0.00246114
-0.00254521
-0.00256136
-0.00259102
-0.0026228
-0.00266009
-0.00270454
-0.00275818
-0.00282461
-0.00291066
-0.00303037
-0.00321732
-0.00355636
-0.0041707
-0.00498869
-0.00532481
-0.00385546
-0.000158816
0.00315833
0.00516192
-0.0030614
-0.00315379
-0.00318403
-0.003241
-0.00331567
-0.0034163
-0.00355109
-0.00373198
-0.00397863
-0.00432519
-0.00483454
-0.00562859
-0.0069576
-0.00918035
-0.0122243
-0.0147869
-0.0144583
-0.00966663
-0.00355299
0.00211016
-0.00369755
-0.00379723
-0.00383487
-0.00391269
-0.00402431
-0.00418366
-0.00440587
-0.00471373
-0.00514474
-0.0057638
-0.00668844
-0.00813285
-0.0104845
-0.0142391
-0.0192699
-0.0238978
-0.0254159
-0.0207027
-0.013254
-0.00448075
-0.00436592
-0.00447334
-0.00450837
-0.00459501
-0.00472871
-0.00493017
-0.00522099
-0.00563281
-0.00621635
-0.00705779
-0.00830913
-0.0102351
-0.0132792
-0.0179076
-0.0240335
-0.029668
-0.0327245
-0.0289041
-0.0220284
-0.0119259
-0.00505705
-0.00515957
-0.00516464
-0.00523508
-0.00536957
-0.00559201
-0.00592477
-0.00640222
-0.00708033
-0.00805102
-0.0094745
-0.0116111
-0.0149018
-0.0196483
-0.02595
-0.0313948
-0.035252
-0.0319887
-0.0267022
-0.0164478
-0.00580058
-0.00591539
-0.00587014
-0.00590715
-0.00600531
-0.00620285
-0.00652464
-0.00700635
-0.00770113
-0.0086923
-0.0101302
-0.0122196
-0.0153853
-0.0196759
-0.0253443
-0.0299166
-0.0334063
-0.030035
-0.0270305
-0.0160695
-0.0066966
-0.00659829
-0.006418
-0.00632386
-0.00635965
-0.00653141
-0.00684578
-0.00732046
-0.00799615
-0.00893627
-0.0102751
-0.012136
-0.0148818
-0.0184579
-0.0229482
-0.026282
-0.0286832
-0.0250498
-0.024022
-0.00928472
-0.00715268
-0.00757981
-0.00724071
-0.00718421
-0.00708859
-0.00711986
-0.00728845
-0.00762623
-0.00817126
-0.00896323
-0.0101116
-0.0117144
-0.0140131
-0.0168786
-0.0204429
-0.0227676
-0.024238
-0.0201383
-0.0179811
0.00674313
-0.0106996
-0.00810354
-0.00737142
-0.00665731
-0.00648219
-0.00655219
-0.006809
-0.00720769
-0.00777274
-0.00851772
-0.00955141
-0.010952
-0.0129091
-0.015244
-0.0180225
-0.0194755
-0.0197067
-0.0141342
-0.00570133
0.0366655
-0.00704633
-0.0100847
-0.00899949
-0.00895939
-0.00841453
-0.00807891
-0.00790657
-0.00792564
-0.00818644
-0.00866983
-0.0095033
-0.0106934
-0.0125578
-0.0148089
-0.0178263
-0.019197
-0.0189005
-0.00676879
0.0161547
0.0913662
-0.0325535
-0.00730445
-0.005759
-0.00495514
-0.00467162
-0.0047832
-0.00517306
-0.00563896
-0.0062913
-0.00702984
-0.00812843
-0.00942058
-0.0112556
-0.0129541
-0.0143697
-0.0118686
-0.0027238
0.0291217
0.0927602
0.222055
8.81998e-05
5.80848e-05
0.000109218
0.000208636
0.00036547
0.000581615
0.000860994
0.00120865
0.00162946
0.00212685
0.00270104
0.00334658
0.00404911
0.00478134
0.00550046
0.00614831
0.00665723
0.0069713
0.0070996
0.00698735
0.000122046
9.0869e-05
0.000149929
0.000251752
0.000407491
0.000619746
0.000892944
0.00123227
0.00164266
0.00212781
0.00268863
0.00332079
0.0040106
0.00473437
0.00544958
0.00609752
0.00660676
0.00691709
0.00704338
0.00691498
6.3159e-05
2.22198e-05
7.99123e-05
0.000177484
0.000327155
0.00053162
0.000795901
0.00112613
0.0015287
0.00200947
0.00257213
0.00321576
0.00393217
0.00469831
0.00547005
0.00617974
0.00673762
0.00706034
0.00716418
0.00697222
-6.61723e-05
-0.000113723
-5.92707e-05
3.13512e-05
0.000171437
0.000363952
0.000614774
0.000931412
0.00132238
0.00179675
0.00236288
0.00302547
0.00378126
0.00461401
0.00547847
0.00629424
0.00694139
0.00728963
0.00735012
0.00704738
-0.00027677
-0.000329797
-0.000281213
-0.000200841
-7.44276e-05
0.000101356
0.000333344
0.000630654
0.00100439
0.00146767
0.00203495
0.00271924
0.00352559
0.0044494
0.00544655
0.0064231
0.00721514
0.00760997
0.00759367
0.00710204
-0.000567106
-0.000625361
-0.000585142
-0.000518602
-0.000410808
-0.000258216
-5.32291e-05
0.000214657
0.000558998
0.000997064
0.00155005
0.00224189
0.00309388
0.00410889
0.0052665
0.00646538
0.00748417
0.007968
0.00783443
0.00702352
-0.000932917
-0.000996797
-0.000967472
-0.000918879
-0.000835825
-0.000714981
-0.000548695
-0.000325967
-3.19197e-05
0.000353545
0.000857108
0.001513
0.00235909
0.00342029
0.00471683
0.0061666
0.00750894
0.00817847
0.00792434
0.00667022
-0.00136854
-0.00143884
-0.00142294
-0.00139674
-0.00134538
-0.00126652
-0.0011537
-0.000997357
-0.000784028
-0.000494601
-0.000102262
0.00042969
0.00114804
0.00210311
0.00333046
0.00487963
0.00657335
0.00770289
0.00754432
0.0060628
-0.00186675
-0.00194434
-0.00194391
-0.00194415
-0.00193123
-0.00190497
-0.00186187
-0.0017965
-0.00170135
-0.00156604
-0.0013768
-0.00111788
-0.000779399
-0.000353925
0.000232653
0.00123709
0.00304547
0.0052743
0.00615257
0.00559108
-0.0024188
-0.00250439
-0.00252012
-0.00254914
-0.00257949
-0.00261449
-0.00265568
-0.00270512
-0.00276697
-0.00284985
-0.00297245
-0.00317955
-0.00358188
-0.00434225
-0.00540207
-0.00597508
-0.00463568
-0.000926502
0.00271563
0.00510089
-0.0030151
-0.00310918
-0.00313943
-0.00319643
-0.00327066
-0.00337043
-0.00350411
-0.0036843
-0.00393236
-0.00428661
-0.0048195
-0.00567335
-0.00713953
-0.00963793
-0.013098
-0.0160676
-0.0159612
-0.0111391
-0.00448212
0.00174767
-0.00364558
-0.00374712
-0.00378522
-0.00386384
-0.00397605
-0.00413595
-0.00435907
-0.00466926
-0.00510656
-0.00574148
-0.00670354
-0.00823139
-0.0107565
-0.0148205
-0.0202951
-0.025285
-0.0270052
-0.0224016
-0.0146293
-0.00537905
-0.00430583
-0.00441537
-0.00445136
-0.00453955
-0.00467475
-0.00487781
-0.00517068
-0.00558608
-0.00617713
-0.0070351
-0.00832233
-0.0103239
-0.013516
-0.018376
-0.0248035
-0.0305158
-0.03347
-0.0297324
-0.0229523
-0.0127912
-0.0049851
-0.00508998
-0.00509648
-0.00516921
-0.00530591
-0.00553048
-0.0058654
-0.00634562
-0.00702862
-0.00800957
-0.00945523
-0.0116366
-0.0150162
-0.019864
-0.0262593
-0.0313937
-0.0349034
-0.0316128
-0.0267682
-0.0167666
-0.0057133
-0.005831
-0.0057873
-0.00582739
-0.00592821
-0.00612792
-0.00645107
-0.00693328
-0.00762809
-0.00862006
-0.0100625
-0.0121609
-0.0153526
-0.0196214
-0.025196
-0.0293842
-0.0322703
-0.0289267
-0.0264303
-0.0158218
-0.00658469
-0.00649072
-0.00631338
-0.00622407
-0.00626327
-0.00643738
-0.00675237
-0.00722532
-0.00789637
-0.00882859
-0.0101572
-0.0119995
-0.0147219
-0.0182375
-0.0225877
-0.0256071
-0.0275451
-0.0239471
-0.0232162
-0.00873113
-0.00702543
-0.00745846
-0.00711657
-0.00706593
-0.00697353
-0.00700715
-0.0071754
-0.00750919
-0.00804594
-0.00882458
-0.00995398
-0.0115297
-0.0137938
-0.0165976
-0.0200445
-0.0221802
-0.0233598
-0.0193519
-0.0173789
0.00744255
-0.0105163
-0.00793978
-0.0072154
-0.0065138
-0.00634302
-0.00641582
-0.00667234
-0.00706678
-0.00762318
-0.0083546
-0.00936558
-0.0107389
-0.0126642
-0.014945
-0.0176371
-0.0189715
-0.0190352
-0.0135534
-0.0052415
0.0375534
-0.00690896
-0.00995664
-0.00885543
-0.00882238
-0.00827578
-0.00793933
-0.00776374
-0.00777559
-0.00802642
-0.0084937
-0.00930896
-0.0104728
-0.0123124
-0.0145194
-0.0174747
-0.0187512
-0.0183391
-0.00615436
0.0167836
0.0926781
-0.0323686
-0.0071304
-0.00558023
-0.00477792
-0.0045019
-0.00461991
-0.00501393
-0.00547717
-0.00612369
-0.00684882
-0.00793251
-0.00919965
-0.0110089
-0.012656
-0.0140025
-0.0113742
-0.00208064
0.0300003
0.0938119
0.223832
0.000108479
7.84494e-05
0.000130413
0.000231301
0.000390496
0.000610086
0.00089428
0.00124847
0.00167796
0.00218662
0.00277501
0.00343789
0.00416061
0.00491503
0.00565623
0.00632302
0.00684401
0.00716083
0.00728409
0.00716201
0.000142847
0.000111574
0.000171474
0.000274776
0.000432886
0.00064858
0.000926562
0.00127236
0.00169134
0.00218764
0.00276256
0.00341197
0.0041222
0.00486838
0.00560613
0.00627342
0.00679462
0.00710658
0.00722611
0.00708829
8.51839e-05
4.40978e-05
0.000102675
0.000201779
0.000353903
0.000561927
0.000831176
0.00116818
0.0015798
0.00207246
0.00265038
0.00331308
0.00405253
0.00484449
0.00564268
0.0063752
0.00694646
0.00726844
0.00735965
0.00715441
-4.25859e-05
-9.03201e-05
-3.49292e-05
5.72998e-05
0.000199961
0.000396225
0.000652318
0.000976206
0.00137698
0.00186443
0.00244764
0.00313197
0.00391469
0.00477855
0.00567559
0.00651975
0.00718235
0.00752475
0.00756038
0.00723795
-0.000251508
-0.000304742
-0.000255166
-0.000173106
-4.39735e-05
0.000135795
0.000373435
0.000678602
0.0010631
0.00154095
0.00212765
0.00283731
0.00367587
0.00463703
0.00567479
0.00668741
0.00749745
0.00787628
0.00781332
0.00729293
-0.000540136
-0.000598619
-0.000557377
-0.000489093
-0.000378471
-0.000221704
-1.07486e-05
0.000265505
0.000621415
0.00107529
0.00164964
0.00236954
0.00325627
0.00431654
0.00552385
0.00676818
0.00780761
0.00825548
0.00804022
0.0071904
-0.000904232
-0.000968369
-0.000938037
-0.000887719
-0.000801838
-0.000676799
-0.000504488
-0.000273283
3.25089e-05
0.000434029
0.000959227
0.00164381
0.00252697
0.00363351
0.00498131
0.00648129
0.00784434
0.00844282
0.00806331
0.00676612
-0.00133808
-0.00140868
-0.00139186
-0.00136408
-0.00131008
-0.0012273
-0.00110887
-0.000944702
-0.000720714
-0.000417102
-6.40697e-06
0.000548519
0.00129366
0.00227546
0.00353251
0.00511046
0.0068111
0.00783314
0.00753911
0.00604169
-0.0018343
-0.00191225
-0.00191109
-0.00191004
-0.00189493
-0.00186539
-0.00181769
-0.00174612
-0.00164306
-0.00149842
-0.00129969
-0.0010347
-0.00070259
-0.00030992
0.000217446
0.00115799
0.00293468
0.00509056
0.00595797
0.00550521
-0.00238394
-0.00246994
-0.00248521
-0.0025134
-0.00254224
-0.00257498
-0.00261313
-0.00265895
-0.0027173
-0.00279874
-0.00292661
-0.00315624
-0.00362211
-0.00452402
-0.00581005
-0.00658159
-0.00529959
-0.00155248
0.00232292
0.00502558
-0.00297704
-0.00307159
-0.00310174
-0.00315847
-0.00323201
-0.00333076
-0.0034633
-0.00364296
-0.00389281
-0.0042552
-0.0048115
-0.00572292
-0.00731889
-0.0100775
-0.0139258
-0.0172188
-0.0171749
-0.0121959
-0.00513966
0.00147912
-0.00360306
-0.00370512
-0.0037435
-0.00382243
-0.00393478
-0.00409481
-0.00431846
-0.00463067
-0.00507387
-0.00572376
-0.00672095
-0.00832674
-0.0110138
-0.0153701
-0.0212463
-0.0264767
-0.0281543
-0.023408
-0.0154308
-0.00594627
-0.00425711
-0.00436724
-0.00440387
-0.00449293
-0.00462894
-0.00483289
-0.00512715
-0.00554547
-0.00614323
-0.00701634
-0.00833669
-0.010408
-0.0137406
-0.0188218
-0.0255229
-0.0312371
-0.0338864
-0.0299306
-0.0232303
-0.0132015
-0.00492776
-0.00503329
-0.0050408
-0.0051149
-0.00525282
-0.00547852
-0.0058147
-0.00629693
-0.00698414
-0.0079745
-0.00944114
-0.0116638
-0.0151279
-0.020085
-0.0265759
-0.0314122
-0.0345117
-0.0309374
-0.0264478
-0.0167536
-0.00564554
-0.00576405
-0.00572144
-0.00576327
-0.0058654
-0.00606601
-0.0063895
-0.00687159
-0.00756637
-0.00855939
-0.0100075
-0.0121135
-0.0153153
-0.019636
-0.025138
-0.0290337
-0.0314115
-0.027891
-0.0257225
-0.0154367
-0.00650057
-0.00640828
-0.00623317
-0.00614677
-0.00618765
-0.00636251
-0.00667691
-0.00714758
-0.00781453
-0.00874039
-0.0100631
-0.0118893
-0.0145962
-0.0180796
-0.0223377
-0.0251293
-0.0266926
-0.0229763
-0.0223935
-0.00815076
-0.00693598
-0.00737096
-0.00702708
-0.00697907
-0.00688745
-0.00692111
-0.00708752
-0.00741689
-0.00794635
-0.00871385
-0.00983047
-0.0113841
-0.0136193
-0.0163718
-0.0197263
-0.0217124
-0.0226514
-0.0185877
-0.0166709
0.00810711
-0.0103891
-0.00782374
-0.00710675
-0.0064131
-0.00624452
-0.00631773
-0.00657226
-0.00696162
-0.0075095
-0.00822516
-0.00923116
-0.0105777
-0.0124746
-0.0147051
-0.0173189
-0.0185468
-0.0184523
-0.0129099
-0.00463176
0.0383202
-0.00683217
-0.00987792
-0.00876385
-0.00873228
-0.00818231
-0.00784305
-0.00766298
-0.00766796
-0.00791031
-0.00836489
-0.00916889
-0.0103113
-0.0121279
-0.0142902
-0.0171735
-0.018346
-0.0177841
-0.0055064
0.0174836
0.0936937
-0.0322532
-0.00702676
-0.00547391
-0.00466948
-0.00439499
-0.00451392
-0.00490805
-0.00536726
-0.00600793
-0.006723
-0.00779512
-0.00904362
-0.0108262
-0.0124248
-0.0136954
-0.0109549
-0.00152067
0.0307521
0.0946791
0.225036
0.000124889
9.50573e-05
0.000147794
0.000250018
0.000411287
0.000633858
0.000922172
0.00128191
0.00171869
0.00223672
0.00283685
0.00351392
0.00425308
0.00502537
0.00578426
0.00646611
0.00699664
0.0073156
0.00743485
0.00730518
0.00015951
0.000128304
0.00018897
0.000293612
0.000453809
0.000672492
0.000954588
0.00130591
0.00173213
0.00223774
0.00282434
0.00348786
0.00421469
0.00497894
0.00573473
0.00641736
0.0069479
0.00726101
0.00737505
0.00723001
0.000102632
6.15953e-05
0.000120972
0.000221464
0.00037575
0.000586872
0.0008604
0.00120317
0.00162243
0.00212498
0.00271548
0.00339374
0.00415176
0.00496436
0.00578347
0.00653383
0.00711526
0.0074362
0.00751712
0.00730185
-2.4091e-05
-7.17853e-05
-1.55555e-05
7.81265e-05
0.000223054
0.000422579
0.0006832
0.00101324
0.00142225
0.00192051
0.00251768
0.00321955
0.00402375
0.00491221
0.00583469
0.00670067
0.00737457
0.00771126
0.00772651
0.00738975
-0.000231832
-0.000285026
-0.000234571
-0.000150992
-1.94766e-05
0.000163737
0.0004062
0.000717985
0.00111143
0.00160122
0.00220363
0.00293356
0.00379744
0.00478775
0.0058568
0.00689685
0.00771969
0.00808354
0.00798234
0.00744177
-0.000519213
-0.000577655
-0.000535513
-0.000465667
-0.000352583
-0.000192235
2.37654e-05
0.000306988
0.000672388
0.00113903
0.00173036
0.00247225
0.0033859
0.00448094
0.00572645
0.00700565
0.00806008
0.00847498
0.00819235
0.00731659
-0.000882028
-0.000946128
-0.000914914
-0.000863056
-0.000774731
-0.000646124
-0.000468772
-0.000230593
8.46922e-05
0.00049896
0.00104103
0.00174765
0.00265905
0.00379982
0.00518728
0.00672743
0.00810816
0.00864168
0.00815624
0.00683334
-0.00131453
-0.0013851
-0.00136748
-0.00133828
-0.00128202
-0.00119592
-0.00107284
-0.000902328
-0.000669888
-0.000355307
6.92084e-05
0.000640967
0.00140537
0.00240673
0.00368742
0.00529465
0.0070105
0.00793
0.00751285
0.00601345
-0.00180926
-0.0018872
-0.00188538
-0.00188316
-0.00186614
-0.00183385
-0.00178236
-0.00170584
-0.00159669
-0.00144523
-0.00124012
-0.000972225
-0.000647674
-0.00028272
0.000201643
0.00110975
0.00288297
0.00495452
0.00578982
0.00542935
-0.00235707
-0.00244309
-0.00245793
-0.00248529
-0.00251277
-0.00254358
-0.00257926
-0.00262227
-0.00267818
-0.00275928
-0.00289283
-0.00314264
-0.00366213
-0.00467935
-0.006141
-0.00703889
-0.00576254
-0.00199008
0.00203128
0.00496703
-0.00294779
-0.00304237
-0.00307235
-0.00312869
-0.00320153
-0.00329932
-0.00343091
-0.00361025
-0.00386195
-0.00423171
-0.0048083
-0.00576818
-0.00747208
-0.0104444
-0.0146033
-0.0181147
-0.0180301
-0.0128716
-0.00557135
0.00129778
-0.00357056
-0.00367265
-0.00371115
-0.00379014
-0.0039024
-0.00406236
-0.00428635
-0.00460025
-0.00504853
-0.00571122
-0.00673824
-0.0084096
-0.0112332
-0.0158357
-0.0220427
-0.0274103
-0.0289013
-0.0239371
-0.0158921
-0.00628766
-0.00422021
-0.00433036
-0.00436739
-0.00445689
-0.00459327
-0.00479769
-0.00509291
-0.00551358
-0.00611701
-0.00700308
-0.00835205
-0.0104835
-0.0139388
-0.0192176
-0.0261606
-0.0318608
-0.0341234
-0.0299076
-0.0233041
-0.0133877
-0.004885
-0.0049905
-0.00499867
-0.00507352
-0.00521207
-0.00543835
-0.00577529
-0.00625908
-0.00694996
-0.00794872
-0.00943463
-0.0116957
-0.0152405
-0.0203069
-0.0269177
-0.0315359
-0.0342539
-0.0303838
-0.0261557
-0.0166481
-0.00559604
-0.00571459
-0.00567269
-0.00571542
-0.00581812
-0.006019
-0.00634242
-0.00682433
-0.00751944
-0.00851428
-0.00996984
-0.0120873
-0.0153187
-0.0196832
-0.0251875
-0.0289028
-0.030882
-0.0271492
-0.0252142
-0.0150851
-0.00644072
-0.00634895
-0.00617531
-0.00609057
-0.0061322
-0.00630708
-0.00662057
-0.00708927
-0.00775333
-0.00867521
-0.00999684
-0.0118103
-0.0145153
-0.0179864
-0.0222053
-0.0248494
-0.0261325
-0.0222635
-0.0218043
-0.00766267
-0.00687487
-0.00731022
-0.00696507
-0.00691812
-0.00682632
-0.00685924
-0.0070236
-0.0073493
-0.00787341
-0.00863323
-0.00974062
-0.0112786
-0.0134948
-0.0162113
-0.0195056
-0.0213825
-0.0221315
-0.0179822
-0.0161193
0.00865248
-0.0103046
-0.00774516
-0.00703366
-0.00634454
-0.00617696
-0.00624967
-0.00650199
-0.00688709
-0.00742893
-0.00813524
-0.00913309
-0.010462
-0.0123385
-0.0145297
-0.017083
-0.0182244
-0.0180006
-0.0123707
-0.0041112
0.0389325
-0.00678592
-0.00982759
-0.00870487
-0.00867282
-0.00811976
-0.00777775
-0.0075934
-0.00759314
-0.0078294
-0.00827549
-0.009071
-0.0101981
-0.0119974
-0.0141237
-0.0169461
-0.0180278
-0.0173344
-0.00494334
0.0180971
0.094455
-0.0321804
-0.00696313
-0.0054088
-0.0046019
-0.00432709
-0.00444514
-0.00483813
-0.00529351
-0.0059295
-0.0066373
-0.00770129
-0.00893613
-0.0106978
-0.0122569
-0.0134653
-0.0106298
-0.00108048
0.0313558
0.0953615
0.22586
0.000136408
0.000106755
0.00016008
0.000263308
0.000426113
0.00065087
0.000942184
0.00130593
0.00174796
0.00227269
0.00288116
0.00356826
0.00431898
0.00510377
0.00587498
0.00656727
0.00710437
0.00742475
0.0075412
0.00740635
0.000171158
0.000140044
0.000201289
0.000306938
0.00046868
0.000689557
0.000974653
0.00132997
0.00176141
0.00227369
0.00286858
0.00354208
0.00428056
0.00505747
0.00582579
0.00651903
0.00705597
0.00736978
0.00747996
0.00732999
0.000114754
7.38012e-05
0.000133779
0.000235314
0.0003912
0.000604597
0.000881245
0.00122819
0.00165293
0.00216256
0.00276197
0.00345119
0.00422219
0.00504913
0.0058827
0.0066453
0.00723357
0.00755357
0.00762724
0.0074052
-1.13195e-05
-5.89324e-05
-2.07477e-06
9.26961e-05
0.000239299
0.000441214
0.00070513
0.00103962
0.00145451
0.00196046
0.00256746
0.0032816
0.00410072
0.00500618
0.00594614
0.00682696
0.00750833
0.00784055
0.00784142
0.00749518
-0.000218305
-0.000271412
-0.000220303
-0.000135589
-2.31881e-06
0.000183411
0.000429368
0.000745903
0.00114572
0.00164393
0.00225734
0.00300139
0.00388273
0.00489302
0.00598348
0.00704225
0.00787353
0.00822601
0.00809781
0.00754407
-0.00050487
-0.00056322
-0.00052041
-0.000449402
-0.000334513
-0.000171564
4.80678e-05
0.000336257
0.00070835
0.0011839
0.00178699
0.00254399
0.00347612
0.00459493
0.00586682
0.00717038
0.00823539
0.00862548
0.00829494
0.00740247
-0.000866834
-0.000930842
-0.000898974
-0.000845971
-0.000755862
-0.000624678
-0.000443723
-0.000200617
0.000121302
0.00054438
0.001098
0.00181961
0.00275027
0.00391463
0.00533027
0.00690028
0.00829572
0.00878094
0.008217
0.0068789
-0.00129844
-0.00136892
-0.0013507
-0.00132045
-0.00126253
-0.00117405
-0.00104767
-0.000872717
-0.000634447
-0.00031241
0.000121376
0.000704339
0.00148171
0.00249722
0.00379705
0.00543151
0.00716615
0.0080084
0.00749172
0.00599437
-0.00179216
-0.00187002
-0.00186771
-0.0018646
-0.0018462
-0.00181192
-0.00175776
-0.00167783
-0.00156457
-0.00140862
-0.00119951
-0.000930052
-0.000610777
-0.00026326
0.00019802
0.00110071
0.00288711
0.00488726
0.00568031
0.00538004
-0.00233876
-0.0024247
-0.0024392
-0.00246593
-0.0024924
-0.00252182
-0.00255575
-0.00259687
-0.00265125
-0.00273245
-0.00287041
-0.0031346
-0.00369104
-0.00478576
-0.00635989
-0.0073198
-0.00602043
-0.00223195
0.00186073
0.00493569
-0.00292791
-0.00302241
-0.00305224
-0.00310824
-0.00318053
-0.0032776
-0.00340851
-0.0035877
-0.00384087
-0.0042161
-0.00480726
-0.00580118
-0.00758012
-0.0106998
-0.0150685
-0.0187007
-0.0185322
-0.0132206
-0.0057939
0.0012062
-0.00354858
-0.00365058
-0.00368911
-0.00376806
-0.00388018
-0.00404003
-0.00426423
-0.00457936
-0.00503137
-0.00570337
-0.00675177
-0.00846968
-0.0113905
-0.0161683
-0.0226074
-0.0280345
-0.0293202
-0.0241497
-0.0160891
-0.00645126
-0.00419545
-0.00430548
-0.00434272
-0.00443242
-0.00456896
-0.00477362
-0.00506945
-0.00549181
-0.00609941
-0.00699504
-0.00836506
-0.0105405
-0.0140865
-0.0195141
-0.0266369
-0.0322668
-0.0342508
-0.0298021
-0.0232692
-0.0134468
-0.00485662
-0.00496195
-0.0049705
-0.00504574
-0.00518458
-0.00541115
-0.00574855
-0.00623346
-0.00692717
-0.00793251
-0.00943357
-0.0117244
-0.0153336
-0.0204942
-0.027226
-0.0317919
-0.0341337
-0.0300143
-0.02593
-0.0165385
-0.00556368
-0.00568208
-0.00564058
-0.00568375
-0.00578666
-0.00598756
-0.00631084
-0.00679269
-0.00748837
-0.00848543
-0.0099483
-0.0120759
-0.0153368
-0.0197458
-0.0252867
-0.0289132
-0.0306124
-0.0266887
-0.0248806
-0.0148295
-0.00640237
-0.00631067
-0.0061379
-0.00605399
-0.00609593
-0.00627063
-0.00658336
-0.00705076
-0.00771324
-0.00863353
-0.00995851
-0.0117585
-0.0144703
-0.0179426
-0.0221543
-0.0247158
-0.0258117
-0.0218042
-0.0214155
-0.00731544
-0.00683656
-0.0072718
-0.00692595
-0.00687934
-0.00678713
-0.00681926
-0.00698206
-0.00730526
-0.00782604
-0.00858126
-0.00968341
-0.0112107
-0.0134167
-0.0161123
-0.0193736
-0.0211798
-0.0217967
-0.0175607
-0.0157306
0.00904022
-0.0102532
-0.00769659
-0.00698855
-0.00630176
-0.00613454
-0.00620659
-0.0064573
-0.00683946
-0.00737744
-0.00807797
-0.00907025
-0.0103883
-0.0122518
-0.0144173
-0.0169313
-0.0180119
-0.0176966
-0.011975
-0.00372318
0.0393628
-0.00675828
-0.00979668
-0.00866889
-0.00863601
-0.00808081
-0.00773696
-0.00754925
-0.00754575
-0.00777815
-0.00821896
-0.00900916
-0.0101267
-0.0119149
-0.0140171
-0.016797
-0.0178121
-0.0170182
-0.00453099
0.0185518
0.0949686
-0.0321369
-0.00692562
-0.00537052
-0.00456179
-0.00428629
-0.00440324
-0.00479517
-0.0052478
-0.00588055
-0.00658376
-0.0076425
-0.00886876
-0.0106165
-0.012149
-0.0133145
-0.0104106
-0.000778318
0.0317794
0.0958376
0.226381
0.000142338
0.000112786
0.000166426
0.000270192
0.000433813
0.000659725
0.000952617
0.00131846
0.00176323
0.00229145
0.00290424
0.00359653
0.00435321
0.00514443
0.00592195
0.00661958
0.00716001
0.00748111
0.00759612
0.00745863
0.000177145
0.000146087
0.000207643
0.000313832
0.000476394
0.00069843
0.000985106
0.00134252
0.00177668
0.00229243
0.00289163
0.00357027
0.00431477
0.00509817
0.00587292
0.00657157
0.00711176
0.00742589
0.00753409
0.00738161
0.000120966
8.00666e-05
0.000140366
0.000242459
0.000399194
0.000613793
0.000892082
0.00124122
0.00166882
0.00218212
0.00278614
0.00348102
0.00425868
0.00509297
0.00593392
0.00670273
0.00729444
0.00761388
0.00768381
0.00745837
-4.79494e-06
-5.23551e-05
4.83789e-06
0.00010019
0.000247681
0.000450857
0.000716504
0.00105331
0.00147127
0.00198121
0.00259328
0.00331372
0.00414047
0.00505462
0.00600346
0.0068918
0.00757688
0.00790665
0.00790012
0.00754917
-0.00021141
-0.000264462
-0.000213005
-0.000127685
6.51249e-06
0.000193567
0.000441354
0.000760366
0.00116348
0.00166604
0.0022851
0.0030364
0.00392668
0.00494709
0.00604841
0.00711668
0.00795217
0.00829855
0.00815643
0.0075962
-0.000497572
-0.000555862
-0.000512697
-0.000441071
-0.00032523
-0.000160916
6.06106e-05
0.000351377
0.000726924
0.00120705
0.00181614
0.00258082
0.00352238
0.00465324
0.00593863
0.00725475
0.00832525
0.00870222
0.00834665
0.00744613
-0.000859112
-0.000923058
-0.000890844
-0.000837234
-0.000746186
-0.000613653
-0.000430826
-0.000185175
0.000140147
0.000567719
0.00112719
0.0018564
0.0027968
0.0039733
0.00540366
0.00698964
0.00839343
0.00885353
0.00824706
0.00690246
-0.00129027
-0.00136069
-0.00134215
-0.00131134
-0.00125255
-0.00116283
-0.00103474
-0.000857507
-0.000616268
-0.000290464
0.000147972
0.000736541
0.00152047
0.00254357
0.00385434
0.00550513
0.00725191
0.00805311
0.007481
0.00598583
-0.00178349
-0.00186129
-0.00185872
-0.00185514
-0.001836
-0.0018007
-0.00174516
-0.00166348
-0.00154815
-0.00138998
-0.00117893
-0.000908747
-0.000592012
-0.000252476
0.000199856
0.0011053
0.00290348
0.00486298
0.00562763
0.00535681
-0.00232949
-0.00241537
-0.00242968
-0.00245606
-0.002482
-0.00251069
-0.00254373
-0.00258389
-0.00263754
-0.00271889
-0.0028592
-0.00313076
-0.00370578
-0.00483874
-0.00646656
-0.00744845
-0.00612964
-0.00233501
0.00178404
0.0049233
-0.00291786
-0.0030123
-0.00304203
-0.00309784
-0.00316982
-0.00326652
-0.00339709
-0.00357622
-0.00383019
-0.00420833
-0.00480704
-0.00581837
-0.00763547
-0.0108297
-0.0153027
-0.0189857
-0.0187575
-0.0133641
-0.00588706
0.00116971
-0.0035375
-0.00363942
-0.00367797
-0.00375686
-0.0038689
-0.00402867
-0.00425298
-0.00456876
-0.00502274
-0.00569963
-0.00675916
-0.00850112
-0.0114721
-0.0163408
-0.0229006
-0.0283514
-0.0295068
-0.0242207
-0.0161623
-0.00651494
-0.00418302
-0.00429297
-0.0043303
-0.00442006
-0.00455666
-0.00476142
-0.00505756
-0.00548081
-0.00609063
-0.00699135
-0.00837253
-0.0105712
-0.0141653
-0.019673
-0.026898
-0.0325096
-0.034315
-0.0297334
-0.0232379
-0.0134597
-0.00484248
-0.00494769
-0.0049564
-0.0050318
-0.00517077
-0.00539745
-0.00573508
-0.0062206
-0.00691589
-0.00792491
-0.00943431
-0.0117412
-0.0153861
-0.0206011
-0.0274017
-0.0319411
-0.034092
-0.0298396
-0.0258155
-0.0164748
-0.00554769
-0.00566597
-0.00562466
-0.00566801
-0.00577098
-0.00597184
-0.00629505
-0.00677691
-0.00747308
-0.00847177
-0.00993951
-0.0120718
-0.0153508
-0.0197878
-0.0253566
-0.0289427
-0.0305049
-0.0264735
-0.0247185
-0.0146976
-0.00638365
-0.00629192
-0.00611954
-0.00603599
-0.00607801
-0.00625257
-0.00656491
-0.0070317
-0.00769365
-0.00861405
-0.00994548
-0.0117292
-0.0144502
-0.0179269
-0.022141
-0.0246664
-0.0256688
-0.0215812
-0.0212234
-0.00713686
-0.00681806
-0.00725317
-0.00690701
-0.00686047
-0.00676798
-0.00679964
-0.00696163
-0.00728361
-0.00780285
-0.0085561
-0.00965639
-0.0111772
-0.0133794
-0.0160659
-0.0193129
-0.0210847
-0.0216338
-0.0173455
-0.0155297
0.00924088
-0.0102288
-0.00767338
-0.00696698
-0.00628115
-0.00611397
-0.00618547
-0.00643576
-0.00681632
-0.00735239
-0.00805016
-0.00903977
-0.0103522
-0.0122098
-0.0143628
-0.0168578
-0.0179073
-0.0175448
-0.0117688
-0.00351713
0.039585
-0.00674509
-0.00978179
-0.00865168
-0.00861826
-0.00806186
-0.00771641
-0.00752858
-0.0075229
-0.0077533
-0.00819157
-0.00897928
-0.0100922
-0.0118751
-0.0139655
-0.016724
-0.0177042
-0.0168568
-0.004315
0.0187932
0.0952288
-0.0321165
-0.00690805
-0.00535262
-0.00454293
-0.0042669
-0.004383
-0.00477485
-0.00522594
-0.00585699
-0.00655796
-0.00761417
-0.00883631
-0.0105772
-0.0120965
-0.0132403
-0.0103009
-0.000624893
0.0319972
0.0960826
0.226636
0.000142322
0.00011277
0.000166412
0.00027018
0.000433802
0.000659715
0.000952608
0.00131846
0.00176322
0.00229144
0.00290424
0.00359652
0.00435321
0.00514442
0.00592194
0.00661958
0.00716001
0.00748111
0.00759612
0.00745863
0.000177129
0.000146072
0.00020763
0.000313819
0.000476383
0.00069842
0.000985097
0.00134251
0.00177667
0.00229242
0.00289162
0.00357027
0.00431477
0.00509817
0.00587292
0.00657157
0.00711176
0.00742589
0.00753408
0.00738161
0.000120952
8.00527e-05
0.000140353
0.000242447
0.000399184
0.000613784
0.000892074
0.00124121
0.00166881
0.00218211
0.00278613
0.00348102
0.00425868
0.00509296
0.00593392
0.00670272
0.00729443
0.00761387
0.00768381
0.00745837
-4.80766e-06
-5.23674e-05
4.82612e-06
0.000100179
0.000247671
0.000450848
0.000716496
0.00105331
0.00147127
0.00198121
0.00259328
0.00331372
0.00414047
0.00505461
0.00600345
0.0068918
0.00757687
0.00790665
0.00790012
0.00754917
-0.000211421
-0.000264473
-0.000213015
-0.000127695
6.50302e-06
0.000193559
0.000441347
0.00076036
0.00116348
0.00166604
0.0022851
0.0030364
0.00392668
0.00494709
0.00604841
0.00711668
0.00795217
0.00829854
0.00815642
0.0075962
-0.000497581
-0.000555871
-0.000512707
-0.00044108
-0.000325239
-0.000160923
6.0605e-05
0.000351372
0.000726919
0.00120705
0.00181613
0.00258081
0.00352237
0.00465324
0.00593862
0.00725475
0.00832525
0.00870222
0.00834664
0.00744613
-0.000859121
-0.000923067
-0.000890853
-0.000837242
-0.000746193
-0.000613659
-0.00043083
-0.000185179
0.000140143
0.000567715
0.00112719
0.0018564
0.0027968
0.0039733
0.00540365
0.00698963
0.00839342
0.00885353
0.00824706
0.00690246
-0.00129028
-0.0013607
-0.00134216
-0.00131134
-0.00125255
-0.00116284
-0.00103475
-0.000857511
-0.000616272
-0.000290467
0.000147971
0.000736541
0.00152047
0.00254357
0.00385434
0.00550513
0.00725191
0.00805311
0.00748099
0.00598583
-0.0017835
-0.0018613
-0.00185873
-0.00185514
-0.001836
-0.0018007
-0.00174516
-0.00166349
-0.00154816
-0.00138999
-0.00117893
-0.000908746
-0.000592012
-0.000252475
0.000199855
0.00110529
0.00290348
0.00486298
0.00562763
0.00535681
-0.00232949
-0.00241538
-0.00242969
-0.00245607
-0.00248201
-0.0025107
-0.00254374
-0.00258389
-0.00263755
-0.00271889
-0.0028592
-0.00313076
-0.00370578
-0.00483874
-0.00646656
-0.00744845
-0.00612964
-0.00233501
0.00178404
0.0049233
-0.00291787
-0.00301231
-0.00304204
-0.00309785
-0.00316983
-0.00326652
-0.00339709
-0.00357622
-0.0038302
-0.00420833
-0.00480704
-0.00581837
-0.00763548
-0.0108297
-0.0153027
-0.0189857
-0.0187575
-0.0133641
-0.00588706
0.00116971
-0.0035375
-0.00363943
-0.00367797
-0.00375686
-0.0038689
-0.00402867
-0.00425298
-0.00456877
-0.00502275
-0.00569963
-0.00675916
-0.00850112
-0.0114721
-0.0163408
-0.0229006
-0.0283514
-0.0295068
-0.0242207
-0.0161623
-0.00651494
-0.00418303
-0.00429297
-0.0043303
-0.00442006
-0.00455666
-0.00476142
-0.00505757
-0.00548082
-0.00609064
-0.00699136
-0.00837253
-0.0105712
-0.0141653
-0.019673
-0.026898
-0.0325096
-0.034315
-0.0297334
-0.0232379
-0.0134597
-0.00484249
-0.00494769
-0.00495641
-0.00503181
-0.00517077
-0.00539745
-0.00573508
-0.00622061
-0.00691589
-0.00792492
-0.00943431
-0.0117412
-0.0153861
-0.0206011
-0.0274017
-0.0319411
-0.034092
-0.0298396
-0.0258155
-0.0164748
-0.00554769
-0.00566597
-0.00562467
-0.00566801
-0.00577098
-0.00597185
-0.00629505
-0.00677691
-0.00747308
-0.00847177
-0.00993951
-0.0120718
-0.0153508
-0.0197878
-0.0253566
-0.0289427
-0.0305049
-0.0264735
-0.0247185
-0.0146976
-0.00638366
-0.00629192
-0.00611954
-0.00603599
-0.00607802
-0.00625257
-0.00656491
-0.0070317
-0.00769365
-0.00861405
-0.00994548
-0.0117292
-0.0144502
-0.0179269
-0.022141
-0.0246664
-0.0256688
-0.0215812
-0.0212234
-0.00713686
-0.00681806
-0.00725317
-0.00690701
-0.00686047
-0.00676798
-0.00679964
-0.00696163
-0.00728361
-0.00780285
-0.0085561
-0.00965639
-0.0111772
-0.0133794
-0.0160659
-0.0193129
-0.0210847
-0.0216338
-0.0173455
-0.0155297
0.00924088
-0.0102288
-0.00767339
-0.00696698
-0.00628115
-0.00611397
-0.00618547
-0.00643576
-0.00681633
-0.0073524
-0.00805016
-0.00903977
-0.0103522
-0.0122098
-0.0143628
-0.0168578
-0.0179073
-0.0175448
-0.0117688
-0.00351714
0.039585
-0.00674509
-0.00978179
-0.00865168
-0.00861826
-0.00806186
-0.00771642
-0.00752858
-0.0075229
-0.0077533
-0.00819157
-0.00897929
-0.0100922
-0.0118751
-0.0139655
-0.016724
-0.0177042
-0.0168568
-0.004315
0.0187932
0.0952288
-0.0321165
-0.00690805
-0.00535262
-0.00454294
-0.0042669
-0.00438301
-0.00477485
-0.00522594
-0.00585699
-0.00655796
-0.00761417
-0.00883631
-0.0105772
-0.0120965
-0.0132403
-0.0103009
-0.0006249
0.0319972
0.0960826
0.226636
0.000136357
0.000106706
0.000160036
0.000263269
0.000426079
0.00065084
0.000942156
0.0013059
0.00174793
0.00227267
0.00288114
0.00356824
0.00431897
0.00510376
0.00587497
0.00656727
0.00710437
0.00742475
0.0075412
0.00740634
0.000171109
0.000139997
0.000201247
0.000306901
0.000468647
0.000689527
0.000974626
0.00132995
0.00176139
0.00227367
0.00286857
0.00354206
0.00428055
0.00505745
0.00582578
0.00651902
0.00705597
0.00736977
0.00747996
0.00732999
0.00011471
7.37589e-05
0.000133739
0.000235278
0.000391168
0.000604568
0.000881219
0.00122817
0.00165291
0.00216254
0.00276195
0.00345118
0.00422218
0.00504912
0.00588269
0.00664528
0.00723356
0.00755355
0.00762723
0.00740519
-1.13583e-05
-5.89699e-05
-2.11052e-06
9.26626e-05
0.000239269
0.000441187
0.000705107
0.0010396
0.0014545
0.00196045
0.00256745
0.00328159
0.00410071
0.00500617
0.00594612
0.00682695
0.00750832
0.00784054
0.00784141
0.00749517
-0.000218338
-0.000271445
-0.000220335
-0.000135619
-2.34724e-06
0.000183387
0.000429348
0.000745888
0.00114571
0.00164392
0.00225732
0.00300138
0.00388272
0.00489301
0.00598347
0.00704224
0.00787352
0.008226
0.0080978
0.00754406
-0.000504899
-0.000563248
-0.000520439
-0.000449429
-0.000334538
-0.000171585
4.80514e-05
0.000336244
0.000708338
0.00118389
0.00178698
0.00254398
0.00347611
0.00459492
0.00586681
0.00717038
0.00823538
0.00862546
0.00829493
0.00740246
-0.00086686
-0.000930867
-0.000899
-0.000845996
-0.000755884
-0.000624695
-0.000443737
-0.000200629
0.00012129
0.000544368
0.00109799
0.0018196
0.00275026
0.00391462
0.00533026
0.00690028
0.00829571
0.00878093
0.008217
0.0068789
-0.00129846
-0.00136895
-0.00135073
-0.00132047
-0.00126255
-0.00117407
-0.00104768
-0.000872728
-0.000634457
-0.000312419
0.00012137
0.000704334
0.00148171
0.00249721
0.00379705
0.0054315
0.00716615
0.0080084
0.00749171
0.00599437
-0.00179218
-0.00187005
-0.00186774
-0.00186462
-0.00184621
-0.00181194
-0.00175777
-0.00167784
-0.00156458
-0.00140863
-0.00119951
-0.000930053
-0.000610779
-0.000263263
0.000198017
0.00110071
0.00288712
0.00488726
0.00568031
0.00538004
-0.00233879
-0.00242473
-0.00243922
-0.00246595
-0.00249242
-0.00252183
-0.00255576
-0.00259687
-0.00265126
-0.00273246
-0.00287041
-0.0031346
-0.00369105
-0.00478576
-0.00635989
-0.0073198
-0.00602043
-0.00223195
0.00186072
0.00493568
-0.00292793
-0.00302243
-0.00305225
-0.00310826
-0.00318054
-0.00327761
-0.00340852
-0.00358771
-0.00384088
-0.00421611
-0.00480726
-0.00580119
-0.00758012
-0.0106999
-0.0150685
-0.0187007
-0.0185322
-0.0132206
-0.0057939
0.00120619
-0.0035486
-0.00365059
-0.00368913
-0.00376807
-0.00388019
-0.00404004
-0.00426424
-0.00457937
-0.00503138
-0.00570338
-0.00675178
-0.00846969
-0.0113905
-0.0161683
-0.0226075
-0.0280345
-0.0293202
-0.0241497
-0.0160891
-0.00645126
-0.00419546
-0.0043055
-0.00434273
-0.00443242
-0.00456897
-0.00477363
-0.00506946
-0.00549182
-0.00609942
-0.00699505
-0.00836507
-0.0105406
-0.0140865
-0.0195141
-0.0266369
-0.0322668
-0.0342508
-0.0298021
-0.0232692
-0.0134468
-0.00485664
-0.00496196
-0.00497051
-0.00504575
-0.00518459
-0.00541116
-0.00574856
-0.00623348
-0.00692718
-0.00793253
-0.00943358
-0.0117244
-0.0153336
-0.0204942
-0.027226
-0.0317919
-0.0341337
-0.0300143
-0.02593
-0.0165385
-0.00556368
-0.00568208
-0.00564059
-0.00568376
-0.00578667
-0.00598757
-0.00631085
-0.0067927
-0.00748838
-0.00848544
-0.00994831
-0.0120759
-0.0153368
-0.0197458
-0.0252868
-0.0289132
-0.0306124
-0.0266887
-0.0248806
-0.0148296
-0.00640238
-0.00631068
-0.0061379
-0.006054
-0.00609594
-0.00627063
-0.00658337
-0.00705076
-0.00771325
-0.00863353
-0.00995851
-0.0117585
-0.0144703
-0.0179426
-0.0221543
-0.0247158
-0.0258117
-0.0218043
-0.0214155
-0.00731543
-0.00683657
-0.00727181
-0.00692596
-0.00687935
-0.00678713
-0.00681926
-0.00698206
-0.00730526
-0.00782605
-0.00858127
-0.00968341
-0.0112107
-0.0134167
-0.0161124
-0.0193736
-0.0211798
-0.0217967
-0.0175607
-0.0157306
0.00904022
-0.0102532
-0.00769659
-0.00698855
-0.00630177
-0.00613455
-0.00620659
-0.0064573
-0.00683947
-0.00737745
-0.00807797
-0.00907025
-0.0103883
-0.0122518
-0.0144173
-0.0169313
-0.018012
-0.0176966
-0.011975
-0.00372318
0.0393628
-0.00675828
-0.00979669
-0.00866889
-0.00863601
-0.00808081
-0.00773697
-0.00754926
-0.00754575
-0.00777815
-0.00821896
-0.00900916
-0.0101267
-0.0119149
-0.0140171
-0.016797
-0.0178121
-0.0170182
-0.00453099
0.0185518
0.0949686
-0.0321369
-0.00692562
-0.00537053
-0.0045618
-0.00428629
-0.00440325
-0.00479517
-0.0052478
-0.00588056
-0.00658376
-0.00764251
-0.00886877
-0.0106165
-0.012149
-0.0133145
-0.0104106
-0.000778331
0.0317794
0.0958376
0.226381
0.0001248
9.49731e-05
0.000147718
0.00024995
0.000411229
0.000633807
0.000922125
0.00128186
0.00171865
0.00223669
0.00283682
0.0035139
0.00425306
0.00502536
0.00578425
0.00646611
0.00699664
0.0073156
0.00743484
0.00730517
0.000159426
0.000128224
0.000188897
0.000293547
0.000453752
0.000672441
0.000954541
0.00130587
0.00173209
0.00223771
0.00282431
0.00348784
0.00421467
0.00497892
0.00573471
0.00641735
0.00694789
0.007261
0.00737504
0.00723
0.000102556
6.15223e-05
0.000120904
0.000221403
0.000375695
0.000586822
0.000860356
0.00120313
0.00162239
0.00212496
0.00271546
0.00339372
0.00415174
0.00496434
0.00578345
0.00653381
0.00711524
0.00743618
0.00751711
0.00730184
-2.41577e-05
-7.18497e-05
-1.56166e-05
7.80694e-05
0.000223002
0.000422533
0.000683161
0.00101321
0.00142222
0.00192049
0.00251766
0.00321954
0.00402373
0.00491219
0.00583467
0.00670064
0.00737456
0.00771124
0.00772649
0.00738973
-0.000231889
-0.000285082
-0.000234625
-0.000151044
-1.95244e-05
0.000163696
0.000406167
0.000717958
0.00111141
0.0016012
0.00220361
0.00293354
0.00379743
0.00478773
0.00585678
0.00689684
0.00771967
0.00808353
0.00798232
0.00744175
-0.000519262
-0.000577703
-0.000535561
-0.000465714
-0.000352625
-0.00019227
2.37375e-05
0.000306965
0.000672365
0.001139
0.00173034
0.00247223
0.00338589
0.00448093
0.00572643
0.00700564
0.00806007
0.00847496
0.00819233
0.00731658
-0.000882071
-0.000946172
-0.000914957
-0.000863097
-0.000774767
-0.000646153
-0.000468795
-0.000230614
8.46708e-05
0.000498939
0.00104101
0.00174763
0.00265904
0.00379981
0.00518726
0.00672742
0.00810814
0.00864167
0.00815623
0.00683333
-0.00131457
-0.00138514
-0.00136752
-0.00133832
-0.00128205
-0.00119595
-0.00107286
-0.000902347
-0.000669907
-0.000355323
6.91975e-05
0.000640959
0.00140536
0.00240672
0.00368741
0.00529465
0.00701049
0.00793
0.00751284
0.00601344
-0.00180929
-0.00188724
-0.00188542
-0.00188319
-0.00186617
-0.00183387
-0.00178237
-0.00170586
-0.00159671
-0.00144524
-0.00124013
-0.000972231
-0.000647683
-0.000282726
0.00020164
0.00110975
0.00288297
0.00495452
0.00578981
0.00542935
-0.00235711
-0.00244313
-0.00245796
-0.00248532
-0.00251279
-0.0025436
-0.00257927
-0.00262228
-0.00267819
-0.00275929
-0.00289284
-0.00314265
-0.00366213
-0.00467936
-0.006141
-0.00703889
-0.00576254
-0.00199009
0.00203127
0.00496702
-0.00294782
-0.0030424
-0.00307238
-0.00312872
-0.00320156
-0.00329934
-0.00343093
-0.00361027
-0.00386196
-0.00423172
-0.00480831
-0.0057682
-0.00747208
-0.0104444
-0.0146033
-0.0181147
-0.0180301
-0.0128716
-0.00557136
0.00129778
-0.00357059
-0.00367268
-0.00371117
-0.00379016
-0.00390242
-0.00406238
-0.00428637
-0.00460027
-0.00504855
-0.00571124
-0.00673826
-0.00840961
-0.0112332
-0.0158357
-0.0220428
-0.0274103
-0.0289013
-0.0239371
-0.0158921
-0.00628767
-0.00422023
-0.00433039
-0.00436741
-0.00445691
-0.00459329
-0.00479771
-0.00509292
-0.0055136
-0.00611703
-0.0070031
-0.00835207
-0.0104835
-0.0139388
-0.0192176
-0.0261606
-0.0318608
-0.0341234
-0.0299076
-0.0233041
-0.0133877
-0.00488502
-0.00499052
-0.00499868
-0.00507354
-0.00521209
-0.00543837
-0.00577531
-0.00625909
-0.00694997
-0.00794873
-0.00943464
-0.0116957
-0.0152405
-0.0203069
-0.0269178
-0.0315359
-0.0342539
-0.0303838
-0.0261558
-0.0166481
-0.00559605
-0.0057146
-0.0056727
-0.00571543
-0.00581814
-0.00601901
-0.00634243
-0.00682434
-0.00751945
-0.0085143
-0.00996985
-0.0120874
-0.0153187
-0.0196832
-0.0251876
-0.0289029
-0.0308821
-0.0271493
-0.0252142
-0.0150852
-0.00644073
-0.00634896
-0.00617532
-0.00609058
-0.00613222
-0.00630709
-0.00662058
-0.00708928
-0.00775334
-0.00867522
-0.00999685
-0.0118103
-0.0145154
-0.0179864
-0.0222053
-0.0248494
-0.0261325
-0.0222635
-0.0218043
-0.00766266
-0.00687488
-0.00731023
-0.00696508
-0.00691813
-0.00682633
-0.00685924
-0.00702361
-0.00734931
-0.00787342
-0.00863324
-0.00974063
-0.0112786
-0.0134948
-0.0162113
-0.0195056
-0.0213825
-0.0221316
-0.0179822
-0.0161193
0.00865248
-0.0103046
-0.00774517
-0.00703367
-0.00634455
-0.00617697
-0.00624967
-0.006502
-0.0068871
-0.00742894
-0.00813525
-0.00913309
-0.010462
-0.0123385
-0.0145297
-0.017083
-0.0182244
-0.0180006
-0.0123707
-0.00411121
0.0389325
-0.00678593
-0.0098276
-0.00870488
-0.00867282
-0.00811976
-0.00777776
-0.00759341
-0.00759314
-0.00782941
-0.00827549
-0.00907101
-0.0101982
-0.0119974
-0.0141238
-0.0169461
-0.0180278
-0.0173344
-0.00494334
0.0180971
0.094455
-0.0321804
-0.00696313
-0.0054088
-0.00460191
-0.00432709
-0.00444515
-0.00483813
-0.00529351
-0.00592951
-0.0066373
-0.00770129
-0.00893614
-0.0106978
-0.0122569
-0.0134653
-0.0106298
-0.00108049
0.0313558
0.0953615
0.22586
0.000108347
7.83243e-05
0.0001303
0.000231202
0.00039041
0.000610011
0.000894212
0.00124841
0.00167791
0.00218657
0.00277498
0.00343786
0.00416059
0.00491501
0.00565622
0.00632301
0.00684401
0.00716083
0.00728408
0.007162
0.000142722
0.000111455
0.000171366
0.00027468
0.000432802
0.000648506
0.000926495
0.00127231
0.00169129
0.0021876
0.00276253
0.00341194
0.00412218
0.00486835
0.00560612
0.00627341
0.00679461
0.00710657
0.00722609
0.00708828
8.50713e-05
4.39901e-05
0.000102576
0.000201689
0.000353823
0.000561856
0.000831114
0.00116813
0.00157976
0.00207242
0.00265035
0.00331305
0.0040525
0.00484447
0.00564267
0.00637518
0.00694644
0.00726842
0.00735963
0.00715439
-4.26839e-05
-9.04145e-05
-3.50182e-05
5.72175e-05
0.000199886
0.00039616
0.000652262
0.000976161
0.00137695
0.0018644
0.00244761
0.00313195
0.00391467
0.00477853
0.00567557
0.00651972
0.00718233
0.00752473
0.00756037
0.00723793
-0.000251591
-0.000304823
-0.000255244
-0.00017318
-4.40409e-05
0.000135737
0.000373387
0.000678563
0.00106307
0.00154092
0.00212762
0.00283728
0.00367585
0.00463701
0.00567476
0.00668739
0.00749743
0.00787626
0.0078133
0.00729292
-0.000540207
-0.000598689
-0.000557446
-0.000489159
-0.000378529
-0.000221753
-1.07886e-05
0.000265471
0.000621383
0.00107526
0.00164961
0.00236952
0.00325625
0.00431652
0.00552383
0.00676816
0.00780759
0.00825546
0.00804021
0.00719039
-0.000904293
-0.000968431
-0.000938098
-0.000887776
-0.000801888
-0.00067684
-0.000504522
-0.000273313
3.24783e-05
0.000434
0.000959201
0.00164378
0.00252694
0.00363349
0.0049813
0.00648128
0.00784432
0.00844281
0.00806331
0.00676611
-0.00133813
-0.00140873
-0.00139191
-0.00136413
-0.00131012
-0.00122733
-0.0011089
-0.000944729
-0.00072074
-0.000417125
-6.42445e-06
0.000548503
0.00129364
0.00227544
0.0035325
0.00511045
0.00681109
0.00783314
0.00753911
0.00604168
-0.00183436
-0.0019123
-0.00191114
-0.00191009
-0.00189496
-0.00186542
-0.00181771
-0.00174614
-0.00164308
-0.00149844
-0.00129969
-0.00103471
-0.0007026
-0.000309924
0.000217443
0.00115798
0.00293467
0.00509055
0.00595797
0.00550521
-0.00238399
-0.00246999
-0.00248526
-0.00251344
-0.00254227
-0.002575
-0.00261316
-0.00265897
-0.00271732
-0.00279875
-0.00292662
-0.00315624
-0.00362212
-0.00452402
-0.00581006
-0.0065816
-0.00529959
-0.00155249
0.00232291
0.00502558
-0.00297709
-0.00307164
-0.00310178
-0.00315851
-0.00323204
-0.00333078
-0.00346332
-0.00364297
-0.00389283
-0.00425521
-0.00481151
-0.00572293
-0.0073189
-0.0100775
-0.0139258
-0.0172188
-0.017175
-0.012196
-0.00513966
0.00147911
-0.0036031
-0.00370516
-0.00374354
-0.00382247
-0.00393481
-0.00409484
-0.00431848
-0.00463069
-0.0050739
-0.00572377
-0.00672097
-0.00832676
-0.0110138
-0.0153701
-0.0212463
-0.0264767
-0.0281543
-0.023408
-0.0154308
-0.00594627
-0.00425714
-0.00436727
-0.0044039
-0.00449296
-0.00462896
-0.00483291
-0.00512717
-0.00554549
-0.00614325
-0.00701637
-0.00833672
-0.0104081
-0.0137406
-0.0188218
-0.0255229
-0.0312371
-0.0338864
-0.0299306
-0.0232303
-0.0132016
-0.00492779
-0.00503331
-0.00504082
-0.00511492
-0.00525284
-0.00547854
-0.00581472
-0.00629695
-0.00698416
-0.00797452
-0.00944117
-0.0116638
-0.015128
-0.020085
-0.0265759
-0.0314122
-0.0345117
-0.0309374
-0.0264478
-0.0167536
-0.00564556
-0.00576406
-0.00572146
-0.00576329
-0.00586543
-0.00606603
-0.00638951
-0.00687161
-0.00756639
-0.0085594
-0.0100076
-0.0121135
-0.0153153
-0.019636
-0.025138
-0.0290337
-0.0314115
-0.027891
-0.0257225
-0.0154367
-0.00650058
-0.00640829
-0.00623318
-0.00614679
-0.00618767
-0.00636252
-0.00667692
-0.00714759
-0.00781454
-0.00874041
-0.0100631
-0.0118894
-0.0145962
-0.0180796
-0.0223377
-0.0251293
-0.0266926
-0.0229763
-0.0223935
-0.00815077
-0.00693599
-0.00737097
-0.00702709
-0.00697909
-0.00688747
-0.00692112
-0.00708752
-0.0074169
-0.00794636
-0.00871387
-0.00983049
-0.0113841
-0.0136194
-0.0163718
-0.0197263
-0.0217124
-0.0226514
-0.0185877
-0.0166709
0.00810709
-0.0103891
-0.00782375
-0.00710676
-0.00641311
-0.00624453
-0.00631774
-0.00657227
-0.00696162
-0.00750951
-0.00822518
-0.00923117
-0.0105777
-0.0124747
-0.0147051
-0.0173189
-0.0185468
-0.0184523
-0.0129099
-0.00463176
0.0383202
-0.00683219
-0.00987793
-0.00876386
-0.00873229
-0.00818231
-0.00784306
-0.00766299
-0.00766796
-0.00791032
-0.0083649
-0.0091689
-0.0103113
-0.0121279
-0.0142902
-0.0171735
-0.018346
-0.0177841
-0.0055064
0.0174836
0.0936937
-0.0322533
-0.00702677
-0.00547391
-0.00466949
-0.004395
-0.00451393
-0.00490805
-0.00536726
-0.00600794
-0.00672301
-0.00779512
-0.00904362
-0.0108262
-0.0124248
-0.0136954
-0.010955
-0.00152068
0.0307521
0.0946791
0.225036
8.80135e-05
5.79097e-05
0.00010906
0.0002085
0.000365353
0.000581514
0.000860905
0.00120857
0.00162939
0.0021268
0.002701
0.00334655
0.00404908
0.00478131
0.00550044
0.0061483
0.00665723
0.00697129
0.00709959
0.00698733
0.000121872
9.07039e-05
0.00014978
0.000251621
0.000407378
0.000619648
0.000892858
0.00123219
0.00164259
0.00212776
0.00268859
0.00332076
0.00401057
0.00473435
0.00544956
0.00609751
0.00660675
0.00691707
0.00704336
0.00691496
6.30032e-05
2.20713e-05
7.97762e-05
0.000177362
0.000327048
0.000531527
0.00079582
0.00112606
0.00152865
0.00200942
0.00257209
0.00321573
0.00393214
0.00469829
0.00547003
0.00617972
0.0067376
0.00706032
0.00716416
0.0069722
-6.63063e-05
-0.000113852
-5.93908e-05
3.12416e-05
0.000171339
0.000363866
0.000614702
0.000931353
0.00132233
0.00179671
0.00236284
0.00302544
0.00378123
0.00461399
0.00547844
0.00629421
0.00694136
0.00728961
0.0073501
0.00704736
-0.000276883
-0.000329907
-0.000281317
-0.000200938
-7.4515e-05
0.00010128
0.000333282
0.000630603
0.00100434
0.00146762
0.00203491
0.0027192
0.00352556
0.00444938
0.00544652
0.00642307
0.00721512
0.00760995
0.00759365
0.00710202
-0.0005672
-0.000625454
-0.000585232
-0.000518686
-0.000410884
-0.00025828
-5.32816e-05
0.000214612
0.000558955
0.000997021
0.00155001
0.00224186
0.00309385
0.00410886
0.00526647
0.00646536
0.00748416
0.00796798
0.00783442
0.00702351
-0.000932997
-0.000996877
-0.00096755
-0.000918952
-0.000835889
-0.000715035
-0.00054874
-0.000326007
-3.19599e-05
0.000353506
0.000857074
0.00151297
0.00235907
0.00342027
0.00471681
0.00616658
0.00750892
0.00817846
0.00792433
0.00667021
-0.00136861
-0.00143891
-0.00142301
-0.00139681
-0.00134543
-0.00126656
-0.00115374
-0.000997393
-0.000784062
-0.000494631
-0.000102286
0.000429669
0.00114802
0.00210309
0.00333045
0.00487962
0.00657334
0.00770289
0.0075443
0.00606279
-0.00186681
-0.00194441
-0.00194398
-0.0019442
-0.00193128
-0.00190501
-0.0018619
-0.00179653
-0.00170137
-0.00156606
-0.00137681
-0.00111789
-0.000779415
-0.000353936
0.000232646
0.00123708
0.00304546
0.00527429
0.00615255
0.00559107
-0.00241886
-0.00250445
-0.00252017
-0.00254919
-0.00257954
-0.00261452
-0.0026557
-0.00270514
-0.00276699
-0.00284987
-0.00297246
-0.00317956
-0.00358189
-0.00434226
-0.00540208
-0.00597509
-0.00463569
-0.000926515
0.00271561
0.00510088
-0.00301516
-0.00310923
-0.00313948
-0.00319648
-0.0032707
-0.00337046
-0.00350414
-0.00368432
-0.00393238
-0.00428663
-0.00481951
-0.00567337
-0.00713954
-0.00963793
-0.0130981
-0.0160676
-0.0159612
-0.0111391
-0.00448213
0.00174767
-0.00364563
-0.00374716
-0.00378527
-0.00386388
-0.00397608
-0.00413598
-0.00435909
-0.00466928
-0.00510658
-0.00574149
-0.00670356
-0.00823141
-0.0107565
-0.0148205
-0.0202951
-0.0252851
-0.0270052
-0.0224016
-0.0146293
-0.00537905
-0.00430587
-0.0044154
-0.00445139
-0.00453958
-0.00467478
-0.00487784
-0.00517071
-0.00558611
-0.00617716
-0.00703513
-0.00832236
-0.0103239
-0.0135161
-0.018376
-0.0248035
-0.0305158
-0.03347
-0.0297325
-0.0229523
-0.0127912
-0.00498512
-0.00509001
-0.0050965
-0.00516924
-0.00530594
-0.00553051
-0.00586543
-0.00634565
-0.00702865
-0.0080096
-0.00945526
-0.0116366
-0.0150162
-0.019864
-0.0262593
-0.0313937
-0.0349034
-0.0316129
-0.0267683
-0.0167666
-0.00571332
-0.00583102
-0.00578732
-0.00582742
-0.00592824
-0.00612795
-0.00645109
-0.0069333
-0.00762811
-0.00862008
-0.0100625
-0.0121609
-0.0153527
-0.0196214
-0.025196
-0.0293843
-0.0322703
-0.0289267
-0.0264303
-0.0158218
-0.0065847
-0.00649073
-0.0063134
-0.0062241
-0.00626329
-0.0064374
-0.00675239
-0.00722533
-0.00789638
-0.00882861
-0.0101573
-0.0119995
-0.0147219
-0.0182375
-0.0225877
-0.0256071
-0.0275451
-0.0239472
-0.0232162
-0.00873115
-0.00702544
-0.00745847
-0.00711658
-0.00706595
-0.00697355
-0.00700716
-0.00717541
-0.0075092
-0.00804595
-0.00882461
-0.009954
-0.0115297
-0.0137938
-0.0165976
-0.0200446
-0.0221802
-0.0233599
-0.0193519
-0.0173789
0.00744254
-0.0105163
-0.0079398
-0.00721541
-0.00651381
-0.00634303
-0.00641582
-0.00667235
-0.00706679
-0.00762319
-0.00835462
-0.00936558
-0.0107389
-0.0126642
-0.014945
-0.0176371
-0.0189716
-0.0190352
-0.0135534
-0.0052415
0.0375534
-0.00690897
-0.00995665
-0.00885544
-0.00882239
-0.00827579
-0.00793934
-0.00776374
-0.0077756
-0.00802643
-0.00849372
-0.00930897
-0.0104728
-0.0123124
-0.0145194
-0.0174747
-0.0187512
-0.0183391
-0.00615436
0.0167836
0.0926781
-0.0323686
-0.00713041
-0.00558024
-0.00477793
-0.00450191
-0.00461992
-0.00501393
-0.00547717
-0.00612369
-0.00684883
-0.00793251
-0.00919966
-0.0110089
-0.012656
-0.0140025
-0.0113742
-0.00208064
0.0300003
0.0938119
0.223832
6.51378e-05
3.53757e-05
8.58283e-05
0.000183924
0.000338438
0.000551082
0.000825477
0.00116626
0.00157783
0.00206309
0.00262179
0.00324819
0.00392805
0.00463541
0.00532945
0.00595561
0.00645061
0.00676157
0.00689581
0.00679557
9.78501e-05
6.72705e-05
0.000125574
0.000226042
0.000379463
0.000588269
0.000856582
0.00118919
0.00159055
0.0020638
0.00260937
0.0032226
0.00388987
0.00458831
0.00527782
0.00590347
0.00639876
0.00670703
0.00684103
0.0067242
3.70758e-05
-3.11713e-06
5.37489e-05
0.000149914
0.000297195
0.000498111
0.000757344
0.00108058
0.00147363
0.00194169
0.00248778
0.0031104
0.00380098
0.00453764
0.00527881
0.00596167
0.00650333
0.00682618
0.00694412
0.00676877
-9.45085e-05
-0.000141196
-8.76498e-05
1.48692e-06
0.000139057
0.000327831
0.000573295
0.000882422
0.00126302
0.00172332
0.00227069
0.00290895
0.00363397
0.00443086
0.00525691
0.00603842
0.00666584
0.00701892
0.00710671
0.00682952
-0.000307354
-0.00035943
-0.000311822
-0.000233027
-0.000109293
6.24814e-05
0.000288671
0.000577749
0.000939962
0.00138734
0.001933
0.00258875
0.00335995
0.00423752
0.00518538
0.00611734
0.00688517
0.00729441
0.0073291
0.00687618
-0.000599867
-0.000657091
-0.000617898
-0.000553003
-0.000448031
-0.000299694
-0.000100922
0.000158053
0.000489792
0.000910237
0.00143888
0.00209775
0.00290622
0.00386836
0.00496537
0.00610761
0.00709794
0.0076155
0.00757041
0.00681472
-0.000967801
-0.00103056
-0.00100226
-0.000955304
-0.000875099
-0.000758588
-0.000598674
-0.000385135
-0.00010414
0.000263018
0.000741257
0.00136272
0.00216336
0.00316761
0.00439967
0.00578629
0.00710044
0.00783778
0.00771718
0.00652992
-0.00140559
-0.00147467
-0.0014597
-0.00143499
-0.00138629
-0.00131152
-0.00120472
-0.00105702
-0.000855836
-0.000583142
-0.000213323
0.000289158
0.000971383
0.00188864
0.00307341
0.00458617
0.00627281
0.00750355
0.00748442
0.00604055
-0.0019062
-0.00198244
-0.00198274
-0.00198413
-0.0019734
-0.00195055
-0.00191244
-0.00185406
-0.00176825
-0.0016447
-0.00146875
-0.00122137
-0.000883317
-0.000431004
0.000214599
0.00129956
0.0031438
0.0054407
0.00631434
0.00564154
-0.00246121
-0.00254528
-0.00256142
-0.00259108
-0.00262285
-0.00266013
-0.00270458
-0.00275821
-0.00282464
-0.00291068
-0.00303039
-0.00321734
-0.00355638
-0.00417071
-0.00498871
-0.00532483
-0.00385548
-0.00015883
0.00315832
0.0051619
-0.00306146
-0.00315385
-0.00318409
-0.00324105
-0.00331572
-0.00341634
-0.00355112
-0.00373201
-0.00397865
-0.0043252
-0.00483455
-0.00562861
-0.00695762
-0.00918037
-0.0122243
-0.0147869
-0.0144584
-0.00966665
-0.00355301
0.00211014
-0.0036976
-0.00379728
-0.00383492
-0.00391274
-0.00402435
-0.00418369
-0.0044059
-0.00471376
-0.00514477
-0.00576382
-0.00668847
-0.00813287
-0.0104846
-0.0142392
-0.0192699
-0.0238979
-0.0254159
-0.0207027
-0.013254
-0.00448076
-0.00436596
-0.00447338
-0.00450841
-0.00459505
-0.00472874
-0.00493021
-0.00522102
-0.00563284
-0.00621638
-0.00705781
-0.00830916
-0.0102351
-0.0132792
-0.0179076
-0.0240335
-0.029668
-0.0327245
-0.0289042
-0.0220284
-0.0119259
-0.00505708
-0.0051596
-0.00516467
-0.00523511
-0.00536961
-0.00559205
-0.00592481
-0.00640226
-0.00708036
-0.00805105
-0.00947453
-0.0116112
-0.0149018
-0.0196483
-0.02595
-0.0313949
-0.035252
-0.0319887
-0.0267022
-0.0164478
-0.0058006
-0.00591541
-0.00587017
-0.00590718
-0.00600535
-0.00620288
-0.00652467
-0.00700638
-0.00770115
-0.00869233
-0.0101302
-0.0122196
-0.0153853
-0.0196759
-0.0253443
-0.0299166
-0.0334064
-0.030035
-0.0270305
-0.0160695
-0.00669662
-0.0065983
-0.00641802
-0.00632389
-0.00635968
-0.00653143
-0.0068458
-0.00732048
-0.00799617
-0.0089363
-0.0102751
-0.012136
-0.0148818
-0.0184579
-0.0229482
-0.026282
-0.0286832
-0.0250498
-0.024022
-0.00928474
-0.0071527
-0.00757983
-0.00724073
-0.00718423
-0.00708861
-0.00711987
-0.00728846
-0.00762625
-0.00817127
-0.00896325
-0.0101116
-0.0117144
-0.0140132
-0.0168786
-0.0204429
-0.0227677
-0.024238
-0.0201383
-0.0179811
0.00674312
-0.0106996
-0.00810355
-0.00737143
-0.00665733
-0.00648221
-0.00655221
-0.00680901
-0.00720771
-0.00777276
-0.00851774
-0.00955142
-0.010952
-0.0129091
-0.015244
-0.0180225
-0.0194755
-0.0197067
-0.0141342
-0.00570133
0.0366655
-0.00704635
-0.0100847
-0.0089995
-0.0089594
-0.00841455
-0.00807892
-0.00790658
-0.00792566
-0.00818645
-0.00866984
-0.00950331
-0.0106934
-0.0125578
-0.0148089
-0.0178263
-0.019197
-0.0189005
-0.00676879
0.0161547
0.0913662
-0.0325535
-0.00730446
-0.00575901
-0.00495515
-0.00467163
-0.00478321
-0.00517307
-0.00563897
-0.00629131
-0.00702985
-0.00812844
-0.0094206
-0.0112556
-0.0129541
-0.0143697
-0.0118686
-0.00272381
0.0291217
0.0927602
0.222055
4.13668e-05
1.29324e-05
6.30212e-05
0.000160147
0.000312625
0.000522063
0.000791792
0.00112604
0.00152867
0.002002
0.00254525
0.0031523
0.003809
0.00449036
0.00515796
0.00576105
0.00624122
0.00654916
0.00669033
0.00660457
7.15769e-05
4.27038e-05
0.000100408
0.000199832
0.000351252
0.000556999
0.000820895
0.00114731
0.00154017
0.00200203
0.00253267
0.00312703
0.00377168
0.00444371
0.00510621
0.00570808
0.00618829
0.00649438
0.00663677
0.00653405
7.81441e-06
-3.02578e-05
2.59083e-05
0.000121001
0.000266253
0.000464075
0.000718809
0.00103566
0.00141982
0.00187571
0.00240556
0.00300714
0.00367114
0.00437688
0.00508528
0.00573868
0.0062619
0.00658411
0.00671688
0.00656207
-0.000127037
-0.000171297
-0.000118556
-3.05539e-05
0.00010489
0.00029042
0.000531122
0.000833394
0.00120428
0.00165102
0.00217979
0.00279335
0.00348708
0.00424465
0.0050281
0.00577035
0.00637344
0.00672928
0.00684523
0.00660066
-0.000342851
-0.000392268
-0.000345554
-0.000267976
-0.000146531
2.17238e-05
0.000242687
0.000524141
0.000875378
0.00130714
0.00183089
0.0024567
0.00318861
0.00401664
0.00490799
0.00578624
0.00652104
0.0069399
0.0070274
0.00662658
-0.000638049
-0.000692419
-0.00065418
-0.000590581
-0.000488068
-0.000343548
-0.000150505
0.000100022
0.000419452
0.000822145
0.00132549
0.00194892
0.00270922
0.00360951
0.00463312
0.00570276
0.00664894
0.00719091
0.0072393
0.00656383
-0.0010085
-0.0010682
-0.00104087
-0.000995216
-0.000917539
-0.000804997
-0.000651096
-0.000446495
-0.000178612
0.000169507
0.000620395
0.00120308
0.00195084
0.00289041
0.00403101
0.00532691
0.00658706
0.0073759
0.00740211
0.00632217
-0.0014488
-0.00151458
-0.0015005
-0.00147696
-0.00143064
-0.00135966
-0.00125867
-0.00111959
-0.000931024
-0.000676525
-0.000332581
0.000133684
0.000766843
0.00161985
0.00273524
0.00417187
0.00581439
0.00711716
0.00726991
0.00591396
-0.00195215
-0.00202481
-0.0020258
-0.00202802
-0.0020192
-0.00199949
-0.00196625
-0.00191504
-0.00183938
-0.00172961
-0.00157137
-0.00134418
-0.00102247
-0.000570833
9.52939e-05
0.00119575
0.00307343
0.00540044
0.00630602
0.00556964
-0.00251052
-0.00259068
-0.00260717
-0.00263707
-0.00266994
-0.0027092
-0.00275679
-0.00281484
-0.00288673
-0.00297811
-0.00309953
-0.00327489
-0.00356505
-0.00406129
-0.0047018
-0.0048651
-0.00327846
0.000454259
0.00345699
0.00512108
-0.00311532
-0.00320339
-0.00323351
-0.00328993
-0.00336457
-0.00346562
-0.00360124
-0.00378289
-0.00402872
-0.00436912
-0.00485802
-0.00559762
-0.0067973
-0.00876048
-0.011433
-0.0136606
-0.0131031
-0.00818103
-0.00262216
0.00242538
-0.00375814
-0.00385309
-0.00389008
-0.00396644
-0.00407676
-0.00423486
-0.00445558
-0.00476076
-0.00518539
-0.00578874
-0.00667605
-0.00803689
-0.010217
-0.0136508
-0.0182353
-0.0224956
-0.0236669
-0.0185429
-0.0115504
-0.00340728
-0.00443641
-0.00453844
-0.00457218
-0.00465635
-0.00478753
-0.00498637
-0.00527418
-0.00568158
-0.00625678
-0.00708045
-0.00829332
-0.0101385
-0.0130212
-0.0173882
-0.0231628
-0.0286096
-0.0315583
-0.0273198
-0.0205248
-0.0105966
-0.00514293
-0.00523942
-0.0052427
-0.00530962
-0.00544044
-0.00565922
-0.00598839
-0.00646178
-0.00713376
-0.00809245
-0.0094907
-0.0115747
-0.0147623
-0.0193753
-0.025534
-0.031211
-0.0353926
-0.0319791
-0.0264036
-0.0157163
-0.0059076
-0.00601514
-0.00596791
-0.00599988
-0.00609334
-0.00628666
-0.00660535
-0.00708513
-0.00777883
-0.00876784
-0.0101994
-0.0122749
-0.0154119
-0.0197041
-0.0254487
-0.0304465
-0.0347529
-0.0312371
-0.0278613
-0.0160482
-0.00683898
-0.00673092
-0.00654727
-0.00644582
-0.00647555
-0.00664217
-0.00695351
-0.00742815
-0.00810779
-0.00905521
-0.0104048
-0.0122845
-0.0150518
-0.01869
-0.0233463
-0.0270933
-0.0301078
-0.0264116
-0.0253664
-0.00964188
-0.0073336
-0.00774422
-0.00740735
-0.00733863
-0.00723507
-0.00725976
-0.00742573
-0.00776574
-0.00831916
-0.00912572
-0.010296
-0.0119303
-0.0142604
-0.0171821
-0.0208703
-0.0234457
-0.0253606
-0.0211838
-0.0192162
0.00610823
-0.0109515
-0.00832648
-0.00759199
-0.0068608
-0.00667709
-0.00673821
-0.00699023
-0.00738962
-0.00796267
-0.00872108
-0.00978772
-0.0112173
-0.0132067
-0.0155851
-0.0184456
-0.0200402
-0.0205331
-0.0148735
-0.00667294
0.0356627
-0.00732015
-0.0103166
-0.00924196
-0.00918027
-0.00862855
-0.00828495
-0.00810969
-0.00813221
-0.00840347
-0.00890565
-0.00976622
-0.010985
-0.0128736
-0.0151485
-0.0182016
-0.019665
-0.0195406
-0.00738126
0.01524
0.089708
-0.0328564
-0.00760632
-0.00606725
-0.00525053
-0.00494633
-0.00503869
-0.00541659
-0.00587937
-0.00653812
-0.00729098
-0.00841237
-0.00973031
-0.0115912
-0.0133188
-0.0147821
-0.0123624
-0.00344318
0.0281334
0.0911762
0.219403
1.93495e-05
-5.41072e-06
4.50768e-05
0.000141936
0.000292948
0.000499796
0.000765631
0.0010943
0.00148918
0.00195198
0.00248131
0.00307061
0.0037057
0.00436235
0.00500443
0.00558497
0.00605073
0.00635647
0.00650579
0.00643804
4.42274e-05
1.94746e-05
7.68726e-05
0.000175774
0.000325783
0.000529259
0.000789796
0.00111138
0.00149744
0.00194991
0.0024679
0.00304577
0.00367022
0.00431788
0.00495499
0.00553401
0.00599958
0.00630402
0.00645537
0.00637054
-2.40944e-05
-5.71295e-05
-1.44686e-06
9.30994e-05
0.00023696
0.000432576
0.000684014
0.000996035
0.00137323
0.00181925
0.00233542
0.00291866
0.00355879
0.00423551
0.00491245
0.00553664
0.00604097
0.00636221
0.00650987
0.00638088
-0.000163406
-0.000201984
-0.00014989
-6.2488e-05
7.15034e-05
0.000254746
0.000491991
0.000789106
0.00115239
0.00158807
0.00210105
0.00269274
0.00335749
0.00407787
0.00481893
0.00552028
0.00609602
0.00645229
0.00659564
0.00639199
-0.000382842
-0.000426093
-0.000380139
-0.000303242
-0.000183408
-1.77071e-05
0.00019935
0.000474897
0.000817298
0.00123598
0.00174062
0.00233916
0.00303359
0.00381249
0.00464534
0.005464
0.00615702
0.00657801
0.00671717
0.00638418
-0.000681037
-0.00072883
-0.000691437
-0.000628611
-0.000527913
-0.000386299
-0.000197746
4.59371e-05
0.000355039
0.000742271
0.00122268
0.00181257
0.0025252
0.00336226
0.00430268
0.00528442
0.00616478
0.00671225
0.00685756
0.00629382
-0.00105414
-0.00110686
-0.00108041
-0.00103557
-0.000959841
-0.000850464
-0.000701505
-0.000504491
-0.000248117
8.26648e-05
0.00050754
0.00105132
0.00174251
0.00260443
0.00363697
0.0048079
0.00596561
0.00676858
0.00696641
0.00604428
-0.00149701
-0.00155533
-0.00154208
-0.00151926
-0.0014748
-0.00140696
-0.00131094
-0.00117953
-0.0010026
-0.000765605
-0.000447885
-2.07396e-05
0.000554676
0.00132547
0.00233721
0.00361983
0.00512671
0.00644337
0.00684512
0.00562948
-0.0020031
-0.00206774
-0.00206938
-0.00207198
-0.00206462
-0.00204755
-0.00201863
-0.0019741
-0.0019084
-0.00181305
-0.00167519
-0.00147562
-0.00118784
-0.000773614
-0.000155335
0.000855556
0.00254594
0.00477823
0.00591799
0.00520873
-0.00256476
-0.00263625
-0.00265305
-0.00268275
-0.00271627
-0.00275711
-0.00280754
-0.00286999
-0.00294792
-0.00304647
-0.00317413
-0.00334785
-0.00360788
-0.00401766
-0.00454791
-0.00471003
-0.00333657
0.000253618
0.00324897
0.00466253
-0.00317405
-0.00325262
-0.00328252
-0.00333786
-0.00341199
-0.00351306
-0.00364934
-0.00383202
-0.00407806
-0.00441454
-0.00488732
-0.00557932
-0.00665424
-0.00836137
-0.0107469
-0.0128449
-0.0122685
-0.00718164
-0.00194118
0.00237419
-0.00382371
-0.00390824
-0.00394445
-0.00401867
-0.00412698
-0.00428321
-0.00450215
-0.00480479
-0.00522377
-0.00581239
-0.0066625
-0.00793477
-0.00991913
-0.0129936
-0.0170967
-0.0209972
-0.0216758
-0.0160171
-0.00944938
-0.00226053
-0.00451245
-0.0046025
-0.00463463
-0.00471531
-0.0048429
-0.00503819
-0.00532236
-0.00572506
-0.00629183
-0.00709658
-0.00826554
-0.0100139
-0.0126913
-0.0166869
-0.0219352
-0.0269348
-0.0293234
-0.024338
-0.0176597
-0.00835886
-0.00523698
-0.00531995
-0.00532117
-0.00538322
-0.00550855
-0.00572192
-0.00604604
-0.00651431
-0.00717922
-0.00812321
-0.00948837
-0.0115015
-0.0145245
-0.0188634
-0.0246243
-0.0301703
-0.0342643
-0.0303627
-0.0242923
-0.0135978
-0.00602775
-0.0061182
-0.00606846
-0.00609281
-0.00617899
-0.00636572
-0.00667946
-0.00715591
-0.00784784
-0.00883223
-0.0102514
-0.0122999
-0.0153483
-0.0195142
-0.0251245
-0.0303657
-0.0351901
-0.0313313
-0.0268641
-0.0148442
-0.00700736
-0.00687843
-0.00669106
-0.00657932
-0.00659868
-0.00675586
-0.0070607
-0.00753289
-0.0082162
-0.00916927
-0.0105237
-0.0124277
-0.0151741
-0.0188081
-0.023542
-0.0276473
-0.0311897
-0.0271299
-0.0250175
-0.00939007
-0.007582
-0.0079504
-0.00761083
-0.00751896
-0.00739997
-0.00741189
-0.00757103
-0.00791079
-0.00847416
-0.00929829
-0.0104901
-0.0121591
-0.0145074
-0.0174454
-0.0211988
-0.0239865
-0.0262146
-0.0216997
-0.0187295
0.00548387
-0.0112734
-0.00861092
-0.00788758
-0.00713724
-0.00693404
-0.0069739
-0.00721111
-0.00760432
-0.00818517
-0.00896004
-0.0100629
-0.0115273
-0.0135486
-0.0159416
-0.0188349
-0.0205096
-0.0211097
-0.0149992
-0.0061067
0.0341537
-0.00790769
-0.0107388
-0.00964493
-0.00951931
-0.00893646
-0.0085654
-0.00837468
-0.00839455
-0.00867628
-0.00920206
-0.0100986
-0.0113505
-0.0132605
-0.0155167
-0.0185024
-0.0198785
-0.0195912
-0.0073613
0.0153188
0.086731
-0.0334265
-0.00819012
-0.00664948
-0.00576749
-0.00540004
-0.005445
-0.00579344
-0.00624059
-0.00690038
-0.00766832
-0.00881676
-0.0101641
-0.0120365
-0.0137621
-0.0151946
-0.012839
-0.00402916
0.0270539
0.0893756
0.213754
9.01512e-07
-1.76757e-05
3.37857e-05
0.000130895
0.00028099
0.000486004
0.000748986
0.00107346
0.00146234
0.0019168
0.00243484
0.00300941
0.00362619
0.00426143
0.00488119
0.00544169
0.00589466
0.00619942
0.00635801
0.00631251
1.65457e-05
-1.04385e-06
5.6106e-05
0.000154867
0.000304043
0.000506139
0.000764571
0.001083
0.00146442
0.00191021
0.00241883
0.002984
0.00359218
0.00421945
0.00483558
0.00539496
0.00584785
0.00615159
0.00631209
0.00624995
-5.80389e-05
-8.22265e-05
-2.7061e-05
6.73319e-05
0.000210436
0.000404839
0.000654382
0.000963438
0.00133607
0.00177518
0.00228123
0.00285021
0.00347105
0.00412274
0.00477269
0.00537059
0.00585732
0.00617781
0.00633958
0.00624304
-0.000202953
-0.000231584
-0.000180232
-9.30257e-05
4.01886e-05
0.000222209
0.000457501
0.000751461
0.00110973
0.00153756
0.00203862
0.00261292
0.00325362
0.00394313
0.0046439
0.00530584
0.00585335
0.00620752
0.00637565
0.00622348
-0.000426551
-0.000459082
-0.000414015
-0.000337388
-0.000218482
-5.42608e-05
0.000160408
0.000432075
0.00076826
0.00117714
0.00166665
0.00224238
0.002904
0.00363898
0.0044138
0.0051712
0.00581576
0.00622969
0.00641392
0.006171
-0.000727957
-0.000764414
-0.000728021
-0.00066558
-0.000566047
-0.000426323
-0.000240832
-2.09302e-06
0.000299129
0.000673946
0.001135
0.00169505
0.00236324
0.00313748
0.00398992
0.00487448
0.00566659
0.00619031
0.00642047
0.00602629
-0.00110381
-0.00114461
-0.00111924
-0.00107487
-0.0010005
-0.000893396
-0.000748151
-0.000557139
-0.000310301
5.44988e-06
0.000406714
0.000913507
0.0015474
0.00232468
0.00324375
0.00424683
0.00523955
0.00597058
0.00633297
0.00571814
-0.00154926
-0.00159504
-0.00158287
-0.00156047
-0.0015174
-0.00145196
-0.00135999
-0.00123519
-0.00106875
-0.000848289
-0.000556538
-0.000170335
0.000340373
0.00101121
0.00187264
0.0029321
0.00414322
0.00528928
0.00601827
0.00522509
-0.00205804
-0.00210943
-0.00211201
-0.00211476
-0.00210848
-0.00209353
-0.00206839
-0.00203017
-0.00197446
-0.00189451
-0.00178007
-0.00161569
-0.00137903
-0.00103746
-0.000535155
0.00026171
0.00160912
0.00357541
0.00515022
0.00466821
-0.00262282
-0.00268028
-0.00269772
-0.002727
-0.00276088
-0.00280295
-0.00285607
-0.00292328
-0.00300857
-0.00311736
-0.00325743
-0.00344126
-0.00369112
-0.00403246
-0.00442765
-0.0045645
-0.00337335
-0.00022089
0.00279422
0.0040111
-0.00323621
-0.00329983
-0.00332985
-0.00338389
-0.00345716
-0.00355799
-0.00369504
-0.00387964
-0.00412815
-0.00446509
-0.00492881
-0.00558169
-0.00653084
-0.00791324
-0.00968605
-0.0113979
-0.0109231
-0.00673286
-0.00182482
0.00212676
-0.00389241
-0.00396088
-0.00399672
-0.00406853
-0.00417427
-0.00432816
-0.00454529
-0.0048463
-0.00526183
-0.00583915
-0.0066546
-0.00783068
-0.00956408
-0.0120927
-0.0153302
-0.0184557
-0.019008
-0.0138848
-0.00761275
-0.00109607
-0.00459148
-0.0046631
-0.00469385
-0.00477053
-0.00489364
-0.00508455
-0.00536462
-0.00576284
-0.00632228
-0.00710832
-0.00822729
-0.00984156
-0.0122035
-0.0155474
-0.0197815
-0.0238654
-0.0257092
-0.0204839
-0.0141966
-0.00544274
-0.00533537
-0.0053981
-0.00539789
-0.00545436
-0.00557242
-0.00577843
-0.00609566
-0.00655727
-0.00721486
-0.00814005
-0.00945814
-0.0113381
-0.0140619
-0.0178197
-0.0226461
-0.0274882
-0.0312615
-0.0271045
-0.0216393
-0.0104889
-0.0061544
-0.00621837
-0.00616739
-0.0061827
-0.00625924
-0.00643663
-0.00674286
-0.00721355
-0.00790175
-0.00887407
-0.0102591
-0.0122215
-0.0150361
-0.0188415
-0.0238417
-0.028984
-0.034373
-0.0308567
-0.026667
-0.0131443
-0.00719234
-0.00703144
-0.00684266
-0.00671978
-0.00672443
-0.00686717
-0.00716089
-0.00762707
-0.00831142
-0.00925905
-0.0106133
-0.0124846
-0.0151154
-0.0185637
-0.023072
-0.0274582
-0.0321143
-0.0284042
-0.026865
-0.00900913
-0.00789758
-0.00820445
-0.00785259
-0.00772851
-0.00758622
-0.0075775
-0.00772322
-0.00805658
-0.0086297
-0.00944767
-0.0106742
-0.0123482
-0.0146567
-0.0175135
-0.0211915
-0.0242233
-0.0274171
-0.0231479
-0.0220424
0.00530229
-0.0116094
-0.00892256
-0.00825257
-0.0075002
-0.00726174
-0.00726218
-0.00747013
-0.0078446
-0.00842545
-0.0092176
-0.010356
-0.0118444
-0.0138788
-0.0162179
-0.0191052
-0.0209053
-0.0223508
-0.016411
-0.00982466
0.0330228
-0.00897999
-0.0115474
-0.0103461
-0.0101066
-0.00944264
-0.00899925
-0.00876337
-0.00875184
-0.00903059
-0.00956847
-0.0105096
-0.0117853
-0.0137186
-0.0158793
-0.0187907
-0.0201356
-0.0201289
-0.0083679
0.0120495
0.0836687
-0.0341517
-0.0090471
-0.00752233
-0.00650539
-0.00601678
-0.0059931
-0.00630787
-0.0067303
-0.00739635
-0.00817542
-0.00937106
-0.0107272
-0.0126177
-0.0142443
-0.0156153
-0.0132507
-0.00522207
0.0246662
0.0833586
0.206108
-5.16531e-06
-1.11191e-05
4.28909e-05
0.000141473
0.000291697
0.000496225
0.000758295
0.00108131
0.00146792
0.00191894
0.00243196
0.00299946
0.00360682
0.0042304
0.00483684
0.0053848
0.00582937
0.00613392
0.00629903
0.00627751
-2.61543e-06
-7.86218e-06
4.93185e-05
0.000148331
0.00029729
0.000499174
0.00075749
0.00107584
0.00145709
0.00190241
0.0024099
0.00297281
0.0035772
0.0041995
0.00480664
0.00535824
0.00580613
0.00611106
0.00627611
0.00623764
-8.25318e-05
-9.17162e-05
-3.6742e-05
5.78209e-05
0.000200659
0.000394886
0.000644448
0.000953672
0.00132651
0.00176561
0.00227098
0.002838
0.00345498
0.00410053
0.00474017
0.0053284
0.00580855
0.00613063
0.00629879
0.00623246
-0.000231316
-0.00024345
-0.000192484
-0.000105208
2.76329e-05
0.000209394
0.000444654
0.000738772
0.00109729
0.00152519
0.00202557
0.0025976
0.0032334
0.00391396
0.00460439
0.00525088
0.0057883
0.00614406
0.0063217
0.00621022
-0.000456786
-0.000471889
-0.000427257
-0.000350629
-0.000232265
-6.85567e-05
0.000145733
0.000417111
0.00075298
0.00116122
0.00164911
0.00222113
0.00287544
0.00359837
0.004357
0.005091
0.00571868
0.0061325
0.00633103
0.00614853
-0.000758862
-0.000777226
-0.000741244
-0.000678874
-0.000580107
-0.000441281
-0.000256734
-1.90513e-05
0.000280852
0.000653743
0.00111153
0.00166559
0.0023228
0.0030795
0.00391112
0.00475828
0.0055136
0.00602556
0.00627286
0.00598355
-0.00113477
-0.00115687
-0.00113183
-0.00108757
-0.00101418
-0.00090837
-0.000764709
-0.000575685
-0.000331413
-1.91886e-05
0.000376779
0.00087489
0.00149371
0.00224501
0.00312211
0.00407854
0.00499837
0.0056703
0.00603515
0.00562241
-0.00157989
-0.00160627
-0.00159425
-0.0015719
-0.0015299
-0.00146608
-0.00137627
-0.00125433
-0.0010917
-0.000876339
-0.000591639
-0.00021572
0.00027871
0.000921819
0.00173582
0.00271746
0.00379861
0.00474116
0.00538526
0.00495609
-0.00208807
-0.00211913
-0.00212155
-0.00212413
-0.00211884
-0.00210561
-0.002083
-0.0020483
-0.00199729
-0.00192335
-0.00181623
-0.0016601
-0.00143116
-0.00109435
-0.000601843
0.000114784
0.00115082
0.00247574
0.00379564
0.00384982
-0.00265216
-0.00268792
-0.00270476
-0.00273344
-0.00276798
-0.00281162
-0.00286731
-0.00293829
-0.00302857
-0.00314301
-0.0032875
-0.00346897
-0.00369414
-0.00395813
-0.00421473
-0.00428749
-0.00363916
-0.00183022
0.00079898
0.0021502
-0.00326499
-0.00330483
-0.00333364
-0.00338646
-0.00345979
-0.00356173
-0.00370107
-0.00388926
-0.00414227
-0.00448282
-0.00494365
-0.00557253
-0.0064356
-0.00758395
-0.00897705
-0.0102474
-0.0101474
-0.00727346
-0.00275489
-0.000154854
-0.00392108
-0.00396315
-0.00399735
-0.00406732
-0.00417226
-0.00432655
-0.00454542
-0.00484956
-0.00526882
-0.00584699
-0.00664863
-0.00777224
-0.00934437
-0.0114278
-0.0139215
-0.0159361
-0.0155975
-0.0109324
-0.00542867
-0.00183099
-0.00462134
-0.00466156
-0.0046895
-0.00476318
-0.00488463
-0.00507568
-0.00535755
-0.0057591
-0.00632284
-0.00711062
-0.00820436
-0.00975847
-0.0119074
-0.0146639
-0.0177444
-0.0198855
-0.0192478
-0.0137504
-0.0085483
-0.00297793
-0.00537389
-0.00539921
-0.00539768
-0.00545055
-0.005565
-0.00576916
-0.00608662
-0.00655008
-0.00721372
-0.00814418
-0.00944943
-0.0112794
-0.0137827
-0.0169206
-0.0203065
-0.0228772
-0.0235974
-0.0191143
-0.0136517
-0.00469274
-0.00620826
-0.00621351
-0.00615954
-0.00616706
-0.00624019
-0.00641731
-0.00672789
-0.00720102
-0.00790206
-0.00889135
-0.0102846
-0.012221
-0.014855
-0.0181373
-0.0218432
-0.0251468
-0.0281398
-0.0244569
-0.0184719
-0.00596198
-0.00730751
-0.00708201
-0.00688319
-0.00674886
-0.0067398
-0.00687302
-0.00716475
-0.00763349
-0.00833185
-0.00931185
-0.01069
-0.0125708
-0.0151035
-0.0182332
-0.0218934
-0.0251066
-0.0284353
-0.0244139
-0.0189801
-0.00275045
-0.00818631
-0.00827048
-0.00791398
-0.00773738
-0.00758257
-0.00756728
-0.00771893
-0.00806135
-0.00865544
-0.00953076
-0.0107961
-0.0125123
-0.0148054
-0.0175155
-0.0207089
-0.0230381
-0.0254103
-0.0199265
-0.0145761
0.00852671
-0.0120803
-0.00922388
-0.00851826
-0.00773295
-0.00741595
-0.00735488
-0.00753215
-0.00789951
-0.00849794
-0.00933714
-0.0105255
-0.0120683
-0.0141028
-0.0163237
-0.0188432
-0.0200318
-0.0210543
-0.0131308
-0.00490612
0.0320276
-0.0116047
-0.0124817
-0.0109202
-0.0103243
-0.00949443
-0.00895417
-0.00868378
-0.00868451
-0.00900465
-0.00961795
-0.0106392
-0.012002
-0.01394
-0.0159901
-0.0184364
-0.0189434
-0.0182943
-0.00562804
0.0119098
0.0754149
-0.0363624
-0.0109072
-0.00913359
-0.007557
-0.00670853
-0.00651561
-0.00671889
-0.00709205
-0.00772913
-0.00853729
-0.0097587
-0.0111457
-0.0130208
-0.0144826
-0.0156547
-0.0127769
-0.004979
0.0225779
0.0695643
0.175656
)
;

boundaryField
{
    movingWall
    {
        type            zeroGradient;
    }
    fixedWalls
    {
        type            zeroGradient;
    }
}


// ************************************************************************* //
