/*--------------------------------*- C++ -*----------------------------------*\
  =========                 |
  \\      /  F ield         | OpenFOAM: The Open Source CFD Toolbox
   \\    /   O peration     | Website:  https://openfoam.org
    \\  /    A nd           | Version:  10
     \\/     M anipulation  |
\*---------------------------------------------------------------------------*/
FoamFile
{
    format      ascii;
    class       volScalarField;
    location    "4.075";
    object      p;
}
// * * * * * * * * * * * * * * * * * * * * * * * * * * * * * * * * * * * * * //

dimensions      [0 2 -2 0 0 0 0];

internalField   nonuniform List<scalar> 
8000
(
1.15558e-07
-1.32224e-05
1.44496e-05
6.79324e-05
0.000152928
0.00027006
0.00041963
0.000601426
0.000814292
0.00105584
0.00132209
0.00160703
0.00190232
0.00219701
0.00247816
0.00273122
0.002941
0.00309336
0.00318591
0.00318663
1.34245e-05
-1.31281e-06
2.67391e-05
7.86341e-05
0.000160996
0.00027473
0.000420394
0.000598057
0.000806876
0.00104477
0.00130802
0.00159068
0.00188462
0.00217954
0.0024622
0.00271777
0.00293057
0.00308601
0.00318238
0.00318239
-2.21996e-05
-4.02407e-05
-1.35997e-05
3.6195e-05
0.000116362
0.000227965
0.000371907
0.000548705
0.000758036
0.000998349
0.00126643
0.00155715
0.00186266
0.00217193
0.00247129
0.00274471
0.00297455
0.00314364
0.00324943
0.00324783
-9.17974e-05
-0.000112592
-8.77795e-05
-4.07562e-05
3.64767e-05
0.000145315
0.000287215
0.000463403
0.000674376
0.000919484
0.0011964
0.0015006
0.00182488
0.00215853
0.00248671
0.00279116
0.00305093
0.00324446
0.00336735
0.00336658
-0.000201256
-0.000225159
-0.000202736
-0.000159171
-8.55382e-05
1.99973e-05
0.000159627
0.000335523
0.000549312
0.000801623
0.00109148
0.00141554
0.00176744
0.00213668
0.00250737
0.00285859
0.00316471
0.00339697
0.00354731
0.00354975
-0.000351916
-0.0003796
-0.000360267
-0.000321172
-0.000252322
-0.000151364
-1.52131e-05
0.000159493
0.000375849
0.000636212
0.000941504
0.00129024
0.00167766
0.00209426
0.00252323
0.00294045
0.00331401
0.00360465
0.00379729
0.00380699
-0.000545266
-0.000577589
-0.000562239
-0.000529059
-0.000466855
-0.000372725
-0.000242571
-7.16225e-05
0.000145046
0.000412062
0.000733036
0.00110945
0.00153862
0.00201336
0.00251766
0.00302413
0.00349301
0.00387032
0.00412772
0.00415301
-0.000783215
-0.00082118
-0.000810893
-0.000785514
-0.00073255
-0.000648604
-0.000528519
-0.000365965
-0.000153899
0.000115095
0.000448108
0.000850687
0.00132531
0.00186671
0.002464
0.00308716
0.00368796
0.00419343
0.00455077
0.00461002
-0.00106812
-0.0011128
-0.00110872
-0.00109336
-0.0010529
-0.000983625
-0.000879387
-0.000732281
-0.000532985
-0.000270909
6.52985e-05
0.000486657
0.00100168
0.00161479
0.00232018
0.00308991
0.00386923
0.00456344
0.00507753
0.0052122
-0.00140303
-0.00145547
-0.00145854
-0.00145545
-0.00143118
-0.00138202
-0.00130107
-0.00117904
-0.00100442
-0.000763337
-0.000439666
-1.57203e-05
0.000525587
0.00120066
0.00202136
0.00296405
0.00397667
0.00494614
0.00570916
0.00601112
-0.00179231
-0.00185322
-0.00186363
-0.00187458
-0.0018701
-0.001847
-0.00179807
-0.00171309
-0.00157888
-0.00137873
-0.00109172
-0.00069207
-0.000149081
0.000567686
0.00147178
0.00259349
0.00389254
0.00525377
0.00641512
0.00708037
-0.00224277
-0.002312
-0.00232824
-0.00235351
-0.0023714
-0.00237991
-0.00237217
-0.00233776
-0.00226289
-0.0021295
-0.00191386
-0.00158462
-0.00110095
-0.00041266
0.000539383
0.00179919
0.00340161
0.00528179
0.00705514
0.00854614
-0.0027661
-0.00284111
-0.00285828
-0.00289504
-0.00293539
-0.00297937
-0.00302101
-0.00305053
-0.00305507
-0.00301779
-0.00291601
-0.00271813
-0.00237901
-0.00183434
-0.000991863
0.000273584
0.00207727
0.004556
0.00724259
0.0103644
-0.00338428
-0.0034552
-0.00346083
-0.0035006
-0.00355995
-0.00364062
-0.00373715
-0.00384117
-0.00394268
-0.00402914
-0.00408406
-0.00408398
-0.00399287
-0.00374863
-0.00324632
-0.00230428
-0.000604854
0.0022645
0.00599225
0.0120592
-0.00413626
-0.00419518
-0.00417427
-0.00420595
-0.00426867
-0.0043717
-0.00451475
-0.00469305
-0.00490064
-0.00513197
-0.00538298
-0.00565005
-0.00592851
-0.00619686
-0.00640192
-0.00634963
-0.00565166
-0.00286104
0.00175288
0.0124772
-0.00516815
-0.00500609
-0.00488433
-0.00484179
-0.00489773
-0.00504226
-0.00525939
-0.00553513
-0.00586315
-0.00624477
-0.00669605
-0.00724508
-0.0079407
-0.00883101
-0.0100097
-0.0112147
-0.0124197
-0.0101939
-0.00548754
0.01138
-0.00617084
-0.0063086
-0.00607102
-0.00603546
-0.00602004
-0.0060972
-0.00627059
-0.00654147
-0.00690933
-0.00738134
-0.00798791
-0.00878227
-0.00988648
-0.0114107
-0.0137403
-0.0162832
-0.0205333
-0.0200269
-0.0156815
0.00982758
-0.00995333
-0.00716438
-0.00665709
-0.0061398
-0.00606315
-0.00621106
-0.00652809
-0.00695335
-0.00747586
-0.00809149
-0.00885514
-0.00980708
-0.0111939
-0.0128927
-0.0163944
-0.0190868
-0.0265292
-0.0270987
-0.0224341
0.0169992
-0.00981794
-0.0106643
-0.00938515
-0.00908382
-0.00857253
-0.00830717
-0.00825112
-0.00838689
-0.00870202
-0.00917287
-0.00983138
-0.0107201
-0.0121008
-0.0139664
-0.0175865
-0.0215456
-0.0292998
-0.0276293
-0.0160323
0.0516994
-0.0339662
-0.00864894
-0.00731051
-0.00612456
-0.00563668
-0.00577569
-0.00624832
-0.00681719
-0.00750775
-0.00824189
-0.00919376
-0.0102225
-0.0118126
-0.0134595
-0.0160908
-0.0169477
-0.0164294
0.00154002
0.0430273
0.15341
4.2849e-06
-1.92526e-05
6.981e-06
5.97218e-05
0.000145044
0.000263033
0.000413886
0.000597271
0.000812147
0.00105615
0.00132519
0.00161315
0.00191174
0.00221002
0.00249479
0.00275117
0.0029633
0.00311585
0.00320676
0.0031947
2.69808e-05
2.75926e-06
3.02298e-05
8.1245e-05
0.000163241
0.000276791
0.000422378
0.000600094
0.000809149
0.0010475
0.00131147
0.00159501
0.00189052
0.00218712
0.00247161
0.00272896
0.0029429
0.00309786
0.00319309
0.00317946
-5.753e-06
-3.44909e-05
-8.38017e-06
4.04125e-05
0.000120072
0.000231334
0.000375019
0.000551696
0.000761102
0.00100174
0.00127043
0.00156219
0.00186905
0.00218011
0.00248154
0.00275705
0.0029883
0.00315695
0.00326152
0.00324386
-7.26505e-05
-0.000104975
-8.06381e-05
-3.46914e-05
4.19416e-05
0.000150314
0.000291812
0.000467721
0.000678618
0.00092393
0.00120139
0.0015065
0.00183253
0.00216825
0.00249885
0.0028058
0.00306735
0.00326051
0.00338203
0.00336284
-0.000179928
-0.000216203
-0.000194197
-0.00015172
-7.86833e-05
2.63907e-05
0.000165626
0.000341267
0.000555031
0.000807648
0.00109822
0.00142343
0.00177757
0.00214949
0.00252339
0.002878
0.00318664
0.00341875
0.00356746
0.00354854
-0.000328312
-0.000369356
-0.000350349
-0.000312311
-0.000243999
-0.000143429
-7.5793e-06
0.000166998
0.000383503
0.00064442
0.000950752
0.00130074
0.00169162
0.00211193
0.00254542
0.00296758
0.00334509
0.00363617
0.00382691
0.00381134
-0.000518929
-0.000565806
-0.000550655
-0.000518483
-0.000456736
-0.000362897
-0.000232913
-6.19102e-05
0.000155168
0.000423132
0.000745855
0.00112553
0.00155779
0.00203796
0.00254903
0.00306313
0.00353869
0.00391794
0.00417338
0.0041685
-0.000753499
-0.00080747
-0.000797219
-0.000772795
-0.00072021
-0.00063646
-0.000516404
-0.000353585
-0.000140789
0.00012963
0.00046508
0.000871423
0.00135044
0.00190089
0.00250865
0.00314418
0.0037569
0.0042681
0.00462408
0.00464828
-0.00103418
-0.00109664
-0.0010924
-0.00107796
-0.00103783
-0.00096869
-0.000864368
-0.000716795
-0.000516437
-0.000252414
8.70076e-05
0.000513125
0.0010347
0.00166173
0.00238358
0.00317393
0.00397511
0.00468428
0.00519961
0.00529898
-0.00136377
-0.00143614
-0.00143882
-0.00143668
-0.00141277
-0.00136377
-0.00128271
-0.00116007
-0.00098409
-0.000740492
-0.000412574
1.74607e-05
0.000561943
0.00126563
0.00211034
0.0030874
0.00414046
0.00514543
0.00592039
0.00620996
-0.00174618
-0.00182971
-0.00183949
-0.00185151
-0.00184758
-0.00182483
-0.00177593
-0.00169038
-0.00155465
-0.00135147
-0.00105886
-0.000648657
-8.19067e-05
0.000643988
0.00159203
0.00277155
0.00414402
0.00558288
0.00679187
0.00754429
-0.00218742
-0.00228274
-0.00229809
-0.00232482
-0.00234373
-0.00235312
-0.00234586
-0.00231123
-0.00223502
-0.00209845
-0.00187653
-0.00153559
-0.00103113
-0.000311759
0.000688119
0.00203859
0.00376748
0.00580366
0.00772166
0.00965434
-0.00269748
-0.00280371
-0.0028199
-0.002859
-0.00290128
-0.00294709
-0.00299017
-0.00302041
-0.00302444
-0.00298455
-0.00287656
-0.00266617
-0.00230391
-0.00172032
-0.000830216
0.000543647
0.00254588
0.00528943
0.00828864
0.0125826
-0.0032938
-0.00340207
-0.00340577
-0.00344979
-0.00351418
-0.00360005
-0.00370095
-0.00380795
-0.0039107
-0.00399591
-0.0040455
-0.00403344
-0.00391871
-0.00363
-0.00304549
-0.00204476
-0.00027578
0.00280485
0.00658939
0.0147627
-0.0040107
-0.00413133
-0.00410996
-0.0041518
-0.00422135
-0.00433051
-0.00447887
-0.00466149
-0.00487214
-0.00510448
-0.00535312
-0.00561358
-0.0058799
-0.00613753
-0.00636983
-0.00652153
-0.00625162
-0.00404946
-0.00114375
0.0123048
-0.00496072
-0.00486053
-0.00474927
-0.00472378
-0.0048029
-0.00496901
-0.00520516
-0.00549655
-0.00583635
-0.00622658
-0.00668066
-0.0072262
-0.00792089
-0.00884936
-0.0102103
-0.0121202
-0.0148526
-0.0146066
-0.0138671
0.00538066
-0.00575988
-0.0061254
-0.00589866
-0.00593091
-0.00595194
-0.00606222
-0.00626219
-0.00655212
-0.00693328
-0.00741353
-0.00802088
-0.00880913
-0.00991699
-0.0115127
-0.0141693
-0.0177835
-0.0247326
-0.0277716
-0.0282752
-0.000155809
-0.00933602
-0.00671293
-0.00625131
-0.00581533
-0.00585449
-0.00610111
-0.00649445
-0.00697119
-0.00752948
-0.00816094
-0.00892363
-0.00984553
-0.0111989
-0.0129811
-0.0166007
-0.0205415
-0.0302167
-0.034682
-0.0349736
0.012158
-0.00698043
-0.00951282
-0.0086698
-0.00879576
-0.00853531
-0.00844213
-0.00847519
-0.00866669
-0.00900806
-0.00947871
-0.0101054
-0.0108961
-0.0122145
-0.0139027
-0.0177882
-0.0224454
-0.0313345
-0.0322406
-0.0187945
0.0589011
-0.0315164
-0.00665728
-0.00568072
-0.00507948
-0.00498417
-0.00534237
-0.00598869
-0.00666363
-0.00745912
-0.00821212
-0.00921664
-0.0101705
-0.0117857
-0.0134531
-0.0161133
-0.017385
-0.0159804
0.00389762
0.0567668
0.184339
1.05953e-05
-1.67447e-05
8.63991e-06
6.08347e-05
0.000146077
0.000264374
0.000415706
0.000599959
0.000816021
0.00106154
0.00133251
0.00162287
0.00192417
0.00222539
0.00251311
0.00277212
0.00298607
0.00313897
0.00322907
0.00321131
3.78448e-05
9.40269e-06
3.62909e-05
8.65143e-05
0.000168096
0.000281467
0.000427066
0.000605035
0.000814614
0.00105381
0.00131898
0.00160415
0.00190162
0.00220045
0.00248726
0.00274674
0.00296216
0.00311737
0.00321204
0.00319297
7.30125e-06
-2.61951e-05
-6.43524e-07
4.72623e-05
0.000126405
0.00023736
0.000380931
0.000557733
0.00076756
0.00100899
0.0012789
0.00157236
0.00188135
0.0021949
0.00249903
0.0027771
0.00301024
0.00317936
0.00328343
0.00325952
-5.71672e-05
-9.46621e-05
-7.08725e-05
-2.5892e-05
5.01356e-05
0.000158099
0.000299383
0.000475336
0.000686608
0.000932715
0.00121148
0.00151852
0.00184703
0.00218577
0.00251971
0.00282995
0.00309409
0.00328816
0.00340938
0.00338307
-0.000162078
-0.000203934
-0.000182457
-0.000140994
-6.86e-05
3.60335e-05
0.000175044
0.000350757
0.000564988
0.000818583
0.00111077
0.00143841
0.00179567
0.00217152
0.00254994
0.00290918
0.00322168
0.00345557
0.0036044
0.00357722
-0.00030781
-0.00035489
-0.000336379
-0.00029939
-0.000231734
-0.000131607
4.05079e-06
0.000178789
0.000395935
0.000658131
0.000966571
0.00131996
0.00171477
0.00214047
0.00258035
0.00300934
0.00339295
0.00368746
0.00387921
0.00385401
-0.000495219
-0.000548657
-0.000533954
-0.000502874
-0.000441813
-0.00034843
-0.000218611
-4.73459e-05
0.000170588
0.000440199
0.00076544
0.00114756
0.00158717
0.00207515
0.00259553
0.00312005
0.00360556
0.00399139
0.0042497
0.00423397
-0.000725785
-0.000786933
-0.000777081
-0.000753828
-0.00070201
-0.000618788
-0.000498924
-0.000335779
-0.000121909
0.00015066
0.000489816
0.000902624
0.00138837
0.00194926
0.0025705
0.00322204
0.00385123
0.00437507
0.00473776
0.00475133
-0.00100138
-0.00107173
-0.00106786
-0.00105474
-0.00101557
-0.000947149
-0.000843171
-0.000695328
-0.000493783
-0.000227228
0.000116691
0.000550172
0.00108312
0.00172367
0.00246472
0.0032796
0.00410809
0.00484136
0.00537107
0.00546591
-0.00132436
-0.00140547
-0.00140853
-0.00140801
-0.00138543
-0.00133756
-0.00125723
-0.00113461
-0.000957567
-0.000711269
-0.000378137
6.15781e-05
0.000627537
0.00134268
0.00221371
0.0032278
0.00432551
0.00537525
0.00618073
0.00648758
-0.00169793
-0.00179126
-0.00180152
-0.00181572
-0.00181379
-0.00179295
-0.00174554
-0.00166071
-0.00152446
-0.00131891
-0.00102124
-0.000602785
-2.89384e-05
0.000728696
0.00171686
0.00295092
0.00439405
0.0059132
0.00718902
0.00801628
-0.00212697
-0.00223347
-0.00224957
-0.00227944
-0.00230155
-0.00231419
-0.00230981
-0.00227722
-0.00220168
-0.0020637
-0.00183728
-0.00148722
-0.000966997
-0.000219379
0.000827733
0.00224856
0.00407946
0.00624994
0.00831185
0.0104471
-0.00261964
-0.00273903
-0.00275663
-0.00280052
-0.00284794
-0.00289918
-0.00294743
-0.00298201
-0.00298893
-0.00294975
-0.00283937
-0.00262185
-0.00224491
-0.00163376
-0.000694473
0.000747135
0.0028645
0.00580106
0.00905215
0.0136801
-0.00318956
-0.0033128
-0.00331882
-0.00337041
-0.00344369
-0.00353918
-0.00364949
-0.00376489
-0.00387425
-0.0039638
-0.00401511
-0.00400117
-0.0038792
-0.00357572
-0.00297485
-0.00193059
-0.000160117
0.00303978
0.00705324
0.0155928
-0.00386791
-0.00401119
-0.00399408
-0.00404941
-0.00413264
-0.00425623
-0.00441885
-0.00461504
-0.00483769
-0.00507995
-0.00533716
-0.00560533
-0.00588143
-0.00616018
-0.00645793
-0.00679656
-0.00675829
-0.00486077
-0.00182867
0.0116103
-0.00475376
-0.00467851
-0.0045757
-0.00456825
-0.00467039
-0.00486145
-0.00512332
-0.00543902
-0.00580147
-0.00621094
-0.0066818
-0.00724343
-0.00796206
-0.00894629
-0.0104778
-0.0128438
-0.0164764
-0.017134
-0.016178
0.0026741
-0.00541794
-0.00583846
-0.00563186
-0.00571046
-0.00577112
-0.00592291
-0.00616568
-0.00649618
-0.00691487
-0.007425
-0.00805526
-0.00886319
-0.010001
-0.011673
-0.0145802
-0.0187875
-0.0268892
-0.0313968
-0.0309211
-0.00259277
-0.00893535
-0.00634406
-0.00587232
-0.00547234
-0.00557095
-0.00588524
-0.00634907
-0.00689353
-0.00750991
-0.00818441
-0.00897606
-0.00991035
-0.0112759
-0.0131244
-0.0168984
-0.0216461
-0.0311526
-0.0362945
-0.0329289
0.0132103
-0.005893
-0.00866689
-0.00794812
-0.00820517
-0.0080506
-0.00805507
-0.00823374
-0.00855101
-0.00899368
-0.00953982
-0.010212
-0.0110053
-0.0123264
-0.0140066
-0.0180027
-0.0230509
-0.0312565
-0.0305254
-0.0121298
0.0653313
-0.0307589
-0.00583019
-0.00486099
-0.00438456
-0.00443521
-0.00491633
-0.00568327
-0.00645777
-0.00735098
-0.00816401
-0.00922064
-0.0102067
-0.0118082
-0.0136016
-0.0161518
-0.0174745
-0.0148756
0.0078757
0.0666118
0.196863
1.73812e-05
-1.21127e-05
1.25908e-05
6.41829e-05
0.000149298
0.000267783
0.000419651
0.000604719
0.000821927
0.00106895
0.00134179
0.00163436
0.00193817
0.00224207
0.00253248
0.00279389
0.00300959
0.00316313
0.00325304
0.00323248
4.70913e-05
1.65329e-05
4.28886e-05
9.2481e-05
0.000173758
0.00028707
0.000432852
0.000611268
0.000821602
0.0010619
0.00132855
0.00161559
0.00191529
0.00221658
0.00250591
0.00276771
0.00298484
0.0031407
0.0032353
0.00321326
1.82231e-05
-1.75911e-05
7.42596e-06
5.46426e-05
0.00013341
0.000244222
0.000387888
0.000565065
0.0007756
0.00101813
0.00128957
0.00158505
0.00189649
0.00221284
0.00251993
0.00280082
0.00303614
0.00320622
0.0033104
0.00328308
-4.41913e-05
-8.41653e-05
-6.09138e-05
-1.66805e-05
5.89054e-05
0.000166653
0.000307963
0.000484245
0.000696224
0.000943498
0.00122397
0.00153334
0.00186477
0.00220695
0.00254465
0.00285859
0.00312577
0.00332146
0.00344318
0.00341312
-0.000146928
-0.000191439
-0.000170507
-0.000129838
-5.79213e-05
4.64675e-05
0.0001855
0.000361581
0.000576629
0.000831611
0.00112588
0.00145641
0.00181739
0.00219775
0.00258128
0.00294577
0.00326287
0.00349959
0.00364972
0.00361847
-0.000290146
-0.000340088
-0.00032213
-0.000285978
-0.000218828
-0.000118957
1.67463e-05
0.000191938
0.000410087
0.000674
0.000985065
0.00134222
0.0017419
0.00217373
0.00262082
0.00305756
0.00344838
0.00374792
0.00394247
0.00391308
-0.000474478
-0.000531031
-0.000516896
-0.000486717
-0.000426211
-0.000333117
-0.000203243
-3.14388e-05
0.000187708
0.00045944
0.000788005
0.00117517
0.00162109
0.00211752
0.00264824
0.00318439
0.00368147
0.0040763
0.00434029
0.00432089
-0.000701174
-0.000765751
-0.000756502
-0.000734262
-0.000683106
-0.000600272
-0.000480412
-0.000316702
-0.000101447
0.00017366
0.000516891
0.000935529
0.00143027
0.00200275
0.00263874
0.00330783
0.00395569
0.0044957
0.00486955
0.00488207
-0.000971802
-0.00104598
-0.00104278
-0.00103088
-0.000992584
-0.000924783
-0.000821011
-0.000672724
-0.00046976
-0.000200366
0.000148413
0.000589514
0.00113388
0.00178966
0.00255133
0.00339238
0.0042508
0.0050131
0.00556459
0.0056667
-0.0012883
-0.00137373
-0.00137762
-0.00137866
-0.00135735
-0.00131055
-0.00123087
-0.00110821
-0.000930008
-0.000680901
-0.00034249
0.000106228
0.000686951
0.00142066
0.0023195
0.0033715
0.00451619
0.00561702
0.00646578
0.00680236
-0.00165325
-0.00175152
-0.00176289
-0.00177921
-0.00177924
-0.00176025
-0.00171433
-0.00163029
-0.00149367
-0.00128597
-0.000983506
-0.000556519
3.07611e-05
0.000812796
0.00183741
0.00312353
0.00463719
0.00624328
0.00760637
0.00851632
-0.00207055
-0.00218278
-0.00220047
-0.00223338
-0.00225858
-0.00227438
-0.0022729
-0.00224259
-0.00216821
-0.00202959
-0.00179979
-0.0014422
-0.000908224
-0.000135986
0.000950571
0.00243388
0.00436076
0.00666975
0.00890392
0.0112339
-0.00254685
-0.00267306
-0.00269304
-0.00274147
-0.00279375
-0.0028502
-0.00290361
-0.00294289
-0.00295357
-0.00291659
-0.00280603
-0.00258479
-0.00219872
-0.00157017
-0.000601631
0.000893017
0.00311054
0.00623458
0.00980044
0.0147859
-0.00309291
-0.00322424
-0.00323374
-0.00329216
-0.00337328
-0.00347748
-0.00359668
-0.0037206
-0.00383773
-0.00393386
-0.00399016
-0.00397959
-0.00385907
-0.00355512
-0.00295245
-0.00189676
-0.000146588
0.00317411
0.00760078
0.0166217
-0.00373758
-0.00389321
-0.00388195
-0.00394885
-0.00404405
-0.00418049
-0.0043563
-0.00456562
-0.00480122
-0.00505607
-0.00532594
-0.00560896
-0.00590693
-0.00622552
-0.00661083
-0.00715238
-0.00745791
-0.00580233
-0.00238137
0.0114846
-0.00457063
-0.00450881
-0.00441469
-0.00442222
-0.00454284
-0.00475495
-0.00503899
-0.00537704
-0.00576128
-0.00619202
-0.0066846
-0.00727232
-0.00803242
-0.00909622
-0.0108147
-0.0135997
-0.0180411
-0.019699
-0.018477
0.000904184
-0.00514681
-0.00560347
-0.00540802
-0.00551951
-0.00561
-0.00579409
-0.00606879
-0.00643107
-0.00687948
-0.0074186
-0.00807752
-0.00891864
-0.0101108
-0.0118838
-0.0150587
-0.0197888
-0.0290655
-0.0348378
-0.0342378
-0.00421782
-0.00857902
-0.00601857
-0.00555369
-0.00518404
-0.00532229
-0.00568495
-0.00619954
-0.00679243
-0.00745518
-0.00817095
-0.00899905
-0.00996521
-0.0113809
-0.0133129
-0.0172944
-0.0225508
-0.0327736
-0.0384371
-0.0347133
0.0143286
-0.00527143
-0.00819439
-0.00748603
-0.00781801
-0.00772881
-0.0078107
-0.00804784
-0.00842661
-0.0089301
-0.00953059
-0.0102444
-0.0110637
-0.012423
-0.0141335
-0.0182768
-0.0235585
-0.031934
-0.0307636
-0.0108825
0.0703315
-0.0301116
-0.00517358
-0.00422338
-0.00381648
-0.00396028
-0.00453301
-0.00539083
-0.00624758
-0.00721908
-0.00809586
-0.00920596
-0.0102351
-0.0118704
-0.013738
-0.0163241
-0.0176896
-0.0148665
0.00928537
0.0704988
0.20508
2.42995e-05
-5.93997e-06
1.84436e-05
6.97007e-05
0.000154715
0.000273323
0.000425561
0.000611261
0.000829396
0.00107767
0.00135212
0.00164664
0.00195269
0.00225901
0.00255185
0.00281551
0.00303295
0.00318748
0.00327776
0.00325623
5.50721e-05
2.36919e-05
4.97452e-05
9.89783e-05
0.000180102
0.000293459
0.000439508
0.000618448
0.000829602
0.00107105
0.00133922
0.00162815
0.00193004
0.00223376
0.00252559
0.00278972
0.00300872
0.00316569
0.00326079
0.00323786
2.73567e-05
-9.35561e-06
1.53481e-05
6.21709e-05
0.000140749
0.000251569
0.000395471
0.000573158
0.000784531
0.00102827
0.00130136
0.00159892
0.00191285
0.00223201
0.00254207
0.00282582
0.00306352
0.00323513
0.00334009
0.00331182
-3.34643e-05
-7.44064e-05
-5.14815e-05
-7.68197e-06
6.76752e-05
0.000175392
0.000316915
0.000493713
0.000706585
0.000955204
0.00123754
0.00154937
0.00188381
0.00222949
0.002571
0.00288874
0.00315925
0.00335723
0.00348029
0.00344928
-0.000134332
-0.000179892
-0.000159304
-0.000119108
-4.74514e-05
5.68868e-05
0.000196136
0.000372786
0.000588854
0.000845418
0.00114194
0.00147551
0.00184031
0.00222527
0.00261397
0.00298383
0.00330586
0.00354626
0.00369869
0.00366662
-0.000275296
-0.00032638
-0.000308789
-0.000273158
-0.000206306
-0.000106508
2.94233e-05
0.000205255
0.000424594
0.000690407
0.00100426
0.00136527
0.00176991
0.00220791
0.00266222
0.00310676
0.00350513
0.00381068
0.00400927
0.00397946
-0.000456843
-0.000514647
-0.000500917
-0.000471333
-0.000411192
-0.000318227
-0.000188146
-1.56523e-05
0.000204851
0.000478838
0.000810833
0.00120295
0.00165525
0.00215999
0.00270084
0.00324847
0.00375727
0.00416209
0.0044332
0.00441449
-0.000680033
-0.000745991
-0.000737216
-0.000715696
-0.000665036
-0.000582464
-0.0004625
-0.000298134
-8.14302e-05
0.000196228
0.000543471
0.000967939
0.00147115
0.00205475
0.00270485
0.00339075
0.00405684
0.00461362
0.00500013
0.00501616
-0.00094618
-0.0010219
-0.0010193
-0.00100832
-0.000970761
-0.000903486
-0.000799864
-0.000651123
-0.000446793
-0.000174716
0.000178595
0.000626715
0.00118143
0.00185151
0.00263233
0.00349758
0.00438404
0.00517456
0.00574877
0.00586123
-0.00125686
-0.00134403
-0.00134871
-0.00135101
-0.00133085
-0.00128505
-0.00120602
-0.0010834
-0.000904249
-0.000652712
-0.000309707
0.000146709
0.000739476
0.00149055
0.00241424
0.00349994
0.00468684
0.00583457
0.00672508
0.00708765
-0.00161416
-0.0017144
-0.00172687
-0.00174498
-0.00174682
-0.00172961
-0.00168521
-0.00160213
-0.00146551
-0.00125628
-0.000950008
-0.000515892
8.33131e-05
0.000884924
0.00193958
0.00326974
0.00484448
0.00652689
0.00796793
0.00893737
-0.00202119
-0.00213571
-0.00215496
-0.00219047
-0.00221848
-0.00223727
-0.00223871
-0.00221089
-0.00213816
-0.00199984
-0.0017682
-0.00140552
-0.000861363
-7.12599e-05
0.00104549
0.00257854
0.00458661
0.00701421
0.00939319
0.0118448
-0.00248354
-0.00261244
-0.00263468
-0.0026869
-0.00274346
-0.00280469
-0.00286308
-0.0029072
-0.0029222
-0.00288864
-0.00278005
-0.00255859
-0.00216884
-0.00153132
-0.000548239
0.00097837
0.00328684
0.0065704
0.010404
0.0155917
-0.00301023
-0.00314473
-0.00315735
-0.0032212
-0.00330877
-0.00342042
-0.00354769
-0.00367989
-0.0038052
-0.0039093
-0.00397344
-0.00397053
-0.00385792
-0.00356323
-0.00297573
-0.00197259
-0.000165723
0.00327758
0.0081121
0.0173894
-0.00362918
-0.00378966
-0.00378298
-0.0038582
-0.00396267
-0.00410968
-0.00429703
-0.00451868
-0.00476735
-0.00503605
-0.00532134
-0.00562342
-0.00594767
-0.00630605
-0.00675549
-0.00737771
-0.00795354
-0.00643041
-0.00245046
0.0116543
-0.00442472
-0.0043679
-0.00427977
-0.00429751
-0.00443086
-0.00465838
-0.00495982
-0.00531672
-0.00572104
-0.00617315
-0.00668962
-0.00730743
-0.00811232
-0.00925049
-0.0111192
-0.0142022
-0.0192726
-0.0214651
-0.0195504
0.000208591
-0.00495346
-0.00542228
-0.00523059
-0.00535966
-0.00546788
-0.00567298
-0.00597061
-0.0063576
-0.00683321
-0.00740061
-0.00809033
-0.00896955
-0.0102208
-0.01209
-0.0154899
-0.020605
-0.0307077
-0.0374088
-0.0358782
-0.00502269
-0.00832305
-0.00577632
-0.00531817
-0.00496392
-0.00512164
-0.00551117
-0.00605787
-0.00668539
-0.0073847
-0.00813734
-0.00900291
-0.0100098
-0.0114879
-0.0135069
-0.0177145
-0.0233171
-0.0341839
-0.0403729
-0.0353052
0.0148996
-0.00498381
-0.00792842
-0.00719567
-0.00754473
-0.00747495
-0.00758751
-0.00786226
-0.00828537
-0.00883332
-0.00948015
-0.0102353
-0.0110932
-0.0125065
-0.0142702
-0.0185665
-0.0240338
-0.032616
-0.0312985
-0.00952284
0.073113
-0.0297693
-0.00481151
-0.00385351
-0.0034585
-0.00363444
-0.004251
-0.00516086
-0.00607166
-0.00709648
-0.00802472
-0.00918092
-0.0102584
-0.0119413
-0.0138872
-0.0165562
-0.0179899
-0.0150393
0.00982043
0.072973
0.208956
3.0783e-05
2.5575e-07
2.44578e-05
7.55376e-05
0.000160527
0.000279283
0.000431875
0.000618165
0.000837156
0.00108659
0.00136249
0.00165877
0.00196683
0.00227534
0.0025704
0.00283612
0.00305527
0.00321094
0.00330183
0.00328004
6.20554e-05
3.03738e-05
5.6255e-05
0.000105306
0.000186389
0.000299868
0.000446237
0.000625733
0.000837715
0.0010803
0.00134993
0.00164065
0.00194461
0.00225061
0.00254479
0.00281114
0.003032
0.00319025
0.00328609
0.00326295
3.5189e-05
-1.84605e-06
2.26796e-05
6.93035e-05
0.000147823
0.00025875
0.000402966
0.00058122
0.000793462
0.00103842
0.00131311
0.00161268
0.00192897
0.00225079
0.00256365
0.00285013
0.0030902
0.0032635
0.00336949
0.00334104
-2.43887e-05
-6.56749e-05
-4.29384e-05
6.38964e-07
7.59161e-05
0.000183723
0.000325558
0.000502953
0.00071677
0.000966753
0.00125093
0.00156512
0.00190244
0.00225145
0.00259656
0.00291793
0.0031917
0.00339215
0.00351678
0.00348572
-0.0001237
-0.000169627
-0.000149245
-0.000109299
-3.77469e-05
6.6668e-05
0.000206242
0.000383543
0.000600682
0.000858834
0.00115757
0.00149404
0.00186247
0.00225176
0.00264533
0.00302026
0.00334705
0.00359122
0.00374619
0.00371433
-0.00026273
-0.000314206
-0.000296847
-0.000261509
-0.000194799
-9.49495e-05
4.13094e-05
0.000217852
0.000438408
0.000706092
0.00102262
0.00138726
0.00179657
0.00224032
0.00270132
0.00315312
0.00355861
0.00387011
0.00407288
0.00404381
-0.000441861
-0.000500087
-0.000486633
-0.000457412
-0.000397484
-0.000304532
-0.000174158
-9.29468e-07
0.000220918
0.000497066
0.000832277
0.00122894
0.00168715
0.00219951
0.00274959
0.00330768
0.00382727
0.00424159
0.00451969
0.00450285
-0.000662003
-0.000728423
-0.000719998
-0.000698958
-0.000648643
-0.000566222
-0.000446085
-0.000281051
-6.29682e-05
0.000217054
0.000567967
0.000997758
0.00150851
0.00210207
0.00276477
0.00346564
0.00414802
0.00472013
0.00511848
0.00513877
-0.000924265
-0.00100049
-0.000998366
-0.000988062
-0.000951078
-0.000884215
-0.000780686
-0.000631512
-0.000425953
-0.000151498
0.000205791
0.000660038
0.00122373
0.00190632
0.00270382
0.00359007
0.00450088
0.00531615
0.00591065
0.00603251
-0.00122994
-0.00131769
-0.00132303
-0.0013263
-0.00130709
-0.00126215
-0.0011837
-0.00106115
-0.000881252
-0.000627714
-0.000280887
0.000181924
0.000784628
0.00155056
0.00249529
0.0036094
0.0048319
0.00601919
0.00694527
0.00732787
-0.00158071
-0.00168162
-0.00169504
-0.00171457
-0.00171792
-0.00170227
-0.00165927
-0.00157716
-0.00144076
-0.00123052
-0.000921369
-0.000481586
0.000127398
0.00094461
0.00202364
0.0033899
0.00501468
0.00675933
0.00826353
0.00927446
-0.00197918
-0.00209446
-0.00211507
-0.00215263
-0.00218299
-0.00220437
-0.00220843
-0.00218302
-0.00211213
-0.00197464
-0.00174219
-0.00137618
-0.000824652
-2.11334e-05
0.00111961
0.00269319
0.00476571
0.00728731
0.00977776
0.0123088
-0.00243023
-0.00256002
-0.00258414
-0.0026393
-0.00269936
-0.00276461
-0.00282736
-0.00287596
-0.00289525
-0.00286544
-0.00275948
-0.00253959
-0.00214867
-0.00150559
-0.000511375
0.00104708
0.00342244
0.00682985
0.0108662
0.0161854
-0.00294191
-0.00307741
-0.00309256
-0.00316045
-0.00325303
-0.00337067
-0.0035047
-0.00364418
-0.00377713
-0.00388911
-0.00396133
-0.00396702
-0.00386363
-0.00357863
-0.00299986
-0.00200686
-0.000175377
0.00337345
0.00852803
0.0179787
-0.00354213
-0.0037042
-0.00370085
-0.00378181
-0.00389309
-0.00404825
-0.00424494
-0.00447705
-0.00473725
-0.00501903
-0.00531942
-0.00564023
-0.00598949
-0.00638355
-0.00688728
-0.00759346
-0.00831966
-0.00683877
-0.00241662
0.0119033
-0.00431138
-0.004256
-0.00417192
-0.00419639
-0.00433848
-0.00457715
-0.00489185
-0.00526386
-0.00568489
-0.00615589
-0.00669466
-0.00734117
-0.00818774
-0.00939097
-0.0113802
-0.0146784
-0.020182
-0.0226689
-0.0202208
-9.91816e-05
-0.00481539
-0.00528785
-0.00509717
-0.00523522
-0.00535379
-0.00557257
-0.00588662
-0.00629259
-0.00678881
-0.0073799
-0.00809775
-0.00901348
-0.0103205
-0.0122757
-0.0158608
-0.0212517
-0.0319465
-0.0392993
-0.0371029
-0.00555743
-0.00813883
-0.00559859
-0.00514663
-0.00480082
-0.00496849
-0.00537358
-0.005941
-0.00659286
-0.00731902
-0.00810119
-0.00900034
-0.0100471
-0.0115886
-0.0136922
-0.0181308
-0.0239308
-0.0353815
-0.0420206
-0.036194
0.0150429
-0.00482347
-0.00776661
-0.00700893
-0.0073609
-0.00729429
-0.00742032
-0.00771588
-0.00816515
-0.0087432
-0.00942358
-0.0102145
-0.0111104
-0.0125812
-0.0144061
-0.0188518
-0.0244663
-0.0333065
-0.0320225
-0.00921001
0.0745695
-0.0295521
-0.00458383
-0.00361636
-0.00322027
-0.0034071
-0.00404447
-0.00498336
-0.00592711
-0.00698939
-0.00795579
-0.00915427
-0.0102743
-0.0120176
-0.0140284
-0.0168054
-0.0183042
-0.0153902
0.00978334
0.0739735
0.211004
3.64641e-05
5.85897e-06
2.99821e-05
8.09954e-05
0.000166016
0.000284933
0.000437851
0.000624661
0.000844399
0.00109483
0.00137199
0.00166979
0.00197959
0.00228999
0.00258697
0.00285451
0.00307521
0.00323201
0.00332358
0.00330182
6.79912e-05
3.62144e-05
6.20159e-05
0.000111
0.000192114
0.000305752
0.000452446
0.000632464
0.000845203
0.00108881
0.00135973
0.00165203
0.00195781
0.00226581
0.00256205
0.00283038
0.00305295
0.00321246
0.00330908
0.00328604
4.17443e-05
4.61231e-06
2.90533e-05
7.56017e-05
0.000154145
0.000265228
0.000409774
0.000588574
0.000801621
0.00104768
0.0013238
0.00162514
0.00194352
0.00226767
0.00258301
0.00287191
0.00311413
0.00328906
0.0033961
0.00336783
-1.6882e-05
-5.82688e-05
-3.56259e-05
7.86169e-06
8.31506e-05
0.000191109
0.000333284
0.000511262
0.000725964
0.000977189
0.00126302
0.00157931
0.00191915
0.00227108
0.00261935
0.00294391
0.00322062
0.00342338
0.00354956
0.00351881
-0.000114943
-0.000160975
-0.000140701
-0.000100867
-2.9321e-05
7.52359e-05
0.000215162
0.000393098
0.00061123
0.000870821
0.00117152
0.00151055
0.00188216
0.00227522
0.002673
0.00305236
0.00338335
0.00363095
0.00378831
0.00375702
-0.000252383
-0.00030397
-0.000286744
-0.000251553
-0.000184883
-8.49167e-05
5.16941e-05
0.000228915
0.000450584
0.000719934
0.00103882
0.00140661
0.00181995
0.00226864
0.00273537
0.00319339
0.00360505
0.00392178
0.00412832
0.00410031
-0.000429513
-0.000487858
-0.000474579
-0.000445563
-0.000385742
-0.000292735
-0.00016205
1.18624e-05
0.00023491
0.000512943
0.000850923
0.00125144
0.00171471
0.00223351
0.00279137
0.00335826
0.00388694
0.00430936
0.00459349
0.00457864
-0.000647132
-0.000713682
-0.0007055
-0.000684766
-0.000634677
-0.00055233
-0.000432
-0.000266364
-4.70863e-05
0.000234949
0.00058896
0.00102323
0.00154024
0.00214208
0.00281518
0.00352836
0.00422412
0.00480885
0.00521697
0.00524102
-0.000906193
-0.000982568
-0.00098079
-0.000970953
-0.000934396
-0.00086784
-0.000764366
-0.000614823
-0.000408247
-0.00013184
0.0002287
0.00068794
0.00125893
0.00195169
0.00276269
0.00366583
0.00459608
0.00543096
0.00604151
0.00617055
-0.00120778
-0.0012957
-0.00130155
-0.00130553
-0.00128707
-0.00124281
-0.00116486
-0.0010424
-0.000861956
-0.000606876
-0.000257062
0.000210779
0.000821286
0.00159906
0.00256044
0.00369686
0.00494698
0.00616452
0.00711747
0.00751381
-0.0015533
-0.0016544
-0.00166856
-0.00168915
-0.00169372
-0.00167933
-0.00163752
-0.00155631
-0.00142023
-0.0012094
-0.00089821
-0.000454177
0.000162258
0.000991453
0.00208927
0.00348329
0.00514585
0.00693647
0.00848601
0.00952294
-0.001945
-0.0020605
-0.00208216
-0.00212126
-0.00215348
-0.00217696
-0.00218322
-0.00215991
-0.00209079
-0.00195439
-0.0017219
-0.00135376
-0.000797022
1.62902e-05
0.00117528
0.00277975
0.00489964
0.00748858
0.0100552
0.012632
-0.00238736
-0.00251738
-0.00254294
-0.00260027
-0.00266301
-0.00273146
-0.00279778
-0.00285017
-0.0028733
-0.00284719
-0.00274486
-0.00252653
-0.00213559
-0.00148872
-0.000486304
0.00109833
0.00352174
0.00701675
0.011188
0.0165814
-0.00288797
-0.00302365
-0.00304065
-0.00311142
-0.00320772
-0.00332995
-0.00346931
-0.00361477
-0.00375423
-0.00387325
-0.00395303
-0.00396666
-0.00387167
-0.00359477
-0.00302049
-0.00202756
-0.000176433
0.00345553
0.00882895
0.0183842
-0.00347503
-0.00363742
-0.00363635
-0.0037211
-0.00383718
-0.00399831
-0.00420216
-0.0044426
-0.00471241
-0.00500525
-0.00531872
-0.00565554
-0.00602538
-0.00644714
-0.00699028
-0.00775171
-0.00856011
-0.00706986
-0.00233119
0.0121345
-0.00422644
-0.00417114
-0.00408971
-0.00411846
-0.00426634
-0.00451274
-0.00483703
-0.00522042
-0.00565468
-0.00614112
-0.00669854
-0.00736891
-0.00824882
-0.00950159
-0.0115783
-0.0150182
-0.0207805
-0.0234165
-0.0205674
-0.000205037
-0.00471773
-0.00519055
-0.00499986
-0.00514246
-0.00526675
-0.00549393
-0.00581889
-0.0062382
-0.00675026
-0.00736026
-0.0081013
-0.00904718
-0.0103984
-0.0124192
-0.0161437
-0.0217263
-0.0328122
-0.0405752
-0.0378766
-0.00592289
-0.00801071
-0.00547284
-0.00502512
-0.00468355
-0.00485645
-0.00527018
-0.00585016
-0.0065181
-0.0072637
-0.0080685
-0.00899496
-0.0100752
-0.0116682
-0.0138384
-0.0184924
-0.0243779
-0.0363034
-0.0432723
-0.0369421
0.0149536
-0.00472821
-0.00766274
-0.00688656
-0.00723619
-0.00716801
-0.00729886
-0.00760463
-0.0080693
-0.0086678
-0.00937199
-0.0101916
-0.0111204
-0.0126397
-0.0145214
-0.0190909
-0.0248403
-0.0339049
-0.0327253
-0.00922641
0.0752602
-0.0294182
-0.00444472
-0.00346879
-0.00306723
-0.00325501
-0.00390004
-0.00485346
-0.00581688
-0.00690406
-0.00789784
-0.00912954
-0.0102849
-0.0120786
-0.0141504
-0.0170209
-0.0186032
-0.0157473
0.00953972
0.0744125
0.212021
4.10186e-05
1.04073e-05
3.45026e-05
8.55059e-05
0.000170584
0.000289653
0.000442849
0.00063009
0.000850436
0.00110167
0.00137984
0.00167885
0.00199004
0.00230194
0.00260048
0.00286949
0.00309147
0.00324923
0.00334141
0.00331976
7.26885e-05
4.08912e-05
6.66638e-05
0.00011564
0.000196816
0.000310612
0.00045759
0.00063805
0.000851414
0.00109585
0.00136782
0.00166139
0.00196864
0.00227824
0.00257614
0.00284607
0.00307005
0.00323063
0.00332795
0.00330508
4.68841e-05
9.73372e-06
3.41429e-05
8.06794e-05
0.000159282
0.000270525
0.000415366
0.000594631
0.000808347
0.00105531
0.00133259
0.00163536
0.00195542
0.00228145
0.00259877
0.00288962
0.00313359
0.00330991
0.00341786
0.00338982
-1.10455e-05
-5.24495e-05
-2.98447e-05
1.36226e-05
8.89645e-05
0.000197082
0.000339566
0.000518043
0.000733482
0.000985726
0.00127289
0.00159087
0.00193275
0.002287
0.0026378
0.00296492
0.00324401
0.00344867
0.00357616
0.00354577
-0.000108164
-0.000154212
-0.000133987
-9.41882e-05
-2.26029e-05
8.2108e-05
0.000222353
0.000400829
0.000619785
0.000880547
0.00118283
0.00152391
0.00189805
0.00229409
0.00269522
0.00307808
0.00341242
0.0036628
0.0038221
0.0037914
-0.00024439
-0.000295991
-0.000278834
-0.000243705
-0.000177023
-7.69243e-05
6.00019e-05
0.000237793
0.000460372
0.000731067
0.00105182
0.00142211
0.00183863
0.0022912
0.00276242
0.0032253
0.00364178
0.00396264
0.00417217
0.00414513
-0.000419983
-0.000478342
-0.000465165
-0.000436259
-0.000376479
-0.000283393
-0.000152431
2.20473e-05
0.00024606
0.000525591
0.000865746
0.00126928
0.00173648
0.00226029
0.00282415
0.00339779
0.00393345
0.0043621
0.00465087
0.00463765
-0.000635666
-0.000702231
-0.000694205
-0.000673659
-0.000623709
-0.000541389
-0.000420885
-0.000254761
-3.45413e-05
0.000249062
0.000605471
0.00104318
0.00156499
0.00217314
0.00285415
0.00357663
0.00428242
0.00487658
0.00529196
0.00531884
-0.000892281
-0.000968674
-0.000967136
-0.000957612
-0.000921353
-0.000855013
-0.000751569
-0.000601738
-0.000394389
-0.000116502
0.000246498
0.000709514
0.00128598
0.00198638
0.00280745
0.00372309
0.00466757
0.00551668
0.00613875
0.00627276
-0.00119077
-0.00127871
-0.00128492
-0.0012894
-0.00127148
-0.00122774
-0.00115017
-0.00102782
-0.000846988
-0.000590797
-0.0002388
0.000232737
0.000848973
0.00163546
0.00260903
0.00376163
0.00503149
0.00627023
0.00724167
0.00764672
-0.00153236
-0.00163348
-0.00164817
-0.00166952
-0.00167498
-0.00166156
-0.00162067
-0.00154019
-0.00140445
-0.00119329
-0.00088071
-0.000433689
0.000188106
0.00102585
0.00213713
0.00355087
0.00523974
0.00706153
0.00864082
0.00969305
-0.00191908
-0.0020346
-0.002057
-0.00209721
-0.00213079
-0.00215584
-0.00216378
-0.00214214
-0.00207448
-0.00193908
-0.00170674
-0.00133741
-0.00077722
4.2808e-05
0.00121467
0.00284079
0.00499297
0.00762624
0.0102406
0.0128429
-0.00235519
-0.0024852
-0.00251177
-0.00257061
-0.0026353
-0.00270609
-0.00277511
-0.00283043
-0.00285659
-0.00283342
-0.00273351
-0.00251729
-0.00212679
-0.00147767
-0.000470135
0.00113317
0.00358933
0.00714127
0.0113946
0.0168296
-0.00284806
-0.00298366
-0.00300192
-0.00307466
-0.00317357
-0.00329908
-0.00344236
-0.00359232
-0.0037368
-0.00386131
-0.00394703
-0.00396702
-0.00387855
-0.00360754
-0.0030356
-0.00204274
-0.000174897
0.00351478
0.00902269
0.0186421
-0.0034263
-0.00358862
-0.003589
-0.00367619
-0.00379547
-0.00396075
-0.00416972
-0.00441631
-0.00469335
-0.00499467
-0.00531818
-0.0056671
-0.00605191
-0.00649294
-0.00706254
-0.00785973
-0.00871152
-0.00720038
-0.00226386
0.012301
-0.00416611
-0.00411048
-0.00403071
-0.00406212
-0.00421373
-0.00446524
-0.00479611
-0.00518757
-0.0056315
-0.00612945
-0.00670084
-0.00738874
-0.00829197
-0.00957742
-0.011711
-0.0152501
-0.0211582
-0.0238683
-0.0207671
-0.000242319
-0.00465082
-0.0051231
-0.00493214
-0.00507701
-0.00520448
-0.00543669
-0.00576871
-0.00619701
-0.00672034
-0.00734412
-0.00810226
-0.00906974
-0.01045
-0.0125066
-0.0163053
-0.0220877
-0.0333973
-0.0413987
-0.0383846
-0.00618619
-0.00792474
-0.00538755
-0.00494255
-0.00460302
-0.00477873
-0.00519731
-0.00578474
-0.00646296
-0.00722178
-0.00804261
-0.00898892
-0.0100927
-0.0117166
-0.0138963
-0.0185087
-0.0249372
-0.0369972
-0.0441486
-0.0375252
0.0147861
-0.00466808
-0.00759515
-0.00680716
-0.00715375
-0.00708311
-0.0072155
-0.00752633
-0.00799984
-0.00861119
-0.00933176
-0.0101719
-0.0111251
-0.012678
-0.0145945
-0.0192342
-0.0251674
-0.0343811
-0.0332956
-0.00940957
0.0755244
-0.029334
-0.0043582
-0.00337643
-0.0029699
-0.00315601
-0.00380346
-0.00476407
-0.00573855
-0.00684149
-0.00785353
-0.00910931
-0.0102907
-0.0121227
-0.0142389
-0.0171828
-0.0188481
-0.0160553
0.0092627
0.0745088
0.212494
4.42019e-05
1.3604e-05
3.76948e-05
8.87099e-05
0.000173843
0.000293031
0.00044643
0.000633978
0.000854754
0.00110655
0.00138543
0.00168529
0.00199744
0.0023104
0.00261001
0.00288006
0.00310295
0.00326141
0.00335404
0.0033325
7.59516e-05
4.41579e-05
6.99251e-05
0.000118915
0.00020015
0.00031407
0.000461259
0.000642038
0.000855846
0.00110087
0.00137358
0.00166804
0.00197631
0.00228703
0.00258609
0.00285715
0.00308212
0.00324348
0.00334131
0.00331859
5.04343e-05
1.32894e-05
3.76916e-05
8.424e-05
0.000162901
0.000274271
0.000419332
0.000598934
0.000813127
0.00106073
0.00133883
0.0016426
0.00196383
0.00229116
0.00260986
0.00290208
0.0031473
0.00332459
0.00343321
0.00340536
-7.03668e-06
-4.84334e-05
-2.58396e-05
1.7635e-05
9.30325e-05
0.000201279
0.000343992
0.000522832
0.000738796
0.000991759
0.00127987
0.00159903
0.00194231
0.00229818
0.00265074
0.00297965
0.00326038
0.0034664
0.00359481
0.00356472
-0.000103524
-0.000149563
-0.000129356
-8.95599e-05
-1.79275e-05
8.69082e-05
0.000227391
0.000406257
0.000625797
0.000887383
0.00119077
0.00153327
0.00190916
0.00230727
0.00271071
0.00309598
0.00343263
0.00368494
0.0038456
0.00381535
-0.00023893
-0.00029052
-0.000273394
-0.000238286
-0.000171577
-7.13686e-05
6.57915e-05
0.000243991
0.000467211
0.000738843
0.0010609
0.00143291
0.00185161
0.00230684
0.00278113
0.00324733
0.00366708
0.00399077
0.00420234
0.004176
-0.000413484
-0.000471828
-0.000458706
-0.000429853
-0.000370084
-0.000276927
-0.000145761
2.91184e-05
0.000253804
0.000534368
0.000876015
0.0012816
0.00175149
0.00227869
0.00284661
0.0034248
0.00396513
0.00439796
0.00468983
0.00467773
-0.000627857
-0.000694405
-0.000686471
-0.000666033
-0.000616161
-0.000533847
-0.000413213
-0.000246749
-2.58825e-05
0.00025879
0.000616826
0.00105687
0.0015819
0.00219429
0.00288057
0.00360921
0.00432162
0.00492196
0.00534209
0.0053708
-0.000882825
-0.000959199
-0.000957811
-0.000948479
-0.000912408
-0.000846205
-0.000742777
-0.000592752
-0.000384883
-0.000106008
0.000258633
0.000724162
0.00130426
0.00200972
0.00283743
0.00376123
0.00471492
0.00557312
0.00620248
0.00633952
-0.00117924
-0.00126716
-0.00127361
-0.0012784
-0.00126083
-0.00121744
-0.00114012
-0.00101785
-0.000836785
-0.000579879
-0.00022646
0.000247488
0.000867462
0.00165963
0.00264111
0.00380409
0.00508645
0.00633838
0.00732111
0.00773116
-0.00151822
-0.00161932
-0.00163435
-0.00165619
-0.00166223
-0.00164946
-0.00160919
-0.00152922
-0.00139376
-0.00118243
-0.000869003
-0.000420093
0.000205136
0.00104834
0.00216818
0.00359437
0.00529956
0.00714019
0.00873695
0.00979741
-0.00190168
-0.00201716
-0.00204005
-0.00208095
-0.00211542
-0.00214152
-0.00215061
-0.00213011
-0.00206349
-0.00192884
-0.00169672
-0.00132675
-0.000764482
5.96907e-05
0.00123959
0.00287921
0.00505103
0.0077104
0.0103518
0.012967
-0.00233376
-0.00246371
-0.00249092
-0.00255071
-0.00261665
-0.00268899
-0.00275981
-0.00281711
-0.00284535
-0.00282425
-0.0027262
-0.00251144
-0.00212142
-0.001471
-0.000460861
0.00115427
0.00363032
0.00721539
0.0115139
0.0169703
-0.00282177
-0.00295723
-0.00297629
-0.00305024
-0.00315079
-0.00327842
-0.00342426
-0.0035772
-0.00372507
-0.00385334
-0.00394312
-0.00396743
-0.00388333
-0.00361611
-0.00304521
-0.00205252
-0.000173264
0.00355146
0.00913422
0.0187896
-0.00339461
-0.00355677
-0.00355802
-0.00364664
-0.00376789
-0.00393577
-0.00414803
-0.00439863
-0.00468048
-0.00498747
-0.00531769
-0.0056746
-0.00606905
-0.00652214
-0.00710777
-0.00792576
-0.00879832
-0.00726854
-0.00222055
0.0124047
-0.0041275
-0.00407152
-0.0039927
-0.00402565
-0.00417948
-0.0044341
-0.00476909
-0.00516568
-0.00561587
-0.00612138
-0.00670196
-0.00740123
-0.00831924
-0.00962492
-0.0117929
-0.0153913
-0.0213748
-0.0241183
-0.0208761
-0.000254953
-0.00460888
-0.00508057
-0.00488937
-0.00503533
-0.00516449
-0.00539957
-0.0057358
-0.00616964
-0.00670011
-0.0073328
-0.00810207
-0.00908344
-0.010482
-0.012562
-0.016409
-0.0223095
-0.0337449
-0.0418807
-0.0386913
-0.00635801
-0.0078719
-0.00533479
-0.00489135
-0.00455274
-0.00472986
-0.00515102
-0.00574286
-0.00642706
-0.00719396
-0.00802492
-0.00898401
-0.0101029
-0.0117466
-0.0139403
-0.0185657
-0.0252578
-0.0374161
-0.0446909
-0.0379177
0.0146294
-0.00463158
-0.00755376
-0.00675904
-0.00710333
-0.00703061
-0.00716246
-0.00747819
-0.00795542
-0.00857405
-0.00930467
-0.010158
-0.0111271
-0.012702
-0.0146441
-0.0193349
-0.0253795
-0.0346927
-0.033684
-0.00959536
0.0755994
-0.0292841
-0.00430757
-0.0033223
-0.00291238
-0.0030967
-0.00374457
-0.00470866
-0.00568881
-0.00680082
-0.00782402
-0.00909513
-0.0102937
-0.0121508
-0.0142975
-0.0172905
-0.0190201
-0.0162731
0.00904208
0.0744884
0.212694
4.58465e-05
1.52592e-05
3.93515e-05
9.0377e-05
0.000175542
0.000294794
0.000448299
0.000636007
0.000857004
0.00110909
0.00138834
0.00168863
0.00200128
0.00231477
0.00261494
0.00288553
0.00310888
0.00326771
0.00336058
0.0033391
7.76327e-05
4.58445e-05
7.16126e-05
0.000120614
0.000201883
0.00031587
0.000463171
0.000644115
0.000858154
0.00110348
0.00137657
0.00167149
0.00198028
0.00229158
0.00259124
0.00286287
0.00308836
0.00325013
0.00334823
0.00332559
5.22565e-05
1.51184e-05
3.95208e-05
8.60803e-05
0.000164776
0.000276215
0.000421392
0.000601169
0.00081561
0.00106355
0.00134206
0.00164635
0.00196817
0.00229618
0.00261559
0.00290852
0.00315437
0.00333217
0.00344113
0.0034134
-4.98687e-06
-4.63758e-05
-2.37837e-05
1.96998e-05
9.51307e-05
0.000203447
0.000346282
0.000525311
0.000741547
0.000994881
0.00128347
0.00160324
0.00194724
0.00230394
0.0026574
0.00298722
0.00326881
0.00347552
0.00360441
0.00357447
-0.000101159
-0.000147188
-0.000126987
-8.71862e-05
-1.55248e-05
8.93793e-05
0.000229988
0.000409057
0.000628898
0.000890908
0.00119486
0.00153809
0.00191488
0.00231404
0.00271865
0.00310515
0.00344297
0.00369627
0.00385763
0.00382761
-0.000236152
-0.000287731
-0.000270618
-0.000235515
-0.000168786
-6.8518e-05
6.87653e-05
0.000247177
0.000470727
0.000742838
0.00106556
0.00143845
0.00185826
0.00231483
0.00279067
0.00325855
0.00367996
0.00400508
0.00421768
0.00419169
-0.000410182
-0.000468514
-0.000455415
-0.000426585
-0.000366816
-0.000273619
-0.000142346
3.27403e-05
0.00025777
0.00053886
0.000881265
0.00128788
0.00175914
0.00228804
0.00285801
0.00343848
0.00398115
0.00441606
0.00470947
0.00469793
-0.000623896
-0.00069043
-0.000682539
-0.00066215
-0.000612314
-0.000529998
-0.000409297
-0.000242658
-2.14639e-05
0.000263749
0.000622605
0.00106383
0.00159047
0.00220497
0.00289389
0.00362559
0.00434127
0.00494466
0.00536711
0.00539671
-0.000878036
-0.000954395
-0.000953078
-0.000943839
-0.000907859
-0.000841723
-0.000738301
-0.000588178
-0.00038005
-0.000100682
0.000264778
0.000731557
0.00131347
0.00202143
0.00285242
0.00378023
0.00473843
0.00560102
0.00623388
0.00637235
-0.00117342
-0.00126131
-0.00126787
-0.00127282
-0.00125543
-0.00121221
-0.00113502
-0.00101279
-0.000831617
-0.000574361
-0.000220245
0.000254892
0.000876705
0.00167167
0.00265701
0.00382505
0.00511343
0.00637162
0.00735966
0.00777196
-0.0015111
-0.00161217
-0.00162737
-0.00164945
-0.00165578
-0.00164333
-0.00160338
-0.00152368
-0.00138836
-0.00117697
-0.000863139
-0.000413317
0.000213583
0.00105943
0.00218341
0.00361559
0.00532853
0.00717796
0.00878271
0.00984674
-0.00189295
-0.0020084
-0.00203152
-0.00207277
-0.00210768
-0.0021343
-0.00214395
-0.00212404
-0.00205795
-0.0019237
-0.00169173
-0.00132148
-0.000758241
6.78872e-05
0.00125162
0.00289767
0.00507871
0.00775005
0.0104034
0.013024
-0.00232306
-0.00245297
-0.00248048
-0.00254074
-0.00260729
-0.00268039
-0.0027521
-0.0028104
-0.0028397
-0.00281966
-0.00272258
-0.00250858
-0.00211884
-0.00146785
-0.000456692
0.00116417
0.0036495
0.0072496
0.0115678
0.0170333
-0.00280872
-0.00294411
-0.00296353
-0.00303806
-0.00313942
-0.00326807
-0.00341518
-0.00356961
-0.00371918
-0.00384933
-0.00394117
-0.00396766
-0.00388573
-0.00362036
-0.00304978
-0.00205717
-0.000172382
0.00356853
0.00918415
0.0188556
-0.003379
-0.00354106
-0.00354271
-0.00363201
-0.00375419
-0.00392333
-0.00413719
-0.00438977
-0.004674
-0.00498382
-0.00531739
-0.00567826
-0.00607745
-0.00653638
-0.00712957
-0.00795693
-0.00883768
-0.00729804
-0.00220085
0.0124523
-0.00410867
-0.00405249
-0.0039741
-0.00400775
-0.00416263
-0.00441873
-0.00475568
-0.00515476
-0.00560803
-0.00611726
-0.00670238
-0.00740727
-0.00833257
-0.00964826
-0.0118326
-0.0154569
-0.0214727
-0.0242294
-0.0209252
-0.000259692
-0.00458864
-0.00506
-0.00486867
-0.00501507
-0.00514498
-0.00538138
-0.00571954
-0.00615602
-0.00668995
-0.007327
-0.00810176
-0.00909004
-0.010498
-0.0125911
-0.0164641
-0.0224099
-0.0339038
-0.0421017
-0.0388364
-0.00644329
-0.00784673
-0.00530957
-0.00486686
-0.0045286
-0.00470632
-0.00512864
-0.00572243
-0.00640943
-0.00718014
-0.00801599
-0.00898136
-0.0101079
-0.0117624
-0.01397
-0.0186288
-0.02538
-0.037606
-0.0449472
-0.038114
0.0145389
-0.00461413
-0.00753398
-0.00673625
-0.00707938
-0.00700567
-0.00713768
-0.00745437
-0.00793373
-0.00855574
-0.00929111
-0.0101509
-0.011128
-0.0127142
-0.0146714
-0.019391
-0.0254788
-0.0348435
-0.0338779
-0.00970637
0.0756059
-0.0292608
-0.00428404
-0.00329716
-0.00288559
-0.0030689
-0.00371674
-0.00468215
-0.00566473
-0.00678088
-0.00780934
-0.0090879
-0.010295
-0.0121647
-0.0143271
-0.0173452
-0.0191067
-0.0163841
0.00892408
0.0744547
0.212766
4.5868e-05
1.52802e-05
3.93715e-05
9.03956e-05
0.000175558
0.000294808
0.000448311
0.000636017
0.000857013
0.0011091
0.00138835
0.00168864
0.00200128
0.00231478
0.00261494
0.00288553
0.00310889
0.00326772
0.00336059
0.0033391
7.76537e-05
4.5865e-05
7.16322e-05
0.000120633
0.0002019
0.000315884
0.000463183
0.000644125
0.000858163
0.00110349
0.00137658
0.0016715
0.00198029
0.00229158
0.00259124
0.00286288
0.00308836
0.00325013
0.00334823
0.0033256
5.22766e-05
1.5138e-05
3.95394e-05
8.60974e-05
0.000164792
0.000276228
0.000421404
0.00060118
0.000815619
0.00106355
0.00134207
0.00164635
0.00196818
0.00229619
0.0026156
0.00290852
0.00315437
0.00333218
0.00344114
0.0034134
-4.9681e-06
-4.63574e-05
-2.37663e-05
1.97158e-05
9.51451e-05
0.00020346
0.000346294
0.000525321
0.000741555
0.000994888
0.00128348
0.00160324
0.00194725
0.00230395
0.0026574
0.00298722
0.00326881
0.00347552
0.00360441
0.00357447
-0.000101141
-0.000147171
-0.000126971
-8.71714e-05
-1.55115e-05
8.93909e-05
0.000229998
0.000409065
0.000628905
0.000890914
0.00119487
0.0015381
0.00191488
0.00231404
0.00271866
0.00310515
0.00344298
0.00369627
0.00385763
0.00382761
-0.000236136
-0.000287715
-0.000270603
-0.000235501
-0.000168774
-6.85077e-05
6.87739e-05
0.000247184
0.000470733
0.000742843
0.00106556
0.00143845
0.00185827
0.00231484
0.00279068
0.00325855
0.00367996
0.00400508
0.00421768
0.00419169
-0.000410167
-0.000468499
-0.000455402
-0.000426572
-0.000366805
-0.00027361
-0.000142338
3.27463e-05
0.000257775
0.000538865
0.00088127
0.00128789
0.00175914
0.00228804
0.00285801
0.00343848
0.00398115
0.00441606
0.00470947
0.00469794
-0.000623883
-0.000690417
-0.000682527
-0.000662139
-0.000612304
-0.00052999
-0.00040929
-0.000242652
-2.14587e-05
0.000263753
0.00062261
0.00106383
0.00159048
0.00220498
0.00289389
0.0036256
0.00434127
0.00494466
0.00536711
0.00539671
-0.000878025
-0.000954384
-0.000953068
-0.00094383
-0.000907851
-0.000841715
-0.000738294
-0.000588172
-0.000380045
-0.000100677
0.000264782
0.00073156
0.00131347
0.00202144
0.00285243
0.00378024
0.00473843
0.00560102
0.00623389
0.00637236
-0.00117341
-0.0012613
-0.00126787
-0.00127282
-0.00125542
-0.0012122
-0.00113502
-0.00101278
-0.000831612
-0.000574357
-0.000220241
0.000254895
0.000876707
0.00167167
0.00265701
0.00382505
0.00511343
0.00637162
0.00735966
0.00777197
-0.00151109
-0.00161217
-0.00162736
-0.00164944
-0.00165578
-0.00164332
-0.00160337
-0.00152367
-0.00138835
-0.00117696
-0.000863135
-0.000413314
0.000213585
0.00105943
0.00218341
0.00361559
0.00532853
0.00717796
0.00878271
0.00984674
-0.00189294
-0.00200839
-0.00203151
-0.00207276
-0.00210767
-0.00213429
-0.00214395
-0.00212404
-0.00205795
-0.0019237
-0.00169173
-0.00132148
-0.000758239
6.78893e-05
0.00125162
0.00289767
0.00507871
0.00775005
0.0104034
0.013024
-0.00232306
-0.00245296
-0.00248048
-0.00254073
-0.00260729
-0.00268038
-0.0027521
-0.0028104
-0.0028397
-0.00281966
-0.00272258
-0.00250857
-0.00211884
-0.00146785
-0.00045669
0.00116417
0.00364951
0.0072496
0.0115678
0.0170333
-0.00280872
-0.0029441
-0.00296353
-0.00303806
-0.00313941
-0.00326807
-0.00341517
-0.0035696
-0.00371917
-0.00384933
-0.00394117
-0.00396765
-0.00388573
-0.00362036
-0.00304978
-0.00205717
-0.000172381
0.00356853
0.00918415
0.0188556
-0.00337899
-0.00354106
-0.00354271
-0.003632
-0.00375419
-0.00392332
-0.00413719
-0.00438976
-0.004674
-0.00498382
-0.00531739
-0.00567825
-0.00607744
-0.00653638
-0.00712956
-0.00795694
-0.00883768
-0.00729805
-0.00220085
0.0124523
-0.00410867
-0.00405249
-0.0039741
-0.00400774
-0.00416262
-0.00441872
-0.00475567
-0.00515475
-0.00560802
-0.00611725
-0.00670237
-0.00740726
-0.00833257
-0.00964826
-0.0118326
-0.0154569
-0.0214727
-0.0242294
-0.0209252
-0.000259689
-0.00458864
-0.00506
-0.00486867
-0.00501507
-0.00514498
-0.00538137
-0.00571954
-0.00615602
-0.00668994
-0.007327
-0.00810176
-0.00909004
-0.010498
-0.0125911
-0.0164641
-0.0224099
-0.0339038
-0.0421017
-0.0388364
-0.00644329
-0.00784672
-0.00530957
-0.00486685
-0.0045286
-0.00470632
-0.00512864
-0.00572243
-0.00640942
-0.00718014
-0.00801599
-0.00898136
-0.0101079
-0.0117624
-0.01397
-0.0186288
-0.0253799
-0.037606
-0.0449472
-0.038114
0.0145389
-0.00461413
-0.00753398
-0.00673624
-0.00707938
-0.00700566
-0.00713768
-0.00745437
-0.00793373
-0.00855574
-0.00929111
-0.0101509
-0.011128
-0.0127142
-0.0146714
-0.019391
-0.0254788
-0.0348435
-0.0338779
-0.00970637
0.0756059
-0.0292608
-0.00428403
-0.00329716
-0.00288558
-0.0030689
-0.00371674
-0.00468214
-0.00566473
-0.00678088
-0.00780934
-0.0090879
-0.010295
-0.0121647
-0.0143271
-0.0173452
-0.0191067
-0.0163841
0.00892408
0.0744547
0.212766
4.42677e-05
1.36682e-05
3.77559e-05
8.87663e-05
0.000173893
0.000293075
0.000446467
0.00063401
0.000854781
0.00110657
0.00138545
0.00168531
0.00199746
0.00231041
0.00261002
0.00288007
0.00310296
0.00326142
0.00335405
0.00333251
7.60158e-05
4.42205e-05
6.99846e-05
0.00011897
0.000200199
0.000314113
0.000461296
0.000642069
0.000855873
0.00110089
0.0013736
0.00166806
0.00197632
0.00228704
0.0025861
0.00285716
0.00308213
0.00324349
0.00334132
0.0033186
5.04952e-05
1.3349e-05
3.77481e-05
8.4292e-05
0.000162948
0.000274312
0.000419368
0.000598965
0.000813154
0.00106076
0.00133885
0.00164262
0.00196384
0.00229117
0.00260987
0.0029021
0.00314731
0.0033246
0.00343322
0.00340537
-6.97985e-06
-4.83779e-05
-2.57872e-05
1.76832e-05
9.30759e-05
0.000201317
0.000344026
0.000522861
0.00073882
0.000991779
0.00127988
0.00159904
0.00194232
0.00229819
0.00265075
0.00297966
0.00326039
0.00346641
0.00359482
0.00356473
-0.000103472
-0.000149512
-0.000129308
-8.95155e-05
-1.78877e-05
8.69432e-05
0.000227421
0.000406282
0.000625818
0.0008874
0.00119078
0.00153329
0.00190917
0.00230728
0.00271072
0.00309599
0.00343264
0.00368495
0.00384561
0.00381536
-0.000238883
-0.000290473
-0.00027335
-0.000238246
-0.000171541
-7.13377e-05
6.58173e-05
0.000244013
0.000467229
0.000738858
0.00106091
0.00143292
0.00185163
0.00230685
0.00278114
0.00324734
0.00366709
0.00399078
0.00420235
0.00417601
-0.000413441
-0.000471786
-0.000458666
-0.000429817
-0.000370052
-0.0002769
-0.000145739
2.91366e-05
0.00025382
0.000534383
0.00087603
0.00128161
0.0017515
0.0022787
0.00284662
0.00342481
0.00396514
0.00439797
0.00468983
0.00467774
-0.000627818
-0.000694367
-0.000686435
-0.000666001
-0.000616133
-0.000533823
-0.000413194
-0.000246732
-2.58671e-05
0.000258804
0.000616839
0.00105688
0.00158191
0.00219429
0.00288057
0.00360922
0.00432162
0.00492197
0.00534209
0.00537081
-0.000882791
-0.000959166
-0.00095778
-0.000948451
-0.000912383
-0.000846183
-0.000742757
-0.000592734
-0.000384868
-0.000105995
0.000258644
0.000724171
0.00130427
0.00200972
0.00283743
0.00376123
0.00471493
0.00557312
0.00620248
0.00633953
-0.00117921
-0.00126713
-0.00127358
-0.00127838
-0.00126081
-0.00121742
-0.0011401
-0.00101783
-0.000836771
-0.000579867
-0.000226451
0.000247496
0.000867468
0.00165964
0.00264111
0.00380409
0.00508646
0.00633838
0.00732111
0.00773116
-0.00151819
-0.0016193
-0.00163433
-0.00165617
-0.00166221
-0.00164944
-0.00160917
-0.00152921
-0.00139374
-0.00118242
-0.000868992
-0.000420086
0.000205141
0.00104834
0.00216818
0.00359438
0.00529956
0.00714019
0.00873695
0.00979741
-0.00190166
-0.00201714
-0.00204003
-0.00208094
-0.00211541
-0.0021415
-0.00215059
-0.00213009
-0.00206347
-0.00192882
-0.00169671
-0.00132674
-0.000764476
5.96958e-05
0.0012396
0.00287921
0.00505104
0.00771041
0.0103518
0.012967
-0.00233375
-0.0024637
-0.0024909
-0.0025507
-0.00261664
-0.00268897
-0.00275979
-0.00281709
-0.00284534
-0.00282424
-0.00272619
-0.00251143
-0.00212141
-0.00147099
-0.000460856
0.00115427
0.00363032
0.00721539
0.0115139
0.0169703
-0.00282175
-0.00295722
-0.00297627
-0.00305022
-0.00315078
-0.0032784
-0.00342425
-0.00357719
-0.00372506
-0.00385332
-0.00394311
-0.00396742
-0.00388332
-0.0036161
-0.00304521
-0.00205251
-0.000173268
0.00355146
0.00913422
0.0187896
-0.00339459
-0.00355676
-0.00355801
-0.00364663
-0.00376788
-0.00393576
-0.00414803
-0.00439862
-0.00468047
-0.00498746
-0.00531768
-0.00567459
-0.00606904
-0.00652213
-0.00710776
-0.00792575
-0.00879832
-0.00726854
-0.00222055
0.0124047
-0.00412749
-0.00407151
-0.00399269
-0.00402563
-0.00417947
-0.0044341
-0.00476908
-0.00516567
-0.00561586
-0.00612137
-0.00670195
-0.00740122
-0.00831923
-0.00962491
-0.0117929
-0.0153912
-0.0213748
-0.0241183
-0.0208761
-0.00025495
-0.00460887
-0.00508057
-0.00488936
-0.00503532
-0.00516448
-0.00539957
-0.0057358
-0.00616963
-0.0067001
-0.00733279
-0.00810206
-0.00908344
-0.010482
-0.012562
-0.016409
-0.0223095
-0.0337449
-0.0418807
-0.0386913
-0.006358
-0.00787189
-0.00533478
-0.00489134
-0.00455273
-0.00472985
-0.00515102
-0.00574285
-0.00642706
-0.00719395
-0.00802491
-0.008984
-0.0101029
-0.0117466
-0.0139403
-0.0185657
-0.0252578
-0.037416
-0.0446909
-0.0379177
0.0146294
-0.00463157
-0.00755376
-0.00675903
-0.00710332
-0.0070306
-0.00716246
-0.00747818
-0.00795541
-0.00857404
-0.00930466
-0.010158
-0.0111271
-0.012702
-0.0146441
-0.0193349
-0.0253795
-0.0346928
-0.033684
-0.00959537
0.0755994
-0.0292841
-0.00430757
-0.0033223
-0.00291237
-0.00309669
-0.00374456
-0.00470865
-0.0056888
-0.00680081
-0.00782401
-0.00909513
-0.0102937
-0.0121508
-0.0142974
-0.0172905
-0.0190201
-0.0162731
0.00904208
0.0744884
0.212694
4.11328e-05
1.05183e-05
3.46076e-05
8.56024e-05
0.00017067
0.000289728
0.000442913
0.000630143
0.000850481
0.00110171
0.00137988
0.00167888
0.00199006
0.00230196
0.00260049
0.00286951
0.00309149
0.00324925
0.00334143
0.00331978
7.27992e-05
4.09991e-05
6.67658e-05
0.000115734
0.000196899
0.000310684
0.000457652
0.000638103
0.000851459
0.00109589
0.00136786
0.00166142
0.00196867
0.00227826
0.00257616
0.00284609
0.00307006
0.00323065
0.00332797
0.0033051
4.69887e-05
9.83552e-06
3.42389e-05
8.07674e-05
0.000159361
0.000270594
0.000415426
0.000594683
0.000808392
0.00105535
0.00133262
0.00163539
0.00195544
0.00228147
0.00259878
0.00288964
0.00313361
0.00330992
0.00341787
0.00338983
-1.0949e-05
-5.23555e-05
-2.97563e-05
1.37037e-05
8.90371e-05
0.000197147
0.000339622
0.000518092
0.000733523
0.00098576
0.00127292
0.0015909
0.00193277
0.00228702
0.00263782
0.00296494
0.00324402
0.00344869
0.00357617
0.00354579
-0.000108076
-0.000154127
-0.000133906
-9.41143e-05
-2.25367e-05
8.21662e-05
0.000222404
0.000400872
0.000619821
0.000880578
0.00118285
0.00152393
0.00189807
0.00229411
0.00269524
0.00307809
0.00341243
0.00366281
0.00382212
0.00379142
-0.00024431
-0.000295914
-0.000278761
-0.000243638
-0.000176964
-7.68731e-05
6.0045e-05
0.000237829
0.000460403
0.000731094
0.00105185
0.00142214
0.00183865
0.00229122
0.00276244
0.00322532
0.00364179
0.00396266
0.00417219
0.00414515
-0.000419912
-0.000478272
-0.000465099
-0.000436199
-0.000376426
-0.000283349
-0.000152395
2.20782e-05
0.000246088
0.000525617
0.00086577
0.0012693
0.0017365
0.0022603
0.00282417
0.00339781
0.00393346
0.00436211
0.00465088
0.00463766
-0.000635602
-0.000702169
-0.000694146
-0.000673605
-0.000623662
-0.00054135
-0.000420852
-0.000254733
-3.45159e-05
0.000249086
0.000605493
0.0010432
0.00156501
0.00217316
0.00285416
0.00357664
0.00428243
0.00487659
0.00529197
0.00531885
-0.000892225
-0.000968619
-0.000967084
-0.000957566
-0.000921311
-0.000854976
-0.000751537
-0.000601711
-0.000394365
-0.000116482
0.000246516
0.00070953
0.00128599
0.00198638
0.00280746
0.00372309
0.00466758
0.00551669
0.00613876
0.00627277
-0.00119072
-0.00127866
-0.00128488
-0.00128936
-0.00127145
-0.00122771
-0.00115014
-0.00102779
-0.000846966
-0.000590779
-0.000238784
0.00023275
0.000848983
0.00163547
0.00260904
0.00376163
0.0050315
0.00627023
0.00724167
0.00764673
-0.00153232
-0.00163344
-0.00164813
-0.00166949
-0.00167495
-0.00166153
-0.00162064
-0.00154016
-0.00140443
-0.00119327
-0.000880693
-0.000433676
0.000188115
0.00102586
0.00213713
0.00355087
0.00523975
0.00706153
0.00864082
0.00969305
-0.00191905
-0.00203456
-0.00205697
-0.00209718
-0.00213076
-0.00215581
-0.00216375
-0.00214211
-0.00207446
-0.00193906
-0.00170672
-0.0013374
-0.000777209
4.28176e-05
0.00121468
0.0028408
0.00499298
0.00762624
0.0102406
0.0128429
-0.00235516
-0.00248518
-0.00251175
-0.00257059
-0.00263527
-0.00270606
-0.00277509
-0.00283041
-0.00285657
-0.0028334
-0.00273349
-0.00251727
-0.00212678
-0.00147766
-0.000470125
0.00113317
0.00358933
0.00714128
0.0113946
0.0168296
-0.00284804
-0.00298363
-0.0030019
-0.00307464
-0.00317355
-0.00329906
-0.00344234
-0.00359229
-0.00373678
-0.00386129
-0.00394701
-0.003967
-0.00387853
-0.00360753
-0.00303559
-0.00204274
-0.00017489
0.00351478
0.00902269
0.0186421
-0.00342628
-0.0035886
-0.00358899
-0.00367617
-0.00379545
-0.00396073
-0.00416971
-0.00441629
-0.00469334
-0.00499465
-0.00531816
-0.00566708
-0.0060519
-0.00649293
-0.00706253
-0.00785972
-0.00871151
-0.00720037
-0.00226386
0.012301
-0.0041661
-0.00411047
-0.00403069
-0.0040621
-0.00421371
-0.00446522
-0.0047961
-0.00518756
-0.00563149
-0.00612944
-0.00670083
-0.00738872
-0.00829196
-0.00957741
-0.011711
-0.0152501
-0.0211582
-0.0238683
-0.0207671
-0.000242315
-0.00465082
-0.00512309
-0.00493212
-0.00507699
-0.00520446
-0.00543668
-0.0057687
-0.006197
-0.00672033
-0.0073441
-0.00810225
-0.00906973
-0.01045
-0.0125066
-0.0163053
-0.0220877
-0.0333973
-0.0413987
-0.0383846
-0.00618619
-0.00792474
-0.00538754
-0.00494253
-0.00460301
-0.00477872
-0.0051973
-0.00578473
-0.00646296
-0.00722177
-0.0080426
-0.00898892
-0.0100927
-0.0117166
-0.0138963
-0.0185087
-0.0249372
-0.0369972
-0.0441486
-0.0375252
0.0147861
-0.00466807
-0.00759514
-0.00680714
-0.00715374
-0.0070831
-0.00721549
-0.00752632
-0.00799983
-0.00861118
-0.00933176
-0.0101719
-0.0111251
-0.012678
-0.0145945
-0.0192342
-0.0251674
-0.0343811
-0.0332956
-0.00940957
0.0755244
-0.029334
-0.00435819
-0.00337642
-0.00296989
-0.003156
-0.00380345
-0.00476406
-0.00573854
-0.00684148
-0.00785353
-0.00910931
-0.0102907
-0.0121227
-0.0142389
-0.0171828
-0.0188481
-0.0160553
0.0092627
0.0745088
0.212494
3.66347e-05
6.0238e-06
3.01365e-05
8.11359e-05
0.00016614
0.00028504
0.000437941
0.000624735
0.000844461
0.00109488
0.00137203
0.00166983
0.00197962
0.00229001
0.002587
0.00285454
0.00307524
0.00323204
0.00332361
0.00330184
6.81555e-05
3.63735e-05
6.2165e-05
0.000111136
0.000192235
0.000305856
0.000452533
0.000632538
0.000845265
0.00108886
0.00135977
0.00165207
0.00195785
0.00226584
0.00256208
0.0028304
0.00305297
0.00321249
0.00330911
0.00328606
4.18975e-05
4.7607e-06
2.91923e-05
7.57281e-05
0.000154257
0.000265326
0.000409859
0.000588647
0.000801683
0.00104774
0.00132384
0.00162518
0.00194355
0.0022677
0.00258304
0.00287193
0.00311415
0.00328909
0.00339612
0.00336785
-1.67426e-05
-5.81337e-05
-3.54994e-05
7.97676e-06
8.32532e-05
0.000191199
0.000333363
0.000511331
0.000726022
0.000977237
0.00126306
0.00157934
0.00191918
0.0022711
0.00261938
0.00294394
0.00322064
0.0034234
0.00354958
0.00351883
-0.000114818
-0.000160854
-0.000140587
-0.000100763
-2.92287e-05
7.53171e-05
0.000215233
0.000393159
0.000611283
0.000870865
0.00117155
0.00151058
0.00188219
0.00227524
0.00267303
0.00305238
0.00338337
0.00363098
0.00378833
0.00375705
-0.000252272
-0.000303862
-0.000286642
-0.00025146
-0.000184801
-8.48457e-05
5.17547e-05
0.000228967
0.000450629
0.000719974
0.00103885
0.00140664
0.00181998
0.00226866
0.00273539
0.00319341
0.00360507
0.0039218
0.00412834
0.00410034
-0.000429415
-0.000487762
-0.000474487
-0.00044548
-0.000385669
-0.000292674
-0.000161999
1.19062e-05
0.000234949
0.00051298
0.000850956
0.00125147
0.00171473
0.00223353
0.00279139
0.00335828
0.00388696
0.00430938
0.00459351
0.00457866
-0.000647045
-0.000713597
-0.000705419
-0.000684692
-0.000634613
-0.000552275
-0.000431955
-0.000266325
-4.70513e-05
0.000234981
0.00058899
0.00102325
0.00154026
0.0021421
0.0028152
0.00352838
0.00422413
0.00480886
0.00521698
0.00524103
-0.000906117
-0.000982493
-0.000980719
-0.000970889
-0.000934338
-0.000867789
-0.000764322
-0.000614785
-0.000408216
-0.000131814
0.000228724
0.000687963
0.00125895
0.00195171
0.00276271
0.00366584
0.00459609
0.00543097
0.00604152
0.00617056
-0.00120772
-0.00129563
-0.00130149
-0.00130548
-0.00128702
-0.00124276
-0.00116481
-0.00104237
-0.000861927
-0.000606852
-0.000257041
0.000210799
0.000821303
0.00159907
0.00256045
0.00369686
0.00494699
0.00616453
0.00711747
0.00751382
-0.00155324
-0.00165435
-0.00166851
-0.00168911
-0.00169367
-0.00167929
-0.00163748
-0.00155627
-0.00142021
-0.00120938
-0.000898188
-0.000454159
0.000162273
0.000991464
0.00208928
0.00348329
0.00514586
0.00693648
0.00848602
0.00952295
-0.00194495
-0.00206046
-0.00208212
-0.00212123
-0.00215344
-0.00217692
-0.00218317
-0.00215987
-0.00209076
-0.00195436
-0.00172187
-0.00135374
-0.000797005
1.63065e-05
0.00117529
0.00277975
0.00489965
0.00748858
0.0100552
0.012632
-0.00238732
-0.00251735
-0.00254291
-0.00260024
-0.00266298
-0.00273142
-0.00279775
-0.00285014
-0.00287327
-0.00284717
-0.00274484
-0.00252651
-0.00213557
-0.0014887
-0.000486297
0.00109834
0.00352175
0.00701675
0.011188
0.0165814
-0.00288793
-0.00302362
-0.00304062
-0.0031114
-0.00320769
-0.00332992
-0.00346928
-0.00361474
-0.0037542
-0.00387322
-0.003953
-0.00396663
-0.00387165
-0.00359475
-0.00302049
-0.00202756
-0.000176422
0.00345553
0.00882896
0.0183842
-0.003475
-0.0036374
-0.00363632
-0.00372108
-0.00383715
-0.00399829
-0.00420213
-0.00444258
-0.00471239
-0.00500523
-0.00531869
-0.00565552
-0.00602536
-0.00644713
-0.00699027
-0.0077517
-0.0085601
-0.00706986
-0.00233118
0.0121345
-0.00422642
-0.00417112
-0.00408969
-0.00411844
-0.00426632
-0.00451272
-0.00483701
-0.0052204
-0.00565466
-0.0061411
-0.00669852
-0.00736889
-0.00824881
-0.00950158
-0.0115782
-0.0150182
-0.0207805
-0.0234165
-0.0205674
-0.000205029
-0.00471772
-0.00519054
-0.00499984
-0.00514244
-0.00526673
-0.00549392
-0.00581888
-0.00623818
-0.00675024
-0.00736023
-0.00810129
-0.00904717
-0.0103984
-0.0124192
-0.0161437
-0.0217263
-0.0328122
-0.0405751
-0.0378766
-0.00592288
-0.00801071
-0.00547283
-0.00502511
-0.00468353
-0.00485644
-0.00527016
-0.00585016
-0.00651809
-0.00726368
-0.00806849
-0.00899496
-0.0100752
-0.0116681
-0.0138384
-0.0184923
-0.0243779
-0.0363034
-0.0432723
-0.0369421
0.0149536
-0.0047282
-0.00766273
-0.00688654
-0.00723617
-0.00716799
-0.00729885
-0.00760462
-0.00806929
-0.00866778
-0.00937198
-0.0101916
-0.0111204
-0.0126397
-0.0145214
-0.0190909
-0.0248403
-0.0339049
-0.0327253
-0.0092264
0.0752603
-0.0294182
-0.0044447
-0.00346878
-0.00306721
-0.003255
-0.00390003
-0.00485345
-0.00581686
-0.00690405
-0.00789784
-0.00912955
-0.0102849
-0.0120786
-0.0141504
-0.0170209
-0.0186032
-0.0157473
0.00953972
0.0744125
0.212021
3.10242e-05
4.8621e-07
2.46702e-05
7.57276e-05
0.000160692
0.000279424
0.000431993
0.000618261
0.000837235
0.00108665
0.00136254
0.00165882
0.00196687
0.00227538
0.00257043
0.00283615
0.0030553
0.00321098
0.00330187
0.00328008
6.22849e-05
3.05939e-05
5.64585e-05
0.000105489
0.000186549
0.000300004
0.000446352
0.000625828
0.000837794
0.00108037
0.00134998
0.00164069
0.00194465
0.00225065
0.00254482
0.00281117
0.00303203
0.00319029
0.00328612
0.00326298
3.5399e-05
-1.64402e-06
2.28668e-05
6.94717e-05
0.000147971
0.000258878
0.000403076
0.000581313
0.00079354
0.00103849
0.00131316
0.00161272
0.00192901
0.00225082
0.00256369
0.00285016
0.00309023
0.00326353
0.00336951
0.00334107
-2.42014e-05
-6.54944e-05
-4.27709e-05
7.89783e-07
7.60493e-05
0.00018384
0.00032566
0.000503041
0.000716846
0.000966815
0.00125098
0.00156517
0.00190247
0.00225148
0.00259659
0.00291796
0.00319173
0.00339218
0.00351681
0.00348575
-0.000123536
-0.000169468
-0.000149097
-0.000109165
-3.76285e-05
6.67718e-05
0.000206332
0.000383622
0.00060075
0.000858892
0.00115761
0.00149408
0.00186251
0.00225179
0.00264535
0.00302029
0.00334708
0.00359125
0.00374622
0.00371436
-0.000262586
-0.000314067
-0.000296716
-0.000261391
-0.000194694
-9.48593e-05
4.1387e-05
0.000217919
0.000438468
0.000706144
0.00102267
0.0013873
0.0017966
0.00224035
0.00270134
0.00315314
0.00355864
0.00387014
0.00407291
0.00404384
-0.000441735
-0.000499964
-0.000486518
-0.000457307
-0.000397392
-0.000304454
-0.000174093
-8.72888e-07
0.000220969
0.000497113
0.000832319
0.00122898
0.00168718
0.00219953
0.00274961
0.0033077
0.00382729
0.00424161
0.00451971
0.00450287
-0.000661894
-0.000728316
-0.000719897
-0.000698865
-0.000648562
-0.000566154
-0.000446027
-0.000281002
-6.29242e-05
0.000217094
0.000568004
0.000997791
0.00150854
0.0021021
0.00276479
0.00346566
0.00414804
0.00472014
0.00511849
0.00513879
-0.00092417
-0.0010004
-0.000998278
-0.000987981
-0.000951005
-0.000884151
-0.000780631
-0.000631466
-0.000425915
-0.000151465
0.000205821
0.000660067
0.00122376
0.00190634
0.00270384
0.00359008
0.00450089
0.00531616
0.00591066
0.00603252
-0.00122986
-0.00131761
-0.00132296
-0.00132623
-0.00130703
-0.00126209
-0.00118365
-0.00106111
-0.000881218
-0.000627685
-0.000280859
0.000181951
0.000784651
0.00155058
0.0024953
0.00360941
0.00483191
0.0060192
0.00694528
0.00732788
-0.00158064
-0.00168156
-0.00169498
-0.00171451
-0.00171787
-0.00170221
-0.00165922
-0.00157712
-0.00144072
-0.00123049
-0.00092134
-0.000481561
0.000127416
0.000944624
0.00202365
0.00338991
0.00501469
0.00675934
0.00826354
0.00927446
-0.00197912
-0.00209441
-0.00211502
-0.00215258
-0.00218294
-0.00220432
-0.00220838
-0.00218297
-0.0021121
-0.00197461
-0.00174216
-0.00137615
-0.000824632
-2.11148e-05
0.00111963
0.0026932
0.00476571
0.00728731
0.00977777
0.0123088
-0.00243018
-0.00255998
-0.00258411
-0.00263927
-0.00269932
-0.00276456
-0.00282732
-0.00287591
-0.00289521
-0.00286541
-0.00275945
-0.00253956
-0.00214865
-0.00150557
-0.000511363
0.00104709
0.00342245
0.00682986
0.0108662
0.0161854
-0.00294188
-0.00307738
-0.00309253
-0.00316042
-0.00325299
-0.00337063
-0.00350466
-0.00364414
-0.00377709
-0.00388907
-0.0039613
-0.00396699
-0.0038636
-0.00357861
-0.00299985
-0.00200685
-0.000175368
0.00337346
0.00852803
0.0179787
-0.0035421
-0.00370417
-0.00370083
-0.00378178
-0.00389306
-0.00404821
-0.00424491
-0.00447701
-0.00473722
-0.005019
-0.00531939
-0.0056402
-0.00598947
-0.00638354
-0.00688727
-0.00759344
-0.00831965
-0.00683875
-0.00241661
0.0119033
-0.00431137
-0.00425598
-0.0041719
-0.00419636
-0.00433845
-0.00457712
-0.00489183
-0.00526384
-0.00568486
-0.00615586
-0.00669463
-0.00734115
-0.00818773
-0.00939096
-0.0113802
-0.0146784
-0.020182
-0.0226689
-0.0202207
-9.91771e-05
-0.00481538
-0.00528784
-0.00509715
-0.0052352
-0.00535377
-0.00557255
-0.0058866
-0.00629258
-0.00678879
-0.00737987
-0.00809772
-0.00901347
-0.0103205
-0.0122757
-0.0158608
-0.0212517
-0.0319465
-0.0392993
-0.0371029
-0.00555742
-0.00813882
-0.00559858
-0.00514661
-0.0048008
-0.00496847
-0.00537357
-0.00594099
-0.00659285
-0.007319
-0.00810116
-0.00900033
-0.0100471
-0.0115886
-0.0136922
-0.0181308
-0.0239308
-0.0353815
-0.0420206
-0.036194
0.0150429
-0.00482346
-0.00776659
-0.00700891
-0.00736088
-0.00729427
-0.00742031
-0.00771587
-0.00816513
-0.00874318
-0.00942357
-0.0102145
-0.0111104
-0.0125812
-0.0144061
-0.0188518
-0.0244662
-0.0333065
-0.0320225
-0.00921
0.0745695
-0.0295521
-0.00458381
-0.00361634
-0.00322025
-0.00340708
-0.00404446
-0.00498335
-0.0059271
-0.00698937
-0.00795578
-0.00915428
-0.0102743
-0.0120176
-0.0140284
-0.0168054
-0.0183042
-0.0153902
0.00978334
0.0739735
0.211004
2.46364e-05
-5.62397e-06
1.87272e-05
6.99479e-05
0.000154926
0.000273499
0.000425705
0.000611377
0.000829489
0.00107775
0.00135218
0.00164669
0.00195273
0.00225905
0.00255189
0.00281554
0.00303299
0.00318752
0.0032778
0.00325627
5.53868e-05
2.3989e-05
5.00139e-05
9.92139e-05
0.000180304
0.000293628
0.000439648
0.000618563
0.000829696
0.00107113
0.00133928
0.0016282
0.00193009
0.0022338
0.00252563
0.00278975
0.00300875
0.00316572
0.00326083
0.00323789
2.76367e-05
-9.08934e-06
1.55907e-05
6.23849e-05
0.000140934
0.000251726
0.000395604
0.000573271
0.000784625
0.00102835
0.00130142
0.00159898
0.00191289
0.00223205
0.00254211
0.00282585
0.00306356
0.00323516
0.00334012
0.00331185
-3.32221e-05
-7.41747e-05
-5.12692e-05
-7.49349e-06
6.78394e-05
0.000175534
0.000317038
0.00049382
0.000706676
0.00095528
0.0012376
0.00154941
0.00188385
0.00222953
0.00257103
0.00288877
0.00315928
0.00335726
0.00348032
0.00344931
-0.000134125
-0.000179693
-0.000159121
-0.000118944
-4.73077e-05
5.70121e-05
0.000196246
0.000372883
0.000588938
0.000845488
0.001142
0.00147556
0.00184035
0.0022253
0.002614
0.00298386
0.00330589
0.00354629
0.00369872
0.00366666
-0.00027512
-0.00032621
-0.000308631
-0.000273015
-0.000206181
-0.000106399
2.95171e-05
0.000205338
0.000424667
0.000690471
0.00100431
0.00136531
0.00176995
0.00220795
0.00266225
0.00310679
0.00350516
0.00381071
0.00400931
0.00397949
-0.000456693
-0.0005145
-0.000500779
-0.000471208
-0.000411083
-0.000318134
-0.000188068
-1.55837e-05
0.000204913
0.000478895
0.000810884
0.001203
0.00165529
0.00216003
0.00270087
0.0032485
0.0037573
0.00416212
0.00443322
0.00441451
-0.000679905
-0.000745865
-0.000737096
-0.000715586
-0.00066494
-0.000582382
-0.000462431
-0.000298075
-8.13782e-05
0.000196275
0.000543516
0.00096798
0.00147118
0.00205478
0.00270488
0.00339078
0.00405686
0.00461364
0.00500015
0.00501618
-0.00094607
-0.00102179
-0.00101919
-0.00100822
-0.000970674
-0.00090341
-0.0007998
-0.00065107
-0.000446749
-0.000174677
0.000178632
0.000626753
0.00118147
0.00185154
0.00263235
0.0034976
0.00438406
0.00517458
0.00574879
0.00586125
-0.00125677
-0.00134394
-0.00134863
-0.00135093
-0.00133078
-0.00128498
-0.00120596
-0.00108334
-0.00090421
-0.000652679
-0.000309674
0.000146742
0.000739507
0.00149058
0.00241426
0.00349995
0.00468686
0.00583459
0.00672509
0.00708766
-0.00161408
-0.00171433
-0.0017268
-0.00174492
-0.00174675
-0.00172954
-0.00168515
-0.00160208
-0.00146547
-0.00125625
-0.000949976
-0.000515864
8.33376e-05
0.000884944
0.0019396
0.00326975
0.0048445
0.0065269
0.00796794
0.00893738
-0.00202113
-0.00213565
-0.00215491
-0.00219042
-0.00221842
-0.00223721
-0.00223865
-0.00221084
-0.00213812
-0.0019998
-0.00176817
-0.0014055
-0.000861338
-7.12373e-05
0.00104551
0.00257855
0.00458661
0.00701422
0.00939319
0.0118448
-0.00248349
-0.0026124
-0.00263464
-0.00268686
-0.00274341
-0.00280463
-0.00286302
-0.00290715
-0.00292216
-0.0028886
-0.00278001
-0.00255856
-0.00216881
-0.0015313
-0.000548224
0.000978381
0.00328685
0.0065704
0.010404
0.0155918
-0.00301018
-0.00314469
-0.00315732
-0.00322116
-0.00330873
-0.00342037
-0.00354764
-0.00367984
-0.00380516
-0.00390926
-0.0039734
-0.00397049
-0.0038579
-0.00356321
-0.00297572
-0.00197258
-0.00016571
0.00327759
0.00811211
0.0173894
-0.00362915
-0.00378964
-0.00378295
-0.00385817
-0.00396264
-0.00410964
-0.00429699
-0.00451864
-0.00476732
-0.00503601
-0.00532131
-0.00562339
-0.00594764
-0.00630603
-0.00675548
-0.00737769
-0.00795353
-0.0064304
-0.00245045
0.0116543
-0.00442469
-0.00436788
-0.00427974
-0.00429748
-0.00443083
-0.00465835
-0.00495979
-0.00531669
-0.00572101
-0.00617312
-0.00668959
-0.0073074
-0.0081123
-0.00925048
-0.0111192
-0.0142022
-0.0192726
-0.0214651
-0.0195503
0.000208597
-0.00495344
-0.00542226
-0.00523056
-0.00535964
-0.00546786
-0.00567295
-0.00597059
-0.00635758
-0.00683318
-0.00740058
-0.0080903
-0.00896953
-0.0102208
-0.01209
-0.0154899
-0.020605
-0.0307077
-0.0374088
-0.0358782
-0.00502269
-0.00832303
-0.0057763
-0.00531814
-0.0049639
-0.00512161
-0.00551115
-0.00605786
-0.00668537
-0.00738468
-0.00813732
-0.00900289
-0.0100098
-0.0114879
-0.0135069
-0.0177145
-0.023317
-0.0341839
-0.0403729
-0.0353052
0.0148996
-0.0049838
-0.0079284
-0.00719564
-0.0075447
-0.00747493
-0.0075875
-0.00786225
-0.00828535
-0.0088333
-0.00948013
-0.0102353
-0.0110932
-0.0125065
-0.0142702
-0.0185665
-0.0240338
-0.032616
-0.0312985
-0.00952283
0.073113
-0.0297693
-0.00481149
-0.00385349
-0.00345848
-0.00363442
-0.00425098
-0.00516085
-0.00607164
-0.00709646
-0.00802471
-0.00918091
-0.0102584
-0.0119413
-0.0138872
-0.0165562
-0.0179899
-0.0150393
0.00982043
0.072973
0.208956
1.78609e-05
-1.16776e-05
1.29645e-05
6.44963e-05
0.000149558
0.000267994
0.00041982
0.000604853
0.000822033
0.00106903
0.00134186
0.00163442
0.00193822
0.00224212
0.00253252
0.00279393
0.00300963
0.00316318
0.00325309
0.00323253
4.75245e-05
1.69317e-05
4.32368e-05
9.27765e-05
0.000174005
0.000287272
0.000433015
0.000611399
0.000821708
0.00106199
0.00132862
0.00161565
0.00191534
0.00221662
0.00250596
0.00276775
0.00298489
0.00314075
0.00323534
0.0032133
1.85918e-05
-1.72462e-05
7.73239e-06
5.49062e-05
0.000133632
0.000244408
0.000388043
0.000565194
0.000775707
0.00101821
0.00128964
0.00158511
0.00189654
0.00221288
0.00251997
0.00280086
0.00303618
0.00320626
0.00331044
0.00328312
-4.38853e-05
-8.38758e-05
-6.0653e-05
-1.64532e-05
5.91e-05
0.000166819
0.000308106
0.000484368
0.000696329
0.000943584
0.00122403
0.00153339
0.00186482
0.002207
0.00254469
0.00285863
0.00312581
0.00332149
0.00344322
0.00341315
-0.000146676
-0.000191198
-0.000170288
-0.000129644
-5.77537e-05
4.66127e-05
0.000185627
0.000361692
0.000576726
0.000831692
0.00112594
0.00145647
0.00181743
0.0021978
0.00258132
0.00294581
0.0032629
0.00349963
0.00364975
0.00361851
-0.000289937
-0.000339887
-0.000321945
-0.000285813
-0.000218684
-0.000118832
1.68547e-05
0.000192033
0.000410171
0.000674074
0.000985129
0.00134228
0.00174194
0.00217377
0.00262086
0.00305759
0.00344841
0.00374796
0.00394251
0.00391312
-0.000474305
-0.000530863
-0.000516739
-0.000486575
-0.000426086
-0.00033301
-0.000203152
-3.13596e-05
0.000187779
0.000459506
0.000788065
0.00117522
0.00162113
0.00211756
0.00264827
0.00318443
0.0036815
0.00407633
0.00434031
0.00432092
-0.00070103
-0.000765609
-0.000756367
-0.000734139
-0.000682996
-0.000600178
-0.000480334
-0.000316635
-0.000101388
0.000173715
0.000516943
0.000935578
0.00143031
0.00200279
0.00263877
0.00330786
0.00395571
0.00449572
0.00486958
0.0048821
-0.000971681
-0.00104586
-0.00104267
-0.00103077
-0.000992487
-0.000924697
-0.000820938
-0.000672664
-0.00046971
-0.000200321
0.000148459
0.000589559
0.00113392
0.00178969
0.00255136
0.0033924
0.00425082
0.00501312
0.00556461
0.00566672
-0.0012882
-0.00137363
-0.00137753
-0.00137857
-0.00135727
-0.00131047
-0.0012308
-0.00110815
-0.000929963
-0.000680861
-0.000342449
0.000106268
0.000686984
0.00142069
0.00231952
0.00337152
0.00451621
0.00561704
0.0064658
0.00680237
-0.00165317
-0.00175144
-0.00176282
-0.00177913
-0.00177916
-0.00176017
-0.00171426
-0.00163023
-0.00149363
-0.00128593
-0.000983469
-0.000556487
3.07867e-05
0.000812819
0.00183743
0.00312355
0.0046372
0.00624329
0.00760638
0.00851633
-0.00207049
-0.00218272
-0.00220041
-0.00223332
-0.00225851
-0.00227431
-0.00227284
-0.00224254
-0.00216816
-0.00202955
-0.00179975
-0.00144218
-0.000908199
-0.000135961
0.000950593
0.0024339
0.00436078
0.00666976
0.00890393
0.0112339
-0.0025468
-0.00267301
-0.00269299
-0.00274142
-0.00279369
-0.00285014
-0.00290355
-0.00294283
-0.00295352
-0.00291655
-0.002806
-0.00258476
-0.0021987
-0.00157014
-0.000601612
0.000893032
0.00311055
0.00623459
0.00980045
0.0147859
-0.00309286
-0.0032242
-0.0032337
-0.00329213
-0.00337324
-0.00347743
-0.00359662
-0.00372055
-0.00383768
-0.00393382
-0.00399012
-0.00397957
-0.00385904
-0.0035551
-0.00295244
-0.00189674
-0.000146578
0.00317412
0.00760079
0.0166217
-0.00373754
-0.00389318
-0.00388192
-0.00394881
-0.00404401
-0.00418045
-0.00435625
-0.00456558
-0.00480118
-0.00505604
-0.0053259
-0.00560894
-0.0059069
-0.0062255
-0.00661081
-0.00715236
-0.0074579
-0.00580232
-0.00238136
0.0114846
-0.0045706
-0.00450878
-0.00441466
-0.0044222
-0.00454282
-0.00475492
-0.00503896
-0.00537701
-0.00576125
-0.00619199
-0.00668457
-0.0072723
-0.00803241
-0.0090962
-0.0108147
-0.0135997
-0.0180411
-0.019699
-0.018477
0.000904195
-0.00514679
-0.00560344
-0.00540799
-0.00551949
-0.00560997
-0.00579406
-0.00606876
-0.00643104
-0.00687945
-0.00741857
-0.00807749
-0.00891862
-0.0101108
-0.0118838
-0.0150587
-0.0197888
-0.0290655
-0.0348378
-0.0342378
-0.00421781
-0.00857899
-0.00601855
-0.00555366
-0.00518401
-0.00532226
-0.00568492
-0.00619952
-0.00679241
-0.00745516
-0.00817092
-0.00899902
-0.0099652
-0.0113809
-0.0133129
-0.0172944
-0.0225508
-0.0327736
-0.0384371
-0.0347133
0.0143286
-0.00527141
-0.00819436
-0.007486
-0.00781798
-0.00772879
-0.00781068
-0.00804783
-0.00842659
-0.00893008
-0.00953057
-0.0102444
-0.0110637
-0.012423
-0.0141335
-0.0182768
-0.0235585
-0.031934
-0.0307636
-0.0108825
0.0703315
-0.0301116
-0.00517355
-0.00422335
-0.00381645
-0.00396026
-0.004533
-0.00539082
-0.00624757
-0.00721906
-0.00809585
-0.00920594
-0.0102351
-0.0118704
-0.013738
-0.0163241
-0.0176896
-0.0148665
0.00928537
0.0704988
0.20508
1.13154e-05
-1.61334e-05
9.12828e-06
6.12228e-05
0.000146385
0.000264617
0.000415897
0.000600107
0.000816136
0.00106163
0.00133259
0.00162294
0.00192422
0.00222544
0.00251315
0.00277216
0.00298611
0.00313902
0.00322912
0.00321135
3.84533e-05
9.93845e-06
3.67344e-05
8.68739e-05
0.000168385
0.000281698
0.000427249
0.000605179
0.000814729
0.0010539
0.00131906
0.00160422
0.00190168
0.0022005
0.00248731
0.00274678
0.00296221
0.00311741
0.00321209
0.00319302
7.78329e-06
-2.57557e-05
-2.66313e-07
4.75763e-05
0.000126663
0.000237571
0.000381103
0.000557874
0.000767677
0.00100908
0.00127897
0.00157242
0.00188141
0.00219495
0.00249908
0.00277715
0.00301029
0.0031794
0.00328347
0.00325956
-5.67893e-05
-9.43098e-05
-7.05619e-05
-2.56274e-05
5.03578e-05
0.000158286
0.000299542
0.000475472
0.000686723
0.00093281
0.00121155
0.00151858
0.00184709
0.00218582
0.00251976
0.00283
0.00309413
0.0032882
0.00340941
0.00338311
-0.00016178
-0.000203652
-0.000182204
-0.000140774
-6.84111e-05
3.61958e-05
0.000175185
0.00035088
0.000565094
0.000818672
0.00111084
0.00143847
0.00179573
0.00217157
0.00254998
0.00290922
0.00322172
0.00345561
0.00360444
0.00357726
-0.000307572
-0.000354663
-0.000336171
-0.000299205
-0.000231574
-0.000131468
4.17124e-06
0.000178894
0.000396028
0.000658212
0.000966641
0.00132002
0.00171483
0.00214052
0.00258039
0.00300938
0.00339299
0.0036875
0.00387925
0.00385405
-0.000495027
-0.000548472
-0.000533781
-0.000502717
-0.000441675
-0.000348312
-0.00021851
-4.72587e-05
0.000170666
0.000440271
0.000765507
0.00114763
0.00158722
0.0020752
0.00259557
0.00312008
0.00360559
0.00399143
0.00424974
0.004234
-0.000725628
-0.00078678
-0.000776935
-0.000753693
-0.00070189
-0.000618685
-0.000498837
-0.000335705
-0.000121843
0.000150722
0.000489876
0.000902681
0.00138842
0.00194931
0.00257054
0.00322207
0.00385126
0.0043751
0.00473779
0.00475136
-0.00100125
-0.0010716
-0.00106773
-0.00105463
-0.00101546
-0.000947056
-0.000843092
-0.000695262
-0.000493726
-0.000227176
0.000116744
0.000550223
0.00108317
0.00172371
0.00246475
0.00327963
0.00410811
0.00484139
0.0053711
0.00546594
-0.00132425
-0.00140537
-0.00140843
-0.00140791
-0.00138534
-0.00133748
-0.00125715
-0.00113455
-0.000957516
-0.000711222
-0.000378092
6.16214e-05
0.000627575
0.00134271
0.00221374
0.00322783
0.00432553
0.00537527
0.00618075
0.0064876
-0.00169785
-0.00179118
-0.00180144
-0.00181564
-0.00181371
-0.00179287
-0.00174546
-0.00166065
-0.00152441
-0.00131887
-0.00102121
-0.000602751
-2.89083e-05
0.000728724
0.00171689
0.00295095
0.00439406
0.00591321
0.00718903
0.00801629
-0.0021269
-0.0022334
-0.00224951
-0.00227937
-0.00230148
-0.00231412
-0.00230973
-0.00227716
-0.00220163
-0.00206366
-0.00183725
-0.00148719
-0.000966968
-0.000219353
0.00082776
0.00224858
0.00407948
0.00624994
0.00831186
0.0104471
-0.00261958
-0.00273897
-0.00275658
-0.00280047
-0.00284788
-0.00289912
-0.00294736
-0.00298195
-0.00298888
-0.0029497
-0.00283933
-0.00262181
-0.00224488
-0.00163373
-0.000694449
0.000747145
0.0028645
0.00580107
0.00905216
0.0136801
-0.00318951
-0.00331276
-0.00331878
-0.00337037
-0.00344365
-0.00353913
-0.00364943
-0.00376483
-0.0038742
-0.00396376
-0.00401507
-0.00400114
-0.00387918
-0.00357569
-0.00297483
-0.00193058
-0.000160105
0.00303979
0.00705325
0.0155928
-0.00386786
-0.00401115
-0.00399405
-0.00404938
-0.00413261
-0.00425618
-0.0044188
-0.00461499
-0.00483765
-0.00507991
-0.00533713
-0.0056053
-0.0058814
-0.00616016
-0.00645791
-0.00679654
-0.00675828
-0.00486076
-0.00182866
0.0116103
-0.00475372
-0.00467847
-0.00457567
-0.00456822
-0.00467036
-0.00486141
-0.00512328
-0.00543898
-0.00580143
-0.00621091
-0.00668177
-0.0072434
-0.00796204
-0.00894627
-0.0104778
-0.0128438
-0.0164764
-0.0171339
-0.0161779
0.00267412
-0.00541791
-0.00583843
-0.00563183
-0.00571043
-0.00577109
-0.00592287
-0.00616565
-0.00649615
-0.00691484
-0.00742497
-0.00805523
-0.00886317
-0.010001
-0.011673
-0.0145802
-0.0187875
-0.0268892
-0.0313968
-0.0309211
-0.00259277
-0.00893532
-0.00634403
-0.00587229
-0.00547231
-0.00557092
-0.00588521
-0.00634905
-0.00689351
-0.00750989
-0.00818439
-0.00897603
-0.00991033
-0.0112759
-0.0131244
-0.0168983
-0.0216461
-0.0311526
-0.0362945
-0.0329289
0.0132103
-0.00589298
-0.00866687
-0.00794809
-0.00820514
-0.00805057
-0.00805505
-0.00823372
-0.00855099
-0.00899367
-0.00953981
-0.010212
-0.0110053
-0.0123264
-0.0140066
-0.0180026
-0.0230508
-0.0312565
-0.0305253
-0.0121298
0.0653313
-0.0307588
-0.00583017
-0.00486097
-0.00438453
-0.00443518
-0.00491631
-0.00568325
-0.00645776
-0.00735096
-0.008164
-0.00922062
-0.0102067
-0.0118081
-0.0136016
-0.0161518
-0.0174745
-0.0148756
0.0078757
0.0666118
0.196863
5.47948e-06
-1.83728e-05
7.60505e-06
6.01791e-05
0.000145391
0.000263299
0.000414091
0.000597428
0.000812269
0.00105624
0.00132527
0.00161322
0.0019118
0.00221007
0.00249483
0.00275121
0.00296334
0.00311589
0.00320681
0.00319475
2.78546e-05
3.47136e-06
3.07765e-05
8.16641e-05
0.000163566
0.000277043
0.000422575
0.000600248
0.000809271
0.0010476
0.00131155
0.00159508
0.00189058
0.00218717
0.00247165
0.002729
0.00294294
0.00309791
0.00319314
0.00317951
-5.13526e-06
-3.39483e-05
-7.93386e-06
4.07708e-05
0.000120358
0.000231563
0.000375204
0.000551847
0.000761226
0.00100184
0.00127052
0.00156226
0.00186911
0.00218016
0.00248159
0.0027571
0.00298835
0.00315699
0.00326156
0.00324391
-7.22004e-05
-0.000104563
-8.02834e-05
-3.43959e-05
4.21853e-05
0.000150517
0.000291982
0.000467866
0.000678739
0.000924029
0.00120147
0.00150656
0.00183258
0.0021683
0.0024989
0.00280585
0.0030674
0.00326055
0.00338207
0.00336289
-0.000179589
-0.000215886
-0.000193916
-0.000151478
-7.8478e-05
2.6566e-05
0.000165778
0.000341398
0.000555142
0.00080774
0.00109829
0.00142349
0.00177762
0.00214954
0.00252344
0.00287804
0.00318668
0.0034188
0.00356751
0.00354858
-0.00032805
-0.000369108
-0.000350124
-0.000312112
-0.000243826
-0.00014328
-7.45055e-06
0.00016711
0.000383599
0.000644504
0.000950827
0.00130081
0.00169167
0.00211198
0.00254547
0.00296762
0.00334514
0.00363621
0.00382696
0.00381138
-0.000518723
-0.000565609
-0.000550471
-0.000518316
-0.000456589
-0.000362771
-0.000232806
-6.18178e-05
0.00015525
0.000423209
0.000745928
0.0011256
0.00155785
0.00203801
0.00254907
0.00306317
0.00353873
0.00391797
0.00417341
0.00416853
-0.000753335
-0.000807311
-0.000797067
-0.000772653
-0.000720084
-0.000636352
-0.000516313
-0.000353505
-0.000140716
0.0001297
0.000465147
0.000871485
0.00135049
0.00190094
0.00250869
0.00314422
0.00375693
0.00426813
0.00462411
0.00464831
-0.00103405
-0.00109651
-0.00109228
-0.00107784
-0.00103772
-0.000968592
-0.000864284
-0.000716722
-0.000516372
-0.000252354
8.70649e-05
0.000513179
0.00103475
0.00166177
0.00238361
0.00317396
0.00397513
0.00468431
0.00519964
0.00529901
-0.00136366
-0.00143603
-0.00143872
-0.00143658
-0.00141268
-0.00136368
-0.00128263
-0.00116
-0.000984032
-0.000740441
-0.000412527
1.75044e-05
0.000561983
0.00126567
0.00211037
0.00308742
0.00414048
0.00514546
0.00592042
0.00620998
-0.00174609
-0.00182962
-0.00183941
-0.00185143
-0.0018475
-0.00182475
-0.00177585
-0.00169031
-0.0015546
-0.00135142
-0.00105882
-0.000648621
-8.18708e-05
0.000644023
0.00159206
0.00277157
0.00414404
0.0055829
0.00679188
0.0075443
-0.00218734
-0.00228267
-0.00229802
-0.00232475
-0.00234366
-0.00235304
-0.00234578
-0.00231116
-0.00223496
-0.0020984
-0.00187649
-0.00153556
-0.0010311
-0.000311728
0.000688142
0.00203861
0.00376749
0.00580367
0.00772166
0.00965435
-0.00269741
-0.00280365
-0.00281985
-0.00285895
-0.00290122
-0.00294703
-0.0029901
-0.00302035
-0.00302438
-0.00298451
-0.00287652
-0.00266614
-0.00230388
-0.0017203
-0.000830196
0.000543661
0.00254589
0.00528944
0.00828865
0.0125826
-0.00329375
-0.00340202
-0.00340573
-0.00344975
-0.00351413
-0.00359999
-0.00370089
-0.00380789
-0.00391065
-0.00399587
-0.00404546
-0.00403341
-0.00391868
-0.00362998
-0.00304547
-0.00204474
-0.000275766
0.00280486
0.0065894
0.0147627
-0.00401066
-0.00413129
-0.00410993
-0.00415177
-0.00422131
-0.00433047
-0.00447882
-0.00466144
-0.00487209
-0.00510443
-0.00535309
-0.00561355
-0.00587988
-0.00613751
-0.00636981
-0.00652151
-0.0062516
-0.00404945
-0.00114374
0.0123048
-0.00496069
-0.0048605
-0.00474924
-0.00472375
-0.00480287
-0.00496897
-0.00520511
-0.0054965
-0.00583631
-0.00622655
-0.00668063
-0.00722617
-0.00792087
-0.00884934
-0.0102103
-0.0121202
-0.0148526
-0.0146066
-0.0138671
0.00538067
-0.00575985
-0.00612537
-0.00589863
-0.00593088
-0.00595191
-0.00606218
-0.00626215
-0.00655209
-0.00693324
-0.0074135
-0.00802086
-0.00880911
-0.00991697
-0.0115127
-0.0141692
-0.0177835
-0.0247326
-0.0277716
-0.0282752
-0.000155804
-0.009336
-0.00671291
-0.00625128
-0.0058153
-0.00585446
-0.00610108
-0.00649442
-0.00697116
-0.00752946
-0.00816092
-0.00892361
-0.00984551
-0.0111989
-0.012981
-0.0166007
-0.0205415
-0.0302167
-0.034682
-0.0349736
0.012158
-0.00698041
-0.00951279
-0.00866977
-0.00879573
-0.00853528
-0.0084421
-0.00847516
-0.00866667
-0.00900804
-0.00947869
-0.0101053
-0.0108961
-0.0122145
-0.0139026
-0.0177882
-0.0224454
-0.0313345
-0.0322406
-0.0187945
0.0589012
-0.0315164
-0.00665725
-0.00568069
-0.00507945
-0.00498415
-0.00534235
-0.00598867
-0.00666362
-0.00745909
-0.00821209
-0.00921662
-0.0101704
-0.0117857
-0.0134531
-0.0161133
-0.017385
-0.0159804
0.00389763
0.0567668
0.184339
2.4342e-06
-1.20092e-05
1.51916e-05
6.84413e-05
0.0001533
0.00027034
0.000419843
0.000601589
0.000814418
0.00105594
0.00132218
0.00160711
0.00190238
0.00219706
0.0024782
0.00273126
0.00294104
0.00309341
0.00318596
0.00318668
1.4641e-05
-4.28645e-07
2.73662e-05
7.90929e-05
0.000161341
0.000274994
0.000420598
0.000598216
0.000807003
0.00104487
0.00130811
0.00159075
0.00188468
0.00217959
0.00246225
0.00271782
0.00293062
0.00308606
0.00318243
0.00318244
-2.14599e-05
-3.96166e-05
-1.31058e-05
3.65804e-05
0.000116664
0.000228204
0.000372098
0.000548861
0.000758164
0.000998455
0.00126651
0.00155721
0.00186272
0.00217198
0.00247134
0.00274475
0.00297459
0.00314368
0.00324948
0.00324788
-9.12945e-05
-0.000112139
-8.73973e-05
-4.04426e-05
3.67326e-05
0.000145525
0.000287392
0.000463552
0.000674499
0.000919584
0.00119648
0.00150066
0.00182493
0.00215859
0.00248676
0.00279121
0.00305097
0.0032445
0.0033674
0.00336663
-0.000200891
-0.00022482
-0.000202439
-0.000158917
-8.53235e-05
2.01797e-05
0.000159783
0.000335657
0.000549423
0.000801715
0.00109156
0.00141561
0.0017675
0.00213673
0.00250742
0.00285864
0.00316475
0.00339701
0.00354735
0.0035498
-0.000351639
-0.00037934
-0.000360032
-0.000320964
-0.000252142
-0.000151209
-1.50808e-05
0.000159606
0.000375947
0.000636297
0.000941581
0.00129031
0.00167772
0.00209432
0.00252327
0.00294049
0.00331405
0.00360469
0.00379733
0.00380703
-0.000545052
-0.000577385
-0.000562049
-0.000528888
-0.000466704
-0.000372595
-0.000242461
-7.15269e-05
0.000145132
0.000412143
0.000733111
0.00110952
0.00153868
0.00201341
0.00251771
0.00302417
0.00349305
0.00387036
0.00412775
0.00415305
-0.000783047
-0.000821018
-0.000810737
-0.00078537
-0.000732421
-0.000648493
-0.000528423
-0.000365881
-0.000153821
0.000115168
0.000448176
0.000850748
0.00132536
0.00186675
0.00246405
0.00308719
0.00368799
0.00419346
0.0045508
0.00461005
-0.00106798
-0.00111267
-0.0011086
-0.00109324
-0.00105279
-0.000983525
-0.000879299
-0.000732204
-0.000532916
-0.000270847
6.53544e-05
0.000486708
0.00100173
0.00161483
0.00232021
0.00308994
0.00386926
0.00456346
0.00507756
0.00521223
-0.00140292
-0.00145536
-0.00145843
-0.00145535
-0.00143109
-0.00138193
-0.00130099
-0.00117897
-0.00100436
-0.000763286
-0.000439619
-1.56755e-05
0.000525629
0.0012007
0.0020214
0.00296408
0.0039767
0.00494616
0.00570918
0.00601113
-0.00179222
-0.00185314
-0.00186355
-0.0018745
-0.00187002
-0.00184691
-0.00179799
-0.00171302
-0.00157882
-0.00137868
-0.00109168
-0.00069203
-0.000149044
0.000567721
0.00147181
0.00259352
0.00389256
0.00525379
0.00641513
0.00708037
-0.0022427
-0.00231193
-0.00232818
-0.00235344
-0.00237133
-0.00237984
-0.00237209
-0.00233769
-0.00226283
-0.00212946
-0.00191382
-0.00158459
-0.00110091
-0.000412629
0.000539409
0.00179921
0.00340163
0.0052818
0.00705515
0.00854615
-0.00276604
-0.00284105
-0.00285823
-0.00289499
-0.00293534
-0.00297931
-0.00302094
-0.00305046
-0.00305502
-0.00301775
-0.00291598
-0.00271809
-0.00237898
-0.00183432
-0.000991841
0.000273601
0.00207729
0.00455601
0.0072426
0.0103645
-0.00338423
-0.00345515
-0.00346079
-0.00350056
-0.0035599
-0.00364057
-0.00373709
-0.00384111
-0.00394263
-0.0040291
-0.00408403
-0.00408395
-0.00399284
-0.00374861
-0.0032463
-0.00230426
-0.00060484
0.00226451
0.00599226
0.0120593
-0.00413621
-0.00419514
-0.00417424
-0.00420591
-0.00426863
-0.00437165
-0.00451469
-0.00469299
-0.0049006
-0.00513193
-0.00538295
-0.00565002
-0.00592848
-0.00619683
-0.0064019
-0.00634961
-0.00565165
-0.00286103
0.00175289
0.0124772
-0.00516812
-0.00500606
-0.0048843
-0.00484175
-0.0048977
-0.00504221
-0.00525934
-0.00553508
-0.00586311
-0.00624473
-0.00669601
-0.00724505
-0.00794068
-0.00883099
-0.0100097
-0.0112147
-0.0124197
-0.0101939
-0.00548753
0.01138
-0.00617081
-0.00630857
-0.00607099
-0.00603543
-0.00602
-0.00609716
-0.00627055
-0.00654144
-0.0069093
-0.00738131
-0.00798788
-0.00878224
-0.00988647
-0.0114107
-0.0137403
-0.0162832
-0.0205332
-0.0200269
-0.0156815
0.00982758
-0.00995331
-0.00716435
-0.00665706
-0.00613977
-0.00606311
-0.00621102
-0.00652806
-0.00695332
-0.00747584
-0.00809147
-0.00885511
-0.00980706
-0.0111939
-0.0128927
-0.0163943
-0.0190868
-0.0265292
-0.0270987
-0.0224341
0.0169992
-0.00981791
-0.0106643
-0.00938512
-0.00908379
-0.0085725
-0.00830714
-0.0082511
-0.00838687
-0.008702
-0.00917285
-0.00983137
-0.0107201
-0.0121008
-0.0139664
-0.0175864
-0.0215456
-0.0292998
-0.0276293
-0.0160323
0.0516994
-0.0339662
-0.0086489
-0.00731047
-0.00612452
-0.00563665
-0.00577566
-0.0062483
-0.00681717
-0.00750773
-0.00824187
-0.00919375
-0.0102225
-0.0118126
-0.0134595
-0.0160908
-0.0169477
-0.0164293
0.00154003
0.0430274
0.15341
)
;

boundaryField
{
    movingWall
    {
        type            zeroGradient;
    }
    fixedWalls
    {
        type            zeroGradient;
    }
}


// ************************************************************************* //
