/*--------------------------------*- C++ -*----------------------------------*\
  =========                 |
  \\      /  F ield         | OpenFOAM: The Open Source CFD Toolbox
   \\    /   O peration     | Website:  https://openfoam.org
    \\  /    A nd           | Version:  10
     \\/     M anipulation  |
\*---------------------------------------------------------------------------*/
FoamFile
{
    format      ascii;
    class       volScalarField;
    location    "2.5";
    object      p;
}
// * * * * * * * * * * * * * * * * * * * * * * * * * * * * * * * * * * * * * //

dimensions      [0 2 -2 0 0 0 0];

internalField   nonuniform List<scalar> 
8000
(
3.35239e-06
-4.27654e-06
4.1658e-05
0.000122769
0.000242514
0.000400097
0.000593477
0.000819705
0.00107472
0.00135322
0.00164867
0.00195312
0.00225729
0.00255085
0.00282267
0.00306143
0.00325616
0.00339734
0.00348317
0.0034856
1.39295e-05
3.33229e-06
4.85198e-05
0.000127847
0.000245311
0.000400331
0.000591071
0.000814791
0.00106763
0.00134449
0.00163886
0.00194291
0.00224754
0.00254229
0.00281587
0.00305674
0.00325362
0.00339674
0.0034848
0.00348668
-3.56654e-05
-4.91811e-05
-4.50009e-06
7.47273e-05
0.000192885
0.000349539
0.000543057
0.000770937
0.00102953
0.00131388
0.00161767
0.00193316
0.00225071
0.00255953
0.00284773
0.00310282
0.00331239
0.00346535
0.00355994
0.00356117
-0.000127981
-0.000143973
-9.93757e-05
-1.95388e-05
0.000100525
0.0002607
0.000459704
0.000695398
0.00096447
0.00126223
0.00158245
0.00191729
0.00225708
0.00259022
0.00290364
0.00318336
0.00341502
0.00358536
0.00369157
0.0036938
-0.000268119
-0.000286985
-0.000242167
-0.000160994
-3.76878e-05
0.00012809
0.000335544
0.000583034
0.000867712
0.00118528
0.00152971
0.00189314
0.0022656
0.00263466
0.00298573
0.00330257
0.00356793
0.00376509
0.00388939
0.00389408
-0.000459058
-0.000481562
-0.000436434
-0.000353511
-0.000225989
-5.2929e-05
0.000165524
0.000428406
0.000733508
0.00107708
0.00145351
0.00185506
0.00227155
0.00268956
0.00309269
0.00346172
0.00377533
0.00401161
0.00416273
0.00417196
-0.000704377
-0.000731558
-0.000686324
-0.000601684
-0.000469512
-0.000288098
-5.6732e-05
0.000224512
0.000554301
0.000929691
0.00134573
0.00179505
0.00226765
0.00274919
0.00322129
0.00366112
0.00404181
0.0043339
0.00452415
0.00454138
-0.00100864
-0.00104186
-0.000997092
-0.000911324
-0.000774753
-0.000584686
-0.000339321
-3.75862e-05
0.000320334
0.000732622
0.00119537
0.001702
0.00224331
0.00280447
0.00336539
0.00389923
0.00437192
0.00474327
0.00499068
0.00502215
-0.00137744
-0.00141843
-0.00137513
-0.0012895
-0.0011496
-0.000951534
-0.000692117
-0.000368861
1.9495e-05
0.000472626
0.000988142
0.00156083
0.00218338
0.00284135
0.0035139
0.00417048
0.00476857
0.00525298
0.00558481
0.00564243
-0.00181756
-0.0018685
-0.00182815
-0.00174466
-0.00160347
-0.00139914
-0.00112683
-0.00078236
-0.000362749
0.000133521
0.000706126
0.00135185
0.00206682
0.00283857
0.00364779
0.00446184
0.00522965
0.00587688
0.00633555
0.00644445
-0.00233744
-0.00240093
-0.00236542
-0.00228688
-0.00214743
-0.00193974
-0.00165699
-0.00129307
-0.00084317
-0.00030368
0.000327848
0.00105282
0.00186536
0.00276488
0.00373568
0.00474696
0.00574154
0.00662546
0.00727802
0.00749165
-0.00294799
-0.00302689
-0.00299832
-0.00292815
-0.0027944
-0.00258732
-0.00229773
-0.00191753
-0.00144017
-0.000860233
-0.000172848
0.000626564
0.00154085
0.00257577
0.00372788
0.0049769
0.00626774
0.00749528
0.00845034
0.00888201
-0.00366457
-0.00376085
-0.00374102
-0.00368287
-0.00355942
-0.00335762
-0.00306548
-0.00267297
-0.00217232
-0.0015572
-0.000821143
4.35454e-05
0.00104818
0.00221221
0.00355017
0.00506696
0.00672851
0.00844588
0.00987934
0.0107689
-0.00451411
-0.00462482
-0.0046127
-0.00456897
-0.00446013
-0.00426807
-0.00397728
-0.00357596
-0.00305622
-0.00241241
-0.00163827
-0.000723405
0.000351541
0.00160779
0.00309879
0.00487705
0.00696244
0.00935104
0.0115107
0.0134368
-0.0055152
-0.00564114
-0.005636
-0.00560839
-0.00551693
-0.00533687
-0.00504897
-0.00463974
-0.00410249
-0.00343527
-0.00263669
-0.00170252
-0.000621926
0.000623973
0.00219237
0.00415335
0.00663254
0.00990907
0.0131588
0.0171998
-0.00687208
-0.00685951
-0.00683011
-0.00679916
-0.0067299
-0.00657193
-0.00629112
-0.00587083
-0.00531062
-0.00461683
-0.00379733
-0.00285159
-0.00176186
-0.000461664
0.00107272
0.0030318
0.00560238
0.00964943
0.0139942
0.0218743
-0.00823292
-0.00853145
-0.00844062
-0.00844947
-0.00835131
-0.00813564
-0.00778666
-0.00730108
-0.0066851
-0.00595201
-0.00512577
-0.00422969
-0.00329347
-0.00232376
-0.00131612
1.36352e-05
0.00167298
0.00672277
0.011913
0.0268432
-0.0120781
-0.00964108
-0.0095569
-0.0093623
-0.00934889
-0.00925887
-0.00902342
-0.00859966
-0.00799354
-0.00723267
-0.00637251
-0.00545399
-0.004559
-0.00371495
-0.00305661
-0.00230658
-0.00173718
0.00329884
0.00887143
0.0337703
-0.0127476
-0.0139698
-0.0131812
-0.0131939
-0.0128032
-0.0122311
-0.0115291
-0.0107022
-0.00978458
-0.00879111
-0.00779681
-0.0068366
-0.00607639
-0.00562055
-0.00585797
-0.00628447
-0.00915517
-0.00340117
-0.000165512
0.0482622
-0.0359383
-0.0116926
-0.0113062
-0.0108945
-0.0107256
-0.0107124
-0.0105676
-0.0101695
-0.00955075
-0.00872061
-0.00786193
-0.00688556
-0.00618337
-0.00538852
-0.00516922
-0.00378511
-0.001445
0.0136206
0.0429104
0.129205
8.66449e-06
-8.79182e-06
3.5851e-05
0.000116373
0.000236387
0.000394687
0.000589065
0.00081653
0.00107303
0.00135325
0.0016505
0.00195695
0.00226321
0.00255888
0.00283273
0.00307324
0.00326914
0.0034103
0.00349524
0.00348824
2.58724e-05
6.89721e-06
5.11787e-05
0.00012949
0.000246474
0.000401251
0.000591869
0.000815583
0.00106854
0.00134564
0.00164041
0.00194508
0.00225044
0.002546
0.00282043
0.00306203
0.00325925
0.00340178
0.00348892
0.00348072
-2.20591e-05
-4.43929e-05
-5.31563e-07
7.76053e-05
0.000195167
0.000351435
0.000544681
0.000772404
0.00103098
0.00131546
0.00161952
0.00193551
0.00225369
0.00256328
0.00285231
0.00310814
0.00331804
0.00347033
0.0035639
0.00355391
-0.000112294
-0.000137657
-9.38656e-05
-1.52133e-05
0.000104146
0.000263809
0.000462402
0.000697798
0.000966715
0.00126451
0.00158499
0.00192015
0.00226047
0.00259433
0.00290858
0.00318906
0.00342107
0.00359062
0.00369567
0.00368539
-0.000250395
-0.000279344
-0.00023533
-0.000155416
-3.2877e-05
0.000132328
0.00033931
0.000586447
0.000870925
0.00118848
0.00153312
0.00189696
0.00227003
0.0026399
0.00299192
0.00330966
0.00357547
0.00377176
0.00389469
0.00388514
-0.000438956
-0.000472458
-0.000428127
-0.000346538
-0.000219835
-4.73901e-05
0.00017056
0.000433069
0.000737968
0.00108154
0.00145821
0.00186032
0.00227759
0.00269664
0.00310098
0.00347122
0.0037855
0.00402088
0.00417038
0.00416296
-0.000681269
-0.00072059
-0.000676141
-0.000592932
-0.000461651
-0.000280907
-5.00824e-05
0.000230776
0.000560378
0.000935828
0.00135223
0.00180232
0.00227595
0.00275889
0.00323268
0.00367426
0.0040561
0.00434741
0.00453581
0.00453338
-0.000981665
-0.00102843
-0.000984432
-0.000900235
-0.000764673
-0.000575375
-0.000330622
-2.93038e-05
0.000328448
0.000740882
0.00120417
0.00171189
0.00225463
0.00281779
0.0033812
0.00391774
0.00439255
0.00476358
0.00500896
0.00501674
-0.00134543
-0.00140168
-0.00135916
-0.00127532
-0.00113664
-0.00093952
-0.000680857
-0.000358099
3.00865e-05
0.000483456
0.000999747
0.00157401
0.00219858
0.00285949
0.00353586
0.00419686
0.00479889
0.00528432
0.00561426
0.00564376
-0.0017789
-0.00184723
-0.00180769
-0.00172636
-0.00158677
-0.00138373
-0.00111245
-0.000768652
-0.000349277
0.000147299
0.000720921
0.00136893
0.00208675
0.00286294
0.00367815
0.00449959
0.00527487
0.00592628
0.00638391
0.00646006
-0.00228978
-0.00237337
-0.00233881
-0.00226307
-0.0021259
-0.00192014
-0.00163892
-0.00127604
-0.000826556
-0.000286762
0.000345799
0.00107191
0.00189056
0.00279696
0.00377715
0.00480079
0.00580939
0.00670461
0.00735893
0.00753894
-0.00288772
-0.00299028
-0.00296308
-0.00289691
-0.00276669
-0.0025627
-0.00227558
-0.00189707
-0.00142047
-0.000840201
-0.000151219
0.000651449
0.00157245
0.00261699
0.0037832
0.00505238
0.00636877
0.00762308
0.00858736
0.00900472
-0.00358552
-0.00371055
-0.00369324
-0.00364149
-0.00352395
-0.00332733
-0.00303934
-0.00264967
-0.00215043
-0.00153497
-0.00079614
7.53579e-05
0.00108819
0.00226341
0.00362081
0.00516838
0.00687346
0.00864682
0.0101121
0.0110671
-0.00440575
-0.00455341
-0.00454617
-0.00451359
-0.0044153
-0.00423232
-0.00394858
-0.00355207
-0.00303493
-0.00239133
-0.00161439
-0.000692896
0.000392739
0.00166137
0.00317835
0.00499771
0.0071477
0.00963782
0.0118872
0.014152
-0.00535016
-0.00553563
-0.00554161
-0.00553615
-0.00546389
-0.00529926
-0.00502296
-0.00462159
-0.00408909
-0.00342314
-0.00262271
-0.00168329
-0.000591213
0.000690603
0.00227724
0.00426273
0.00681301
0.0102431
0.0136401
0.0185835
-0.00661459
-0.00666071
-0.00666828
-0.00668095
-0.00665598
-0.00653348
-0.00627835
-0.00587453
-0.00532224
-0.00463013
-0.00380763
-0.00285429
-0.00175551
-0.000464267
0.00107946
0.00300007
0.00549597
0.00958994
0.0137646
0.0233694
-0.00774303
-0.00831673
-0.00825795
-0.00837698
-0.00834876
-0.00817509
-0.00785174
-0.00737882
-0.00676588
-0.00602895
-0.00519661
-0.00429521
-0.00336497
-0.00242037
-0.00148716
-0.0003801
0.000721543
0.0051792
0.0089538
0.0267302
-0.0112356
-0.00900427
-0.00910161
-0.00909428
-0.00926002
-0.00929664
-0.00914146
-0.00875976
-0.00816849
-0.00740066
-0.00652547
-0.00558429
-0.00468862
-0.00389445
-0.00347547
-0.00328357
-0.00430554
-0.000842527
0.00220175
0.0318795
-0.00989641
-0.0129706
-0.0127323
-0.0133532
-0.0132592
-0.0128571
-0.0121872
-0.0113337
-0.0103523
-0.00926967
-0.00819505
-0.00715949
-0.00635499
-0.00594019
-0.00645429
-0.00756068
-0.0125522
-0.00918271
-0.0044641
0.0487915
-0.033073
-0.00966649
-0.00988742
-0.0102348
-0.010532
-0.0107551
-0.0107757
-0.0104494
-0.00986094
-0.00898962
-0.0081303
-0.00706706
-0.00643478
-0.00562842
-0.00579676
-0.00492231
-0.00316355
0.0125913
0.0518333
0.150915
1.31996e-05
-6.97311e-06
3.6873e-05
0.000116769
0.000236538
0.000394841
0.000589413
0.000817228
0.00107416
0.00135492
0.00165287
0.0019603
0.00226756
0.00256422
0.00283898
0.00308023
0.00327653
0.00341754
0.00350202
0.00349215
3.27015e-05
1.09915e-05
5.46025e-05
0.00013219
0.000248719
0.000403213
0.000593679
0.00081736
0.00107039
0.00134764
0.00164245
0.0019479
0.00225389
0.00255008
0.00282511
0.00306718
0.0032646
0.00340684
0.00349353
0.00348269
-1.42457e-05
-3.94113e-05
3.81397e-06
8.11691e-05
0.000198207
0.00035411
0.000547112
0.000774712
0.00103328
0.00131789
0.001622
0.00193862
0.00225736
0.00256757
0.0028572
0.00311354
0.00332365
0.00347564
0.00356872
0.00355575
-0.000103061
-0.000131432
-8.82808e-05
-1.0477e-05
0.00010827
0.000267464
0.000465704
0.000700872
0.000969712
0.00126766
0.0015889
0.0019239
0.00226465
0.00259912
0.00291402
0.00319507
0.00342734
0.00359659
0.00370112
0.00368757
-0.000239555
-0.000271765
-0.000228424
-0.00014944
-2.75958e-05
0.000137052
0.000343595
0.000590426
0.000874756
0.00119236
0.00153728
0.00190147
0.0022751
0.00264571
0.00299854
0.00331702
0.00358325
0.00377929
0.00390169
0.00388851
-0.00042615
-0.000463243
-0.000419638
-0.000339087
-0.000213182
-4.13936e-05
0.000176025
0.000438151
0.000742845
0.00108643
0.00146333
0.00186596
0.00228397
0.00270398
0.00310942
0.00348072
0.00379573
0.00403102
0.00418002
0.00416854
-0.000665952
-0.00070928
-0.000665636
-0.000583617
-0.000453283
-0.000273342
-4.31787e-05
0.000237193
0.000566525
0.000941965
0.00135866
0.00180941
0.00228404
0.0027683
0.00324366
0.00368686
0.00406999
0.00436157
0.00454958
0.00454204
-0.000963074
-0.00101437
-0.000971295
-0.000888518
-0.000754134
-0.000565866
-0.00032198
-2.1314e-05
0.000336061
0.000748456
0.00121211
0.00172069
0.00226477
0.00282979
0.00339551
0.0039346
0.00441169
0.00478379
0.00502922
0.00503092
-0.0013225
-0.00138394
-0.00134253
-0.00126046
-0.00112334
-0.000927621
-0.000670162
-0.00034833
3.92866e-05
0.000492533
0.00100925
0.00158461
0.00221098
0.00287452
0.00355432
0.00421934
0.00482537
0.00531346
0.00564451
0.00566688
-0.00175011
-0.00182449
-0.00178638
-0.0017074
-0.00156996
-0.00136893
-0.00109941
-0.000756995
-0.000338525
0.000157734
0.000731757
0.0013811
0.00210131
0.00288116
0.00370138
0.0045291
0.00531127
0.00596844
0.00642946
0.00649863
-0.00225292
-0.00234367
-0.00231111
-0.00223866
-0.00210465
-0.00190189
-0.00162334
-0.00126259
-0.000814572
-0.000275469
0.000357272
0.00108448
0.00190656
0.00281792
0.00380515
0.0048383
0.00585839
0.00676517
0.00742751
0.00760499
-0.00283943
-0.00295073
-0.00292651
-0.0028652
-0.00273984
-0.00254049
-0.00225748
-0.0018823
-0.00140807
-0.000829078
-0.000140188
0.000662929
0.00158852
0.00263913
0.00381456
0.00509726
0.00643188
0.0077079
0.0086894
0.0091197
-0.00352049
-0.00365653
-0.00364402
-0.00359988
-0.00349005
-0.00330079
-0.00301925
-0.0026348
-0.00213933
-0.00152611
-0.000787996
8.52197e-05
0.00110121
0.00228326
0.00365123
0.0052161
0.00694783
0.00875864
0.010259
0.0112675
-0.00431525
-0.00447764
-0.00447839
-0.00445829
-0.00437264
-0.00420152
-0.00392801
-0.00353963
-0.00302829
-0.00238831
-0.00161335
-0.000691462
0.00039697
0.00167266
0.0031981
0.00503429
0.00721735
0.00976547
0.0120839
0.0145048
-0.00521938
-0.00542724
-0.00544668
-0.00546265
-0.00541127
-0.00526566
-0.00500536
-0.0046165
-0.00409233
-0.00343178
-0.00263456
-0.00169662
-0.000602033
0.000692133
0.00227087
0.0042558
0.00683041
0.0103418
0.0138488
0.019119
-0.0064182
-0.00648931
-0.00652267
-0.00657108
-0.00658356
-0.00649521
-0.00626778
-0.00588376
-0.00534417
-0.00465904
-0.00384005
-0.00288808
-0.0017837
-0.00042047
0.00102807
0.00290451
0.005358
0.00948449
0.0136946
0.0238472
-0.00743431
-0.00808381
-0.00806228
-0.00825274
-0.00828149
-0.00816007
-0.00787563
-0.00742772
-0.00682892
-0.00609827
-0.00526905
-0.0043729
-0.00346551
-0.00263022
-0.00167351
-0.000680831
0.00016891
0.00440052
0.00803076
0.0266046
-0.0107981
-0.00862983
-0.00877953
-0.00886835
-0.00913841
-0.00926272
-0.00917523
-0.00883812
-0.00827177
-0.00751285
-0.00663991
-0.00569895
-0.00482134
-0.00408373
-0.00379406
-0.00386092
-0.00554673
-0.0025939
0.000637222
0.0313659
-0.00890667
-0.012266
-0.0122099
-0.0130561
-0.0131653
-0.0129289
-0.0123658
-0.0115603
-0.0105935
-0.00949789
-0.00840404
-0.00734899
-0.00654787
-0.00618292
-0.00686338
-0.0082834
-0.0139228
-0.0112221
-0.0043758
0.0501254
-0.0321858
-0.00886195
-0.00922086
-0.00981489
-0.0103394
-0.0107242
-0.0108376
-0.0105748
-0.010017
-0.00914023
-0.00828145
-0.00720085
-0.0066116
-0.00585887
-0.00620635
-0.00551797
-0.00361753
0.0128607
0.0565162
0.158944
1.75348e-05
-4.27753e-06
3.89297e-05
0.00011828
0.000237759
0.000395971
0.000590611
0.000818638
0.00107594
0.0013572
0.00165574
0.00196385
0.00227186
0.00256928
0.00284475
0.00308657
0.00328316
0.00342404
0.00350814
0.00349663
3.85316e-05
1.53024e-05
5.83092e-05
0.000135269
0.000251371
0.000405592
0.000595917
0.000819582
0.00107273
0.00135024
0.00164548
0.00195132
0.00225783
0.00255459
0.00283016
0.00307266
0.00327025
0.00341228
0.00349857
0.00348588
-7.44951e-06
-3.41938e-05
8.42996e-06
8.51178e-05
0.000201663
0.000357214
0.000549988
0.000777487
0.0010361
0.00132092
0.00162567
0.00194237
0.00226156
0.00257233
0.00286253
0.00311931
0.00332962
0.00348139
0.00357406
0.00355907
-9.49455e-05
-0.000124981
-8.24615e-05
-5.39524e-06
0.000112775
0.00027152
0.000469431
0.000704395
0.000973166
0.00127116
0.00159229
0.00192804
0.00226936
0.00260445
0.00291998
0.00320157
0.00343411
0.00360317
0.00370728
0.0036915
-0.000229897
-0.000263895
-0.000221239
-0.000143082
-2.19122e-05
0.000142185
0.000348298
0.000594834
0.000879025
0.00119666
0.00154177
0.00190643
0.00228069
0.00265205
0.00300569
0.00332491
0.00359159
0.00378754
0.00390957
0.00389386
-0.000414587
-0.00045363
-0.000410789
-0.000331187
-0.000206085
-3.49765e-05
0.000181891
0.00044362
0.000748102
0.00109168
0.00146882
0.00187199
0.00229078
0.00271179
0.00311835
0.00349074
0.00380655
0.00404199
0.00419075
0.00417636
-0.00065195
-0.000697436
-0.000654675
-0.000573781
-0.000444435
-0.000265358
-3.59162e-05
0.000243919
0.000572942
0.000948348
0.00136532
0.00181674
0.00229239
0.00277801
0.00325499
0.00369987
0.00408441
0.00437663
0.00456472
0.00455407
-0.000945884
-0.000999603
-0.000957593
-0.000876205
-0.000743089
-0.000555967
-0.000313061
-1.31467e-05
0.000343769
0.000756061
0.00122004
0.00172944
0.00227488
0.00284179
0.00340987
0.00395159
0.00443114
0.00480482
0.005051
0.00504944
-0.00130108
-0.0013653
-0.00132523
-0.00124495
-0.00110953
-0.000915395
-0.000659321
-0.000338583
4.83213e-05
0.000501326
0.00101836
0.00159473
0.00222288
0.00288903
0.00357226
0.00424136
0.00485162
0.00534304
0.0056762
0.00569569
-0.00172299
-0.0018006
-0.00176427
-0.00168771
-0.00155267
-0.00135392
-0.00108641
-0.000745635
-0.00032829
0.000167461
0.000741709
0.00139218
0.00211466
0.00289803
0.00372313
0.00455707
0.00534627
0.00600999
0.00647584
0.00654399
-0.00221796
-0.00231259
-0.00228251
-0.0022135
-0.00208298
-0.00188359
-0.00160806
-0.00124978
-0.000803543
-0.000265412
0.00036726
0.00109547
0.0019204
0.00283627
0.00383015
0.00487239
0.00590382
0.00682288
0.00749528
0.00767731
-0.00279345
-0.00290956
-0.00288899
-0.00283278
-0.00271267
-0.00251843
-0.00224
-0.00186858
-0.00139712
-0.000819808
-0.000131471
0.000672309
0.00160096
0.00265672
0.00384049
0.00513571
0.00648771
0.00778559
0.00878754
0.00923656
-0.00345868
-0.00360095
-0.00359406
-0.00355774
-0.00345605
-0.00327464
-0.00300007
-0.00262132
-0.00213011
-0.00151963
-0.000782532
9.16905e-05
0.001109
0.00229532
0.0036725
0.00525266
0.00700904
0.00885628
0.0103969
0.0114597
-0.00422983
-0.00440102
-0.00441069
-0.00440299
-0.00433018
-0.00417129
-0.00390845
-0.00352867
-0.00302378
-0.00238835
-0.00161604
-0.000695355
0.000392815
0.0016692
0.00320225
0.00505358
0.00726649
0.00986905
0.0122633
0.0148257
-0.00509867
-0.00532005
-0.00535376
-0.00538996
-0.00535901
-0.00523237
-0.00498823
-0.00461209
-0.00409761
-0.00344402
-0.00265201
-0.00171898
-0.000631988
0.000647935
0.00223198
0.00422071
0.00681713
0.0104019
0.0140367
0.0196097
-0.00624172
-0.00633017
-0.00638733
-0.00646802
-0.00651441
-0.00645764
-0.00625672
-0.00589251
-0.00536682
-0.00469099
-0.00387904
-0.00293551
-0.00185296
-0.000588149
0.000917014
0.00276662
0.00519786
0.00936195
0.01371
0.0243898
-0.00717472
-0.00787593
-0.00788776
-0.0081377
-0.00821694
-0.00814025
-0.00788956
-0.00746561
-0.00688269
-0.00616193
-0.0053402
-0.00445173
-0.0035502
-0.00266552
-0.00185437
-0.000983752
-0.000311316
0.00376082
0.00741938
0.0268454
-0.010418
-0.00829281
-0.00849769
-0.00866649
-0.00901961
-0.00921909
-0.00919057
-0.00889466
-0.00835379
-0.00760785
-0.00674263
-0.00580906
-0.00495195
-0.00425909
-0.00410152
-0.0043879
-0.00652337
-0.00393319
-0.000605016
0.031375
-0.00828651
-0.0118305
-0.0118425
-0.012853
-0.0130842
-0.0129538
-0.0124647
-0.0117027
-0.0107565
-0.00966269
-0.00856571
-0.00750738
-0.00672224
-0.00641127
-0.00722958
-0.00893517
-0.0150889
-0.0128316
-0.00520117
0.0514958
-0.0314105
-0.00814963
-0.00863793
-0.00941432
-0.0101192
-0.0106482
-0.0108662
-0.010666
-0.0101433
-0.00927528
-0.00842408
-0.00734106
-0.00678214
-0.00608021
-0.00654504
-0.00601265
-0.00420103
0.0125331
0.0577813
0.163697
2.16683e-05
-7.32579e-07
4.209e-05
0.000121042
0.000240227
0.000398256
0.00059282
0.000820882
0.00107833
0.00135984
0.00165875
0.00196729
0.0022758
0.00257374
0.00284969
0.00309188
0.00328868
0.00342953
0.00351348
0.00350135
4.33499e-05
1.95e-05
6.212e-05
0.000138645
0.000254401
0.000408373
0.000598548
0.000822168
0.00107538
0.00135307
0.00164865
0.00195478
0.0022617
0.00255892
0.00283492
0.00307777
0.00327555
0.00341754
0.00350368
0.00349038
-1.90623e-06
-2.93009e-05
1.29224e-05
8.91398e-05
0.000205292
0.000360537
0.000553101
0.000780494
0.00103911
0.00132408
0.00162912
0.00194611
0.00226572
0.00257697
0.00286764
0.00312482
0.00333537
0.00348712
0.00357967
0.00356402
-8.8341e-05
-0.00011907
-7.69853e-05
-4.49556e-07
0.000117255
0.000275614
0.00047323
0.000708007
0.00097671
0.00127475
0.00159601
0.00193219
0.002274
0.00260965
0.00292575
0.00320784
0.00344072
0.00360985
0.00371388
0.0036974
-0.000221955
-0.000256711
-0.000214543
-0.000137
-1.63903e-05
0.00014722
0.000352939
0.000599199
0.000883254
0.00120091
0.00154621
0.00191127
0.00228609
0.00265814
0.00301253
0.00333246
0.00359968
0.00379585
0.00391791
0.00390145
-0.000404944
-0.00044483
-0.000402559
-0.000323689
-0.000199278
-2.87943e-05
0.000187548
0.000448888
0.000753147
0.00109671
0.00147403
0.00187768
0.00229718
0.00271909
0.0031267
0.00350014
0.00381685
0.0040528
0.0042018
0.00418663
-0.000640112
-0.000686555
-0.000644483
-0.000564495
-0.000436033
-0.00025778
-2.90523e-05
0.000250228
0.000578907
0.000954224
0.00137141
0.00182339
0.00229994
0.0027868
0.00326527
0.00371175
0.00409778
0.00439104
0.00457977
0.00456842
-0.00093118
-0.000986005
-0.000944866
-0.000864642
-0.0007327
-0.000546701
-0.000304795
-5.68353e-06
0.000350695
0.000762783
0.00122696
0.00173701
0.00228361
0.0028522
0.00342243
0.00396659
0.00444859
0.00482423
0.00507179
0.00506975
-0.00128258
-0.00134811
-0.00130919
-0.00123047
-0.00109666
-0.000904107
-0.000649469
-0.000329918
5.61403e-05
0.000508726
0.00102587
0.00160296
0.00223257
0.00290096
0.00358721
0.00425999
0.00487422
0.00536921
0.00570508
0.00572475
-0.00169942
-0.00177862
-0.00174386
-0.00166946
-0.00153671
-0.00134023
-0.00107483
-0.000735834
-0.000319832
0.000175124
0.000749242
0.00140039
0.00212462
0.00291087
0.0037401
0.00457941
0.00537493
0.00604497
0.00651597
0.00658599
-0.00218751
-0.00228412
-0.00225627
-0.00219035
-0.00206316
-0.00186712
-0.00159469
-0.0012391
-0.000794971
-0.000258247
0.000373832
0.00110242
0.00192924
0.00284854
0.00384775
0.00489754
0.00593865
0.00686861
0.00755067
0.00773864
-0.00275352
-0.00287219
-0.0028549
-0.00280321
-0.00268804
-0.00249876
-0.00222495
-0.00185757
-0.00138936
-0.000814398
-0.000127451
0.000675621
0.00160625
0.00266552
0.00385552
0.00516066
0.0065268
0.00784273
0.00886266
0.00932697
-0.00340555
-0.00355125
-0.00354925
-0.00351971
-0.0034254
-0.00325139
-0.00298371
-0.00261095
-0.00212463
-0.00151786
-0.000783168
9.01587e-05
0.00110716
0.0022957
0.00367859
0.00527056
0.00704621
0.00892178
0.0104946
0.0115933
-0.00415792
-0.00433401
-0.00435109
-0.00435368
-0.00429202
-0.00414418
-0.00389152
-0.00352051
-0.00302281
-0.00239291
-0.00162477
-0.000707211
0.000378703
0.00165428
0.00319014
0.00505154
0.00728715
0.00993052
0.012381
0.0150229
-0.00500069
-0.00522906
-0.00527384
-0.00532575
-0.00531156
-0.00520133
-0.00497204
-0.00460849
-0.00410414
-0.00345857
-0.00267328
-0.00174686
-0.000667805
0.000604163
0.00218318
0.00417303
0.0067872
0.010425
0.0141548
0.0198831
-0.00610547
-0.00620265
-0.00627625
-0.00638033
-0.00645238
-0.00642074
-0.00624212
-0.00589633
-0.00538471
-0.00471959
-0.00391673
-0.00298322
-0.00191609
-0.000674189
0.000820534
0.00265136
0.00507834
0.00928031
0.0137498
0.0246902
-0.00699261
-0.00771476
-0.0077469
-0.00803407
-0.00814851
-0.00810553
-0.00788424
-0.00748375
-0.00691832
-0.00621034
-0.00539918
-0.00452163
-0.00363369
-0.0027692
-0.00201067
-0.00120624
-0.000620884
0.00339929
0.00719189
0.0270134
-0.0101673
-0.00805715
-0.00829138
-0.00850655
-0.00891227
-0.00916214
-0.00917912
-0.00891834
-0.00840263
-0.00767336
-0.00682071
-0.00589978
-0.00506471
-0.00441334
-0.00433363
-0.00474547
-0.00709802
-0.00465279
-0.00111857
0.0313774
-0.00798244
-0.0115605
-0.0115853
-0.0126675
-0.0129659
-0.0129058
-0.0124754
-0.0117554
-0.0108358
-0.00975705
-0.00867023
-0.00762179
-0.00685828
-0.00659334
-0.00750332
-0.00938617
-0.0158067
-0.0137446
-0.00564177
0.0520524
-0.0310068
-0.00774575
-0.00828628
-0.00914557
-0.00994794
-0.0105667
-0.0108549
-0.0107029
-0.0102122
-0.0093614
-0.00852327
-0.00745025
-0.00691806
-0.00626157
-0.00680793
-0.00638401
-0.00463788
0.0122205
0.0582346
0.165422
2.54275e-05
2.74112e-06
4.52979e-05
0.000123957
0.000242898
0.000400752
0.000595221
0.000823273
0.0010808
0.00136249
0.00166165
0.00197049
0.00227935
0.00257767
0.00285399
0.00309648
0.00329346
0.00343436
0.00351826
0.00350589
4.74822e-05
2.33505e-05
6.57023e-05
0.000141919
0.000257403
0.000411165
0.000601203
0.00082477
0.00107802
0.00135585
0.00165167
0.00195806
0.00226531
0.0025629
0.00283926
0.00308241
0.00328037
0.00342241
0.00350852
0.00349496
2.80339e-06
-2.48863e-05
1.7053e-05
9.29318e-05
0.000208774
0.000363764
0.000556144
0.000783437
0.00104205
0.00132712
0.00163237
0.00194963
0.00226959
0.00258124
0.00287232
0.00312986
0.00334065
0.00349249
0.00358502
0.0035691
-8.27668e-05
-0.000113813
-7.20431e-05
4.10371e-06
0.000121437
0.000279473
0.000476834
0.000711444
0.000980083
0.00127817
0.00159957
0.00193609
0.00227831
0.00261443
0.00293104
0.00321359
0.00344683
0.00361612
0.0037202
0.00370344
-0.000215246
-0.000250349
-0.000208547
-0.000131467
-1.13149e-05
0.000151878
0.000357251
0.000603261
0.000887185
0.00120484
0.00155031
0.00191571
0.00229102
0.00266367
0.00301873
0.00333932
0.00360709
0.0038036
0.00392581
0.00390909
-0.000396765
-0.000437042
-0.000395212
-0.000316913
-0.000193084
-2.31497e-05
0.000192717
0.000453693
0.000757735
0.00110125
0.00147873
0.00188277
0.00230288
0.00272559
0.00313413
0.00350854
0.00382611
0.00406269
0.00421206
0.00419668
-0.000630029
-0.000676922
-0.000635403
-0.000556145
-0.000428448
-0.000250937
-2.28718e-05
0.000255879
0.000584209
0.000959403
0.00137673
0.00182916
0.00230648
0.0027944
0.00327419
0.00372212
0.00410954
0.00440391
0.0045934
0.00458196
-0.00091861
-0.000973969
-0.000933551
-0.000854292
-0.000723387
-0.000538418
-0.000297454
8.76467e-07
0.000356703
0.000768531
0.0012328
0.00174335
0.00229091
0.00286093
0.00343299
0.0039793
0.00446351
0.00484108
0.00509006
0.00508824
-0.00126674
-0.00133293
-0.00129497
-0.00121757
-0.00108521
-0.000894112
-0.000640835
-0.000322446
6.27411e-05
0.000514832
0.00103193
0.00160953
0.0022403
0.00291054
0.00359932
0.00427522
0.00489292
0.00539117
0.00572963
0.00575017
-0.00167924
-0.00175926
-0.00172585
-0.0016533
-0.0015226
-0.00132822
-0.00106481
-0.000727543
-0.000312899
0.000181173
0.000754979
0.00140651
0.00213205
0.00292058
0.00375317
0.00459692
0.00539773
0.00607321
0.0065488
0.00662107
-0.00216151
-0.0022592
-0.00223327
-0.00216999
-0.00204576
-0.00185276
-0.00158324
-0.00123022
-0.000788179
-0.000252952
0.000378319
0.00110694
0.00193509
0.00285696
0.00386036
0.00491618
0.00596509
0.00690396
0.00759409
0.00778725
-0.00271969
-0.00283981
-0.00282529
-0.00277742
-0.00266655
-0.0024817
-0.00221214
-0.00184853
-0.00138346
-0.00081091
-0.000125601
0.000676477
0.00160834
0.00267013
0.00386489
0.00517763
0.0065548
0.00788483
0.00891894
0.00939449
-0.0033611
-0.0035088
-0.00351083
-0.00348685
-0.00339882
-0.00323127
-0.00296973
-0.00260246
-0.00212075
-0.0015176
-0.000785507
8.67015e-05
0.00110268
0.00229258
0.00367984
0.00528033
0.0070706
0.00896757
0.0105647
0.0116875
-0.00409901
-0.00427794
-0.00430088
-0.0043116
-0.00425906
-0.00412057
-0.00387676
-0.0035136
-0.00302253
-0.00239811
-0.00163438
-0.000720235
0.000363207
0.00163787
0.00317524
0.00504424
0.00729716
0.00997083
0.0124622
0.0151542
-0.00492268
-0.00515492
-0.00520802
-0.00527174
-0.00527069
-0.0051738
-0.00495704
-0.00460451
-0.00410948
-0.0034717
-0.0026932
-0.00177324
-0.000700989
0.000565471
0.00213892
0.00412975
0.00675873
0.0104365
0.0142346
0.0200581
-0.00600092
-0.00610305
-0.00618824
-0.00630897
-0.00640007
-0.00638775
-0.00622702
-0.00589663
-0.00539764
-0.00474288
-0.00394927
-0.00302543
-0.00197017
-0.000741067
0.000741231
0.00256005
0.00498923
0.00922454
0.0137865
0.0248858
-0.00686022
-0.00759238
-0.00763779
-0.00794901
-0.00808852
-0.00807084
-0.00787243
-0.00749122
-0.00694145
-0.00624618
-0.00544633
-0.00458062
-0.00370745
-0.00286525
-0.00213939
-0.00137407
-0.000835882
0.00317401
0.00707204
0.0271433
-0.00998888
-0.00788543
-0.00813962
-0.00838404
-0.00882494
-0.00911119
-0.00916091
-0.00892744
-0.00843287
-0.00771947
-0.00688021
-0.00597327
-0.00515892
-0.0045409
-0.0045124
-0.00500117
-0.0074734
-0.00508662
-0.00142755
0.0313993
-0.00779499
-0.0113806
-0.0114073
-0.0125265
-0.0128665
-0.0128521
-0.0124618
-0.0117742
-0.0108789
-0.0098169
-0.00874351
-0.00770869
-0.0069666
-0.00673844
-0.00771209
-0.00970387
-0.0162843
-0.0143093
-0.00601863
0.0522953
-0.0307457
-0.00747796
-0.00804526
-0.00894988
-0.00981006
-0.0104872
-0.0108268
-0.0107143
-0.0102521
-0.00941979
-0.00859661
-0.00753707
-0.00702835
-0.00640649
-0.00701163
-0.00665345
-0.00498013
0.0119335
0.0582023
0.166168
2.86706e-05
5.85556e-06
4.82402e-05
0.000126697
0.000245449
0.000403151
0.000597521
0.000825537
0.0010831
0.00136489
0.00166422
0.00197328
0.00228241
0.00258101
0.00285761
0.00310034
0.00329749
0.00343846
0.00352238
0.00350993
5.09453e-05
2.66808e-05
6.88542e-05
0.000144857
0.000260138
0.000413731
0.000603651
0.000827161
0.00108043
0.00135835
0.00165434
0.00196093
0.00226844
0.00256632
0.00284297
0.00308637
0.00328452
0.00342665
0.00351278
0.00349914
6.70781e-06
-2.11213e-05
2.06238e-05
9.62645e-05
0.000211873
0.000366659
0.000558884
0.000786087
0.00104469
0.00132982
0.00163522
0.0019527
0.00227294
0.00258492
0.00287634
0.00313418
0.0033452
0.00349718
0.00358977
0.00357378
-7.81809e-05
-0.000109379
-6.78315e-05
8.03552e-06
0.000125085
0.00028286
0.000480011
0.000714476
0.000983054
0.00128117
0.0016027
0.00193946
0.00228201
0.00261853
0.00293556
0.00321852
0.00345209
0.00362161
0.0037258
0.00370899
-0.000209737
-0.000245011
-0.000203475
-0.000126737
-6.9444e-06
0.000155909
0.00036099
0.000606783
0.000890588
0.00120824
0.00155384
0.00191951
0.00229521
0.00266836
0.00302398
0.00334514
0.00361341
0.00381029
0.00393274
0.003916
-0.000390044
-0.00043052
-0.000389022
-0.000311157
-0.000187796
-1.83186e-05
0.000197142
0.000457798
0.000761638
0.0011051
0.00148269
0.00188704
0.00230764
0.002731
0.00314031
0.00351555
0.00383391
0.0040711
0.00422089
0.00420556
-0.000621731
-0.000668864
-0.000627773
-0.000549084
-0.000422015
-0.000245132
-1.76415e-05
0.000260637
0.000588641
0.000963697
0.00138111
0.00183388
0.00231181
0.0028006
0.00328146
0.0037306
0.00411923
0.00441462
0.00460485
0.00459361
-0.000908258
-0.000963917
-0.000924068
-0.000845579
-0.000715536
-0.000531447
-0.000291307
6.32208e-06
0.000361631
0.00077318
0.00123746
0.00174837
0.00229668
0.00286782
0.00344137
0.00398944
0.00447551
0.00485474
0.005105
0.00510363
-0.0012537
-0.00132027
-0.0012831
-0.00120676
-0.0010756
-0.000885761
-0.000633677
-0.000316331
6.80409e-05
0.000519617
0.00103658
0.00161448
0.00224612
0.0029178
0.00360858
0.004287
0.0049075
0.00540846
0.00574908
0.00577057
-0.00166268
-0.00174321
-0.00171088
-0.00163983
-0.00151084
-0.00131826
-0.00105657
-0.000720855
-0.000307475
0.000185702
0.000759071
0.00141073
0.0021372
0.00292748
0.00376266
0.00460988
0.00541485
0.00609465
0.00657389
0.00664809
-0.0021403
-0.00223866
-0.00221428
-0.00215311
-0.00203133
-0.00184091
-0.0015739
-0.00122316
-0.000783036
-0.000249289
0.000381023
0.00110927
0.0019383
0.00286219
0.00386874
0.00492915
0.00598402
0.00692966
0.00762586
0.00782284
-0.00269232
-0.00281336
-0.00280103
-0.0027562
-0.00264883
-0.00246767
-0.00220172
-0.00184141
-0.00137918
-0.000808941
-0.000125415
0.000675069
0.00160799
0.00267159
0.00386971
0.00518818
0.00657355
0.00791386
0.00895815
0.00944102
-0.00332563
-0.00347458
-0.00347971
-0.00346005
-0.00337701
-0.0032147
-0.0029583
-0.00259574
-0.00211812
-0.00151833
-0.000788678
8.25715e-05
0.00109692
0.00228738
0.00367751
0.00528418
0.00708507
0.00899714
0.0106109
0.0117479
-0.00405288
-0.00423354
-0.00426083
-0.00427766
-0.00423216
-0.00410105
-0.00386444
-0.00350789
-0.00302259
-0.00240306
-0.00164339
-0.000732425
0.000348627
0.00162216
0.00316029
0.00503463
0.00729984
0.00999437
0.0125123
0.0152316
-0.00486306
-0.00509753
-0.00515654
-0.00522872
-0.00523743
-0.00515074
-0.00494389
-0.00460042
-0.00411333
-0.00348242
-0.00271001
-0.00179572
-0.00072909
0.000532966
0.00210248
0.00409453
0.00673458
0.0104392
0.0142806
0.020153
-0.00592362
-0.00602848
-0.00612146
-0.00625357
-0.0063581
-0.00635986
-0.00621274
-0.00589455
-0.00540613
-0.00476047
-0.00397515
-0.0030597
-0.00201368
-0.000793347
0.000680565
0.0024928
0.00492657
0.00918623
0.0138075
0.0249857
-0.00676622
-0.00750271
-0.00755643
-0.00788267
-0.00803892
-0.00803898
-0.00785766
-0.00749184
-0.0069553
-0.00627137
-0.00548193
-0.00462693
-0.00376632
-0.00294127
-0.00223646
-0.00149262
-0.00097637
0.00303944
0.0070106
0.027205
-0.00986679
-0.00776553
-0.00803174
-0.00829376
-0.00875703
-0.00906716
-0.00914002
-0.00892719
-0.00844975
-0.00775035
-0.00692353
-0.00602946
-0.00523196
-0.00463771
-0.00464094
-0.00517262
-0.00770371
-0.0053364
-0.00159602
0.0313874
-0.00767767
-0.01126
-0.0112847
-0.0124227
-0.0127862
-0.0128005
-0.0124372
-0.0117747
-0.0108996
-0.00985322
-0.00879343
-0.00777238
-0.00704853
-0.00684741
-0.00786217
-0.0099174
-0.0165868
-0.0146529
-0.00628358
0.0523297
-0.0305864
-0.00731082
-0.00788919
-0.00881601
-0.00970826
-0.0104219
-0.0107956
-0.0107112
-0.0102717
-0.00945624
-0.00864764
-0.00760178
-0.00711221
-0.00651594
-0.00716092
-0.00684604
-0.00522512
0.0117025
0.0580836
0.166383
3.12498e-05
8.37087e-06
5.06423e-05
0.000128961
0.000247575
0.000405161
0.000599448
0.000827425
0.001085
0.00136685
0.0016663
0.00197552
0.00228483
0.00258365
0.00286044
0.00310336
0.00330064
0.0034417
0.00352566
0.00351319
5.36636e-05
2.93311e-05
7.13868e-05
0.000147245
0.00026238
0.000415845
0.000605671
0.000829132
0.0010824
0.00136038
0.00165649
0.00196323
0.00227093
0.00256902
0.00284589
0.00308949
0.0032878
0.00343003
0.00351621
0.00350256
9.74895e-06
-1.81518e-05
2.34633e-05
9.89404e-05
0.00021438
0.000369014
0.000561119
0.000788246
0.00104683
0.001332
0.00163751
0.00195515
0.00227561
0.00258783
0.00287951
0.00313759
0.00334881
0.00350093
0.00359359
0.00357759
-7.4632e-05
-0.000105909
-6.4514e-05
1.11575e-05
0.000127999
0.000285579
0.000482566
0.000716916
0.000985441
0.00128358
0.00160519
0.00194214
0.00228494
0.00262176
0.00293912
0.0032224
0.00345625
0.00362597
0.00373029
0.00371349
-0.000205487
-0.000240854
-0.000199504
-0.00012301
-3.48346e-06
0.00015911
0.000363964
0.000609584
0.00089329
0.00121093
0.00155661
0.00192248
0.00229848
0.00267202
0.00302808
0.00334969
0.00361837
0.00381558
0.00393824
0.00392154
-0.000384867
-0.000425454
-0.000384193
-0.000306644
-0.000183637
-1.45122e-05
0.000200628
0.000461026
0.000764698
0.0011081
0.00148576
0.00189034
0.0023113
0.00273516
0.00314508
0.00352096
0.00383994
0.00407765
0.00422781
0.00421259
-0.000615344
-0.000662617
-0.000621837
-0.000543571
-0.000416982
-0.000240589
-1.35566e-05
0.000264338
0.000592069
0.000966994
0.00138445
0.00183746
0.00231584
0.00280528
0.00328696
0.00373703
0.0041266
0.00442282
0.00461365
0.00460263
-0.0009003
-0.000956139
-0.000916712
-0.000838801
-0.000709423
-0.000526025
-0.000286544
1.05137e-05
0.000365387
0.000776682
0.00124093
0.00175208
0.00230092
0.0028729
0.00344757
0.00399697
0.00448444
0.00486498
0.00511623
0.00511529
-0.0012437
-0.00131051
-0.00127392
-0.00119839
-0.00106816
-0.000879303
-0.00062817
-0.000311674
7.20166e-05
0.000523135
0.00103992
0.00161799
0.00225024
0.00292297
0.00361524
0.0042955
0.0049181
0.00542107
0.00576332
0.00578559
-0.00165002
-0.00173087
-0.00169936
-0.00162943
-0.00150176
-0.00131058
-0.00105028
-0.000715809
-0.000303479
0.000188918
0.000761841
0.00141349
0.00214061
0.00293213
0.0037692
0.00461894
0.00542691
0.00610982
0.00659169
0.00666729
-0.00212417
-0.00222298
-0.00219973
-0.00214016
-0.00202025
-0.00183183
-0.00156679
-0.00121787
-0.000779319
-0.000246833
0.000382566
0.00111035
0.00194006
0.00286527
0.0038741
0.00493778
0.00599685
0.00694721
0.00764761
0.00784711
-0.00267169
-0.00279333
-0.0027826
-0.00274001
-0.00263527
-0.00245694
-0.00219378
-0.00183608
-0.00137615
-0.000807828
-0.000125931
0.000672644
0.00160676
0.00267166
0.00387219
0.00519458
0.00658558
0.00793284
0.00898387
0.00947125
-0.00329918
-0.00344894
-0.0034563
-0.00343977
-0.0033604
-0.00320204
-0.00294955
-0.00259065
-0.00211627
-0.00151918
-0.000791483
7.93694e-05
0.00109179
0.00228236
0.00367441
0.00528533
0.00709335
0.00901534
0.0106396
0.011785
-0.00401901
-0.00420074
-0.00423108
-0.0042522
-0.00421177
-0.00408608
-0.00385486
-0.00350336
-0.0030226
-0.00240699
-0.00165057
-0.000742111
0.000336857
0.00160932
0.0031479
0.00502589
0.00729938
0.0100073
0.0125416
0.015276
-0.00482007
-0.00505587
-0.00511887
-0.00519681
-0.00521235
-0.00513297
-0.00493339
-0.00459673
-0.00411579
-0.00349032
-0.00272278
-0.00181296
-0.000750673
0.000508062
0.0020751
0.00406828
0.00671592
0.0104376
0.014305
0.0202034
-0.00586923
-0.00597564
-0.00607368
-0.00621326
-0.00632684
-0.00633834
-0.00620091
-0.00589171
-0.00541133
-0.00477284
-0.00399414
-0.00308524
-0.00204607
-0.000831839
0.000636997
0.00244576
0.00488354
0.00915915
0.0138156
0.0250352
-0.00670163
-0.00744012
-0.00749901
-0.00783449
-0.00800167
-0.00801375
-0.00784431
-0.00748978
-0.00696326
-0.00628824
-0.00550716
-0.00466064
-0.0038095
-0.00299627
-0.00230492
-0.00157311
-0.00106756
0.00295617
0.00697059
0.0272301
-0.00978524
-0.00768466
-0.00795819
-0.00823075
-0.00870793
-0.00903356
-0.00912207
-0.00892375
-0.00845893
-0.00777037
-0.00695349
-0.00606965
-0.00528457
-0.0047063
-0.00472909
-0.00528487
-0.00784624
-0.00548512
-0.00170105
0.0313629
-0.00760181
-0.01118
-0.011203
-0.0123508
-0.0127282
-0.0127602
-0.0124152
-0.0117696
-0.0109092
-0.00987527
-0.00882664
-0.00781691
-0.00710684
-0.00692428
-0.00796496
-0.0100566
-0.0167772
-0.0148626
-0.00646477
0.0523038
-0.0304865
-0.00720534
-0.00778865
-0.00872703
-0.00963734
-0.0103728
-0.0107686
-0.0107039
-0.010281
-0.00947882
-0.00868197
-0.00764739
-0.0071722
-0.00659355
-0.00726473
-0.00697633
-0.00539115
0.0115381
0.057957
0.166425
3.30513e-05
1.01406e-05
5.23429e-05
0.000130574
0.000249099
0.000406605
0.000600833
0.000828779
0.00108636
0.00136825
0.00166776
0.00197708
0.00228652
0.00258546
0.0028624
0.00310544
0.00330283
0.00344395
0.00352795
0.00351548
5.5549e-05
3.11817e-05
7.31651e-05
0.000148932
0.000263972
0.000417352
0.000607113
0.000830536
0.0010838
0.00136181
0.001658
0.00196483
0.00227266
0.0025709
0.00284792
0.00309165
0.00329007
0.00343238
0.0035186
0.00350496
1.18462e-05
-1.60918e-05
2.54427e-05
0.000100816
0.000216146
0.000370677
0.000562699
0.000789772
0.00104834
0.00133353
0.00163911
0.00195686
0.00227745
0.00258984
0.00288169
0.00313995
0.00335131
0.00350353
0.00359626
0.00358027
-7.21978e-05
-0.000103517
-6.22176e-05
1.33289e-05
0.000130034
0.000287482
0.000484356
0.000718626
0.000987111
0.00128525
0.00160692
0.00194399
0.00228696
0.00262399
0.00294157
0.00322507
0.00345912
0.00362899
0.00373342
0.00371665
-0.000202583
-0.000238
-0.000196768
-0.000120433
-1.08347e-06
0.000161334
0.000366031
0.00061153
0.000895164
0.0012128
0.00155855
0.00192453
0.00230073
0.00267452
0.00303088
0.0033528
0.00362177
0.00381921
0.00394204
0.0039254
-0.000381337
-0.000421986
-0.000380878
-0.000303538
-0.000180767
-1.18841e-05
0.000203034
0.000463251
0.000766801
0.00111016
0.00148786
0.00189258
0.00231379
0.00273798
0.0031483
0.00352463
0.00384404
0.00408211
0.00423253
0.00421742
-0.000610996
-0.00065835
-0.000617775
-0.00053979
-0.000413525
-0.000237469
-1.07546e-05
0.00026687
0.000594404
0.000969227
0.0013867
0.00183985
0.00231853
0.0028084
0.00329064
0.00374134
0.00413155
0.00442833
0.00461958
0.00460874
-0.000894894
-0.000950839
-0.000911691
-0.000834166
-0.00070524
-0.000522318
-0.000283296
1.33587e-05
0.000367918
0.00077902
0.00124323
0.00175451
0.00230369
0.00287623
0.00345164
0.00400192
0.00449034
0.00487174
0.00512368
0.00512304
-0.00123693
-0.00130388
-0.00126767
-0.00119268
-0.00106309
-0.000874905
-0.000624434
-0.000308536
7.4664e-05
0.000525438
0.00104206
0.00162022
0.00225285
0.00292627
0.0036195
0.00430099
0.00492495
0.00542925
0.00577257
0.00579535
-0.00164147
-0.00172252
-0.00169154
-0.00162237
-0.0014956
-0.00130538
-0.00104602
-0.000712432
-0.000300853
0.000190963
0.000763515
0.00141508
0.00214262
0.00293496
0.00377325
0.00462461
0.00543452
0.00611942
0.00660296
0.00667944
-0.00211333
-0.00221241
-0.00218992
-0.0021314
-0.00201274
-0.00182568
-0.00156199
-0.00121434
-0.000776913
-0.00024536
0.000383296
0.00111058
0.00194081
0.00286694
0.00387721
0.00494296
0.00600468
0.00695798
0.00766097
0.00786196
-0.00265791
-0.00277991
-0.00277023
-0.00272911
-0.00262613
-0.00244969
-0.00218843
-0.00183253
-0.00137421
-0.000807285
-0.000126698
0.000669823
0.00160535
0.00267117
0.00387321
0.00519807
0.00659255
0.00794402
0.00899908
0.00948898
-0.00328166
-0.0034319
-0.0034407
-0.00342619
-0.00334923
-0.00319348
-0.00294363
-0.00258721
-0.00211508
-0.00151987
-0.000793428
7.77535e-05
0.00108811
0.00227852
0.00367169
0.00528521
0.00709759
0.00902544
0.0106558
0.0118055
-0.00399682
-0.00417919
-0.00421143
-0.00423528
-0.00419811
-0.00407596
-0.00384831
-0.00350019
-0.00302254
-0.00240964
-0.00165544
-0.00074862
0.000328743
0.00160036
0.00313916
0.00501937
0.00729781
0.0100135
0.0125568
0.0152987
-0.00479227
-0.00502881
-0.00509427
-0.00517578
-0.00519562
-0.00512092
-0.00492609
-0.00459396
-0.00411718
-0.00349545
-0.00273125
-0.00182449
-0.000765164
0.000491367
0.00205695
0.00405095
0.00670318
0.0104346
0.0143161
0.0202266
-0.00583465
-0.0059419
-0.00604295
-0.00618704
-0.00630617
-0.00632377
-0.00619253
-0.00588921
-0.00541422
-0.00478062
-0.00400648
-0.00310205
-0.00206736
-0.000856971
0.000609002
0.002416
0.00485651
0.00914131
0.0138162
0.0250549
-0.00666116
-0.00740055
-0.00746243
-0.00780326
-0.00797697
-0.00799645
-0.00783465
-0.0074873
-0.00696744
-0.00629852
-0.00552319
-0.00468246
-0.00383755
-0.00303164
-0.00234817
-0.00162265
-0.001122
0.00290763
0.00694515
0.027233
-0.0097353
-0.00763486
-0.0079125
-0.00819098
-0.00867623
-0.00901105
-0.00910921
-0.00891998
-0.00846344
-0.00778223
-0.00697222
-0.00609537
-0.00531837
-0.00474983
-0.00478372
-0.00535216
-0.00792804
-0.0055687
-0.00176301
0.0313364
-0.00755575
-0.0111311
-0.0111529
-0.0123058
-0.0126908
-0.012733
-0.0123988
-0.0117639
-0.0109131
-0.00988766
-0.00884686
-0.00784499
-0.00714402
-0.00697294
-0.00802855
-0.0101399
-0.0168877
-0.0149834
-0.0065768
0.0522606
-0.0304279
-0.00714348
-0.0077289
-0.00867298
-0.00959288
-0.0103407
-0.0107495
-0.010697
-0.0102846
-0.00949141
-0.00870284
-0.00767621
-0.0072105
-0.00664291
-0.00732961
-0.00705662
-0.00549214
0.0114333
0.057864
0.166405
3.3996e-05
1.10712e-05
5.32395e-05
0.000131427
0.000249906
0.00040737
0.000601565
0.000829493
0.00108707
0.00136897
0.00166852
0.00197789
0.00228738
0.0025864
0.0028634
0.0031065
0.00330395
0.00344511
0.00352912
0.00351666
5.65331e-05
3.21501e-05
7.4098e-05
0.000149819
0.000264811
0.000418146
0.000607872
0.000831274
0.00108453
0.00136256
0.00165878
0.00196566
0.00227355
0.00257186
0.00284895
0.00309276
0.00329124
0.00343359
0.00351984
0.0035062
1.29342e-05
-1.50206e-05
2.64742e-05
0.000101796
0.00021707
0.000371548
0.000563526
0.00079057
0.00104912
0.00133433
0.00163993
0.00195773
0.0022784
0.00259088
0.00288281
0.00314115
0.00335259
0.00350487
0.00359763
0.00358166
-7.09432e-05
-0.000102282
-6.10292e-05
1.44551e-05
0.000131091
0.000288472
0.000485288
0.000719514
0.000987976
0.00128612
0.0016078
0.00194495
0.002288
0.00262512
0.00294282
0.00322643
0.00346058
0.00363054
0.00373502
0.00371827
-0.000201094
-0.000236534
-0.000195361
-0.000119104
1.55379e-07
0.000162483
0.000367099
0.000612534
0.000896129
0.00121376
0.00155954
0.00192558
0.00230187
0.0026758
0.0030323
0.00335438
0.0036235
0.00382107
0.00394397
0.00392737
-0.000379535
-0.000420213
-0.000379181
-0.000301945
-0.000179294
-1.05341e-05
0.000204269
0.000464392
0.000767878
0.00111121
0.00148893
0.00189372
0.00231504
0.00273941
0.00314993
0.00352648
0.0038461
0.00408437
0.00423493
0.00421987
-0.000608784
-0.000656175
-0.000615702
-0.000537858
-0.000411758
-0.000235874
-9.32345e-06
0.00026816
0.00059559
0.000970358
0.00138783
0.00184106
0.00231988
0.00280997
0.00329248
0.00374349
0.00413402
0.00443109
0.00462256
0.00461182
-0.00089215
-0.000948146
-0.000909137
-0.000831807
-0.00070311
-0.000520431
-0.000281644
1.48014e-05
0.000369196
0.000780193
0.00124437
0.00175571
0.00230507
0.00287788
0.00345366
0.00400438
0.00449327
0.00487511
0.00512737
0.00512689
-0.0012335
-0.00130052
-0.0012645
-0.00118978
-0.00106051
-0.000872673
-0.000622542
-0.000306952
7.59905e-05
0.00052658
0.00104311
0.00162129
0.00225412
0.00292787
0.00362159
0.00430367
0.00492831
0.00543326
0.0057771
0.00580014
-0.00163715
-0.00171829
-0.00168759
-0.0016188
-0.00149247
-0.00130274
-0.00104387
-0.000710736
-0.000299548
0.000191956
0.000764296
0.00141579
0.00214354
0.00293629
0.00377519
0.00462734
0.00543819
0.00612406
0.0066084
0.0066853
-0.00210788
-0.00220709
-0.00218497
-0.00212698
-0.00200895
-0.00182257
-0.00155958
-0.00121257
-0.000775728
-0.000244672
0.000383557
0.00111048
0.00194103
0.00286765
0.00387863
0.00494538
0.00600838
0.00696308
0.0076673
0.00786898
-0.00265101
-0.00277319
-0.00276402
-0.00272363
-0.00262152
-0.00244603
-0.00218574
-0.00183075
-0.00137326
-0.000807073
-0.000127257
0.000667682
0.00160442
0.00267077
0.00387356
0.00519958
0.00659572
0.00794919
0.00900611
0.00949713
-0.00327294
-0.00342341
-0.0034329
-0.00341938
-0.00334362
-0.00318917
-0.00294064
-0.00258549
-0.00211449
-0.00152022
-0.000794348
7.75084e-05
0.00108627
0.00227649
0.00367016
0.00528491
0.00709931
0.00902989
0.010663
0.0118146
-0.00398585
-0.00416851
-0.00420167
-0.00422684
-0.00419126
-0.00407086
-0.00384499
-0.0034986
-0.00302249
-0.00241095
-0.00165786
-0.000751812
0.000324654
0.00159579
0.00313468
0.00501593
0.00729668
0.0100159
0.0125633
0.0153083
-0.00477862
-0.00501551
-0.00508214
-0.00516535
-0.00518726
-0.00511485
-0.00492236
-0.00459248
-0.00411779
-0.00349795
-0.00273545
-0.00183022
-0.000772422
0.000483025
0.00204795
0.00404236
0.00669673
0.0104326
0.0143201
0.0202357
-0.00581785
-0.00592548
-0.00602793
-0.00617413
-0.0062959
-0.00631643
-0.0061882
-0.00588779
-0.00541549
-0.00478436
-0.00401253
-0.00311034
-0.00207785
-0.000869348
0.000595328
0.00240158
0.00484343
0.00913236
0.0138154
0.0250617
-0.00664164
-0.0073814
-0.00744466
-0.00778794
-0.0079647
-0.00798769
-0.00782956
-0.00748576
-0.00696922
-0.00630337
-0.00553096
-0.00469314
-0.00385131
-0.00304887
-0.00236905
-0.00164622
-0.00114757
0.00288501
0.00693254
0.0272327
-0.00971155
-0.00761112
-0.00789062
-0.00817176
-0.00866071
-0.00899982
-0.00910253
-0.00891773
-0.00846525
-0.00778773
-0.00698121
-0.00610788
-0.00533484
-0.00477092
-0.00480986
-0.00538381
-0.00796559
-0.00560677
-0.00179234
0.031321
-0.00753386
-0.0111077
-0.0111291
-0.0122842
-0.0126726
-0.0127194
-0.0123903
-0.0117606
-0.0109144
-0.00989326
-0.00885642
-0.00785855
-0.00716207
-0.00699645
-0.0080589
-0.0101788
-0.0169386
-0.0150389
-0.00663041
0.0522339
-0.0304007
-0.00711473
-0.00770095
-0.00864742
-0.0095715
-0.0103248
-0.0107397
-0.010693
-0.0102858
-0.00949709
-0.00871272
-0.00769015
-0.00722912
-0.00666684
-0.00736073
-0.0070948
-0.0055399
0.0113826
0.0578157
0.166384
3.40452e-05
1.11188e-05
5.3284e-05
0.000131468
0.000249942
0.000407401
0.000601593
0.000829517
0.00108709
0.00136899
0.00166854
0.0019779
0.00228739
0.00258641
0.00286341
0.00310651
0.00330395
0.00344511
0.00352913
0.00351667
5.65806e-05
3.21961e-05
7.41411e-05
0.000149858
0.000264846
0.000418177
0.000607899
0.000831298
0.00108455
0.00136258
0.0016588
0.00196567
0.00227356
0.00257187
0.00284896
0.00309277
0.00329124
0.00343359
0.00351984
0.0035062
1.29785e-05
-1.49776e-05
2.65146e-05
0.000101833
0.000217103
0.000371577
0.000563552
0.000790593
0.00104914
0.00133434
0.00163994
0.00195774
0.00227841
0.00259089
0.00288282
0.00314116
0.0033526
0.00350487
0.00359763
0.00358166
-7.09031e-05
-0.000102243
-6.09923e-05
1.44892e-05
0.000131122
0.000288499
0.000485312
0.000719535
0.000987994
0.00128613
0.00160781
0.00194496
0.00228801
0.00262513
0.00294283
0.00322644
0.00346059
0.00363055
0.00373503
0.00371828
-0.000201059
-0.000236499
-0.000195328
-0.000119074
1.8356e-07
0.000162508
0.000367121
0.000612554
0.000896146
0.00121377
0.00155955
0.00192559
0.00230188
0.0026758
0.00303231
0.00335438
0.00362351
0.00382107
0.00394398
0.00392738
-0.000379504
-0.000420183
-0.000379152
-0.000301917
-0.000179269
-1.05115e-05
0.00020429
0.00046441
0.000767894
0.00111122
0.00148895
0.00189373
0.00231505
0.00273941
0.00314994
0.00352648
0.00384611
0.00408438
0.00423493
0.00421987
-0.000608758
-0.000656149
-0.000615677
-0.000537834
-0.000411735
-0.000235854
-9.3056e-06
0.000268176
0.000595605
0.000970371
0.00138784
0.00184107
0.00231988
0.00280998
0.00329249
0.0037435
0.00413403
0.0044311
0.00462257
0.00461182
-0.000892127
-0.000948123
-0.000909115
-0.000831787
-0.000703091
-0.000520414
-0.000281628
1.48156e-05
0.000369209
0.000780204
0.00124438
0.00175572
0.00230508
0.00287789
0.00345366
0.00400438
0.00449327
0.00487511
0.00512738
0.0051269
-0.00123348
-0.0013005
-0.00126448
-0.00118976
-0.0010605
-0.000872657
-0.000622528
-0.00030694
7.60015e-05
0.000526589
0.00104312
0.0016213
0.00225413
0.00292788
0.00362159
0.00430368
0.00492831
0.00543327
0.00577711
0.00580014
-0.00163713
-0.00171828
-0.00168758
-0.00161879
-0.00149246
-0.00130273
-0.00104386
-0.000710725
-0.000299539
0.000191964
0.000764303
0.0014158
0.00214355
0.0029363
0.00377519
0.00462735
0.0054382
0.00612407
0.0066084
0.0066853
-0.00210787
-0.00220707
-0.00218495
-0.00212697
-0.00200894
-0.00182256
-0.00155957
-0.00121256
-0.000775719
-0.000244665
0.000383563
0.00111048
0.00194104
0.00286765
0.00387864
0.00494538
0.00600838
0.00696309
0.0076673
0.00786898
-0.00265099
-0.00277318
-0.00276401
-0.00272362
-0.00262151
-0.00244602
-0.00218573
-0.00183074
-0.00137325
-0.000807067
-0.000127252
0.000667686
0.00160442
0.00267077
0.00387356
0.00519959
0.00659573
0.00794919
0.00900611
0.00949713
-0.00327293
-0.0034234
-0.00343289
-0.00341937
-0.00334361
-0.00318916
-0.00294063
-0.00258548
-0.00211448
-0.00152021
-0.000794344
7.75117e-05
0.00108627
0.00227649
0.00367016
0.00528491
0.00709931
0.0090299
0.0106631
0.0118146
-0.00398584
-0.0041685
-0.00420166
-0.00422683
-0.00419125
-0.00407086
-0.00384499
-0.00349859
-0.00302249
-0.00241095
-0.00165786
-0.000751809
0.000324657
0.0015958
0.00313468
0.00501593
0.00729668
0.0100159
0.0125633
0.0153083
-0.00477862
-0.0050155
-0.00508213
-0.00516534
-0.00518725
-0.00511484
-0.00492235
-0.00459247
-0.00411778
-0.00349795
-0.00273545
-0.00183021
-0.00077242
0.000483028
0.00204795
0.00404237
0.00669673
0.0104326
0.0143201
0.0202357
-0.00581784
-0.00592547
-0.00602792
-0.00617413
-0.00629589
-0.00631643
-0.0061882
-0.00588779
-0.00541548
-0.00478435
-0.00401253
-0.00311034
-0.00207785
-0.000869344
0.000595332
0.00240158
0.00484343
0.00913237
0.0138154
0.0250617
-0.00664163
-0.0073814
-0.00744465
-0.00778794
-0.00796469
-0.00798769
-0.00782955
-0.00748576
-0.00696922
-0.00630336
-0.00553095
-0.00469314
-0.0038513
-0.00304887
-0.00236904
-0.00164622
-0.00114756
0.00288502
0.00693254
0.0272327
-0.00971155
-0.00761111
-0.00789062
-0.00817176
-0.00866071
-0.00899981
-0.00910253
-0.00891772
-0.00846525
-0.00778773
-0.00698121
-0.00610788
-0.00533484
-0.00477092
-0.00480985
-0.0053838
-0.00796559
-0.00560676
-0.00179233
0.031321
-0.00753385
-0.0111077
-0.0111291
-0.0122841
-0.0126726
-0.0127194
-0.0123903
-0.0117605
-0.0109144
-0.00989326
-0.00885642
-0.00785855
-0.00716207
-0.00699645
-0.00805889
-0.0101788
-0.0169386
-0.0150389
-0.0066304
0.0522339
-0.0304007
-0.00711473
-0.00770095
-0.00864741
-0.0095715
-0.0103248
-0.0107396
-0.0106929
-0.0102858
-0.00949709
-0.00871271
-0.00769015
-0.00722912
-0.00666684
-0.00736073
-0.00709479
-0.0055399
0.0113826
0.0578157
0.166384
3.32021e-05
1.02862e-05
5.24788e-05
0.000130697
0.000249208
0.0004067
0.000600915
0.000828849
0.00108642
0.0013683
0.00166781
0.00197712
0.00228655
0.00258549
0.00286242
0.00310546
0.00330285
0.00344397
0.00352796
0.0035155
5.56944e-05
3.13222e-05
7.32965e-05
0.000149051
0.000264078
0.000417445
0.000607193
0.000830606
0.00108386
0.00136187
0.00165804
0.00196487
0.00227269
0.00257092
0.00284794
0.00309168
0.00329009
0.0034324
0.00351862
0.00350497
1.19814e-05
-1.59609e-05
2.55656e-05
0.000100929
0.000216246
0.000370765
0.000562776
0.000789839
0.00104839
0.00133358
0.00163915
0.00195689
0.00227749
0.00258987
0.00288172
0.00313997
0.00335133
0.00350355
0.00359627
0.00358029
-7.20758e-05
-0.000103399
-6.21058e-05
1.34322e-05
0.000130127
0.000287565
0.000484429
0.000718689
0.000987164
0.0012853
0.00160696
0.00194403
0.00228699
0.00262401
0.00294159
0.00322509
0.00345913
0.00362901
0.00373343
0.00371666
-0.000202476
-0.000237895
-0.000196669
-0.00012034
-9.985e-07
0.00016141
0.000366098
0.000611588
0.000895214
0.00121284
0.00155859
0.00192457
0.00230076
0.00267455
0.0030309
0.00335281
0.00362179
0.00381923
0.00394205
0.00392541
-0.000381243
-0.000421895
-0.000380791
-0.000303456
-0.000180691
-1.18159e-05
0.000203094
0.000463304
0.000766848
0.0011102
0.0014879
0.00189261
0.00231381
0.00273801
0.00314832
0.00352464
0.00384405
0.00408213
0.00423255
0.00421743
-0.000610916
-0.000658271
-0.000617698
-0.000539718
-0.000413458
-0.000237409
-1.0701e-05
0.000266917
0.000594447
0.000969266
0.00138673
0.00183988
0.00231855
0.00280843
0.00329066
0.00374136
0.00413156
0.00442834
0.0046196
0.00460876
-0.000894825
-0.000950771
-0.000911625
-0.000834104
-0.000705183
-0.000522266
-0.000283248
1.34014e-05
0.000367956
0.000779054
0.00124326
0.00175453
0.00230372
0.00287626
0.00345166
0.00400194
0.00449036
0.00487176
0.00512369
0.00512305
-0.00123687
-0.00130382
-0.00126762
-0.00119262
-0.00106304
-0.000874858
-0.000624392
-0.000308498
7.46969e-05
0.000525467
0.00104209
0.00162024
0.00225288
0.00292629
0.00361952
0.00430101
0.00492497
0.00542927
0.00577258
0.00579536
-0.00164141
-0.00172247
-0.0016915
-0.00162233
-0.00149555
-0.00130534
-0.00104598
-0.000712399
-0.000300825
0.000190986
0.000763536
0.0014151
0.00214264
0.00293497
0.00377327
0.00462463
0.00543454
0.00611944
0.00660297
0.00667945
-0.00211329
-0.00221237
-0.00218987
-0.00213137
-0.00201271
-0.00182564
-0.00156196
-0.00121431
-0.000776888
-0.000245339
0.000383314
0.00111059
0.00194082
0.00286695
0.00387723
0.00494297
0.00600469
0.00695799
0.00766098
0.00786197
-0.00265787
-0.00277988
-0.0027702
-0.00272908
-0.00262609
-0.00244965
-0.0021884
-0.0018325
-0.00137419
-0.000807267
-0.000126684
0.000669836
0.00160536
0.00267118
0.00387322
0.00519808
0.00659256
0.00794404
0.00899909
0.00948899
-0.00328163
-0.00343187
-0.00344067
-0.00342616
-0.0033492
-0.00319345
-0.0029436
-0.00258719
-0.00211506
-0.00151985
-0.000793414
7.77648e-05
0.00108812
0.00227853
0.0036717
0.00528522
0.0070976
0.00902545
0.0106558
0.0118055
-0.0039968
-0.00417916
-0.00421141
-0.00423525
-0.00419808
-0.00407594
-0.00384829
-0.00350017
-0.00302252
-0.00240962
-0.00165543
-0.000748609
0.000328752
0.00160037
0.00313917
0.00501938
0.00729782
0.0100135
0.0125568
0.0152987
-0.00479225
-0.00502879
-0.00509425
-0.00517576
-0.0051956
-0.0051209
-0.00492607
-0.00459394
-0.00411716
-0.00349544
-0.00273124
-0.00182448
-0.000765155
0.000491375
0.00205696
0.00405097
0.00670319
0.0104346
0.0143161
0.0202267
-0.00583463
-0.00594188
-0.00604293
-0.00618702
-0.00630615
-0.00632376
-0.00619251
-0.0058892
-0.0054142
-0.0047806
-0.00400647
-0.00310204
-0.00206735
-0.000856961
0.000609014
0.00241601
0.00485653
0.00914132
0.0138162
0.0250549
-0.00666114
-0.00740053
-0.00746242
-0.00780325
-0.00797695
-0.00799644
-0.00783464
-0.00748729
-0.00696743
-0.0062985
-0.00552318
-0.00468245
-0.00383754
-0.00303162
-0.00234816
-0.00162264
-0.00112199
0.00290764
0.00694516
0.027233
-0.00973528
-0.00763484
-0.00791249
-0.00819097
-0.00867621
-0.00901104
-0.0091092
-0.00891997
-0.00846342
-0.00778221
-0.00697221
-0.00609536
-0.00531835
-0.00474982
-0.00478371
-0.00535215
-0.00792803
-0.00556869
-0.001763
0.0313364
-0.00755573
-0.011131
-0.0111529
-0.0123058
-0.0126908
-0.012733
-0.0123988
-0.0117639
-0.0109131
-0.00988765
-0.00884685
-0.00784498
-0.00714401
-0.00697293
-0.00802854
-0.0101399
-0.0168877
-0.0149834
-0.00657679
0.0522606
-0.0304279
-0.00714346
-0.00772888
-0.00867296
-0.00959286
-0.0103406
-0.0107495
-0.010697
-0.0102846
-0.0094914
-0.00870283
-0.0076762
-0.00721049
-0.0066429
-0.0073296
-0.00705661
-0.00549213
0.0114333
0.057864
0.166405
3.15126e-05
8.62375e-06
5.08768e-05
0.000129172
0.00024776
0.000405321
0.000599585
0.000827542
0.0010851
0.00136694
0.00166637
0.00197558
0.00228489
0.00258369
0.00286048
0.00310339
0.00330067
0.00344173
0.00352569
0.00351322
5.39161e-05
2.95743e-05
7.16129e-05
0.000147449
0.00026256
0.000416001
0.000605805
0.000829247
0.0010825
0.00136046
0.00165656
0.00196329
0.00227098
0.00256907
0.00284593
0.00308953
0.00328783
0.00343006
0.00351623
0.00350258
9.98243e-06
-1.79265e-05
2.36739e-05
9.91319e-05
0.000214551
0.000369163
0.000561248
0.000788357
0.00104692
0.00133208
0.00163758
0.00195521
0.00227566
0.00258788
0.00287954
0.00313763
0.00334884
0.00350095
0.00359361
0.00357761
-7.4423e-05
-0.000105707
-6.43235e-05
1.13327e-05
0.000128157
0.000285719
0.000482687
0.000717021
0.00098553
0.00128365
0.00160526
0.0019422
0.00228499
0.00262181
0.00293916
0.00322243
0.00345627
0.00362599
0.00373031
0.00371351
-0.000205305
-0.000240676
-0.000199335
-0.000122853
-3.34052e-06
0.000159237
0.000364075
0.000609681
0.000893373
0.00121101
0.00155668
0.00192254
0.00229853
0.00267206
0.00302811
0.00334971
0.00361839
0.0038156
0.00393826
0.00392157
-0.00038471
-0.000425301
-0.000384045
-0.000306506
-0.000183509
-1.43981e-05
0.000200729
0.000461114
0.000764776
0.00110817
0.00148582
0.00189039
0.00231135
0.0027352
0.00314511
0.00352099
0.00383996
0.00407768
0.00422783
0.00421261
-0.000615209
-0.000662484
-0.000621709
-0.00054345
-0.00041687
-0.000240489
-1.34673e-05
0.000264418
0.000592141
0.000967058
0.0013845
0.0018375
0.00231588
0.00280532
0.003287
0.00373707
0.00412663
0.00442284
0.00461367
0.00460265
-0.000900185
-0.000956026
-0.000916602
-0.000838697
-0.000709327
-0.000525938
-0.000286465
1.05844e-05
0.00036545
0.000776738
0.00124098
0.00175212
0.00230096
0.00287294
0.00344761
0.003997
0.00448447
0.004865
0.00511626
0.00511531
-0.00124361
-0.00131042
-0.00127383
-0.0011983
-0.00106808
-0.000879226
-0.0006281
-0.000311611
7.20707e-05
0.000523182
0.00103996
0.00161803
0.00225028
0.002923
0.00361527
0.00429553
0.00491812
0.0054211
0.00576334
0.00578561
-0.00164993
-0.00173079
-0.00169928
-0.00162936
-0.00150169
-0.00131052
-0.00105021
-0.000715755
-0.000303433
0.000188957
0.000761876
0.00141352
0.00214064
0.00293216
0.00376923
0.00461896
0.00542694
0.00610984
0.0065917
0.00666731
-0.0021241
-0.00222291
-0.00219967
-0.0021401
-0.00202019
-0.00183177
-0.00156673
-0.00121782
-0.000779279
-0.000246799
0.000382595
0.00111038
0.00194009
0.00286529
0.00387413
0.0049378
0.00599687
0.00694722
0.00764763
0.00784713
-0.00267163
-0.00279327
-0.00278255
-0.00273996
-0.00263522
-0.00245689
-0.00219373
-0.00183604
-0.00137611
-0.000807797
-0.000125905
0.000672666
0.00160678
0.00267168
0.00387221
0.0051946
0.0065856
0.00793285
0.00898389
0.00947127
-0.00329913
-0.00344889
-0.00345625
-0.00343972
-0.00336035
-0.00320199
-0.00294951
-0.00259061
-0.00211624
-0.00151915
-0.000791459
7.93887e-05
0.0010918
0.00228238
0.00367442
0.00528534
0.00709337
0.00901536
0.0106397
0.011785
-0.00401897
-0.0042007
-0.00423104
-0.00425216
-0.00421173
-0.00408604
-0.00385482
-0.00350333
-0.00302256
-0.00240696
-0.00165055
-0.000742093
0.000336873
0.00160934
0.00314791
0.0050259
0.00729939
0.0100073
0.0125416
0.015276
-0.00482004
-0.00505583
-0.00511883
-0.00519678
-0.00521231
-0.00513294
-0.00493336
-0.0045967
-0.00411576
-0.0034903
-0.00272276
-0.00181294
-0.000750658
0.000508077
0.00207511
0.00406829
0.00671593
0.0104376
0.0143051
0.0202034
-0.0058692
-0.00597561
-0.00607364
-0.00621323
-0.00632681
-0.00633832
-0.00620088
-0.00589169
-0.0054113
-0.00477281
-0.00399412
-0.00308523
-0.00204605
-0.00083182
0.000637018
0.00244578
0.00488356
0.00915916
0.0138157
0.0250352
-0.0067016
-0.00744009
-0.00749898
-0.00783446
-0.00800164
-0.00801373
-0.00784429
-0.00748976
-0.00696323
-0.00628822
-0.00550714
-0.00466062
-0.00380948
-0.00299625
-0.0023049
-0.00157309
-0.00106754
0.00295618
0.00697061
0.0272301
-0.00978521
-0.00768463
-0.00795816
-0.00823073
-0.00870791
-0.00903354
-0.00912205
-0.00892373
-0.00845891
-0.00777035
-0.00695348
-0.00606963
-0.00528455
-0.00470628
-0.00472907
-0.00528485
-0.00784622
-0.0054851
-0.00170103
0.0313629
-0.00760178
-0.01118
-0.011203
-0.0123508
-0.0127282
-0.0127602
-0.0124152
-0.0117696
-0.0109092
-0.00987525
-0.00882663
-0.00781689
-0.00710682
-0.00692427
-0.00796494
-0.0100566
-0.0167771
-0.0148626
-0.00646475
0.0523039
-0.0304865
-0.00720531
-0.00778863
-0.008727
-0.00963732
-0.0103728
-0.0107686
-0.0107039
-0.010281
-0.0094788
-0.00868195
-0.00764738
-0.00717218
-0.00659353
-0.00726472
-0.00697632
-0.00539113
0.0115381
0.057957
0.166425
2.90653e-05
6.2329e-06
4.85866e-05
0.000127005
0.000245716
0.000403379
0.000597713
0.000825699
0.00108324
0.00136501
0.00166432
0.00197337
0.00228248
0.00258107
0.00285766
0.00310038
0.00329753
0.0034385
0.00352241
0.00350996
5.13222e-05
2.70417e-05
6.91867e-05
0.000145154
0.000260397
0.000413953
0.000603839
0.000827321
0.00108056
0.00135846
0.00165444
0.00196101
0.00226851
0.00256637
0.00284302
0.00308641
0.00328456
0.00342669
0.00351282
0.00349918
7.05276e-06
-2.07899e-05
2.09311e-05
9.65413e-05
0.000212117
0.000366871
0.000559066
0.000786241
0.00104482
0.00132993
0.00163531
0.00195278
0.00227301
0.00258498
0.00287639
0.00313423
0.00334524
0.00349722
0.0035898
0.00357381
-7.78757e-05
-0.000109084
-6.75559e-05
8.28687e-06
0.000125309
0.000283058
0.000480181
0.000714622
0.000983177
0.00128128
0.00160278
0.00193954
0.00228208
0.00261859
0.00293561
0.00321856
0.00345212
0.00362164
0.00372583
0.00370902
-0.000209474
-0.000244756
-0.000203233
-0.000126514
-6.74187e-06
0.000156088
0.000361146
0.000606918
0.000890703
0.00120834
0.00155392
0.00191958
0.00229527
0.00266842
0.00302403
0.00334518
0.00361345
0.00381032
0.00393277
0.00391603
-0.00038982
-0.000430301
-0.000388813
-0.000310961
-0.000187617
-1.81582e-05
0.000197283
0.000457921
0.000761746
0.00110519
0.00148277
0.00188711
0.0023077
0.00273105
0.00314036
0.00351559
0.00383394
0.00407114
0.00422093
0.00420559
-0.000621541
-0.000668678
-0.000627593
-0.000548915
-0.000421859
-0.000244991
-1.75169e-05
0.000260747
0.00058874
0.000963785
0.00138119
0.00183394
0.00231186
0.00280065
0.00328151
0.00373064
0.00411927
0.00441466
0.00460488
0.00459363
-0.000908097
-0.000963759
-0.000923915
-0.000845434
-0.000715402
-0.000531325
-0.000291197
6.42018e-06
0.000361718
0.000773257
0.00123753
0.00174843
0.00229673
0.00286787
0.00344142
0.00398948
0.00447554
0.00485477
0.00510503
0.00510366
-0.00125357
-0.00132014
-0.00128297
-0.00120664
-0.00107549
-0.000885655
-0.00063358
-0.000316245
6.8116e-05
0.000519682
0.00103663
0.00161453
0.00224617
0.00291784
0.00360863
0.00428704
0.00490754
0.00540849
0.00574911
0.00577059
-0.00166256
-0.00174309
-0.00171077
-0.00163972
-0.00151074
-0.00131816
-0.00105649
-0.00072078
-0.000307412
0.000185756
0.000759119
0.00141078
0.00213724
0.00292752
0.0037627
0.00460992
0.00541488
0.00609467
0.00657391
0.00664812
-0.0021402
-0.00223857
-0.00221418
-0.00215303
-0.00203125
-0.00184083
-0.00157383
-0.00122309
-0.00078298
-0.000249241
0.000381065
0.0011093
0.00193833
0.00286222
0.00386877
0.00492918
0.00598405
0.00692969
0.00762589
0.00782287
-0.00269224
-0.00281328
-0.00280096
-0.00275612
-0.00264875
-0.0024676
-0.00220165
-0.00184135
-0.00137913
-0.000808897
-0.000125378
0.0006751
0.00160801
0.00267161
0.00386973
0.00518821
0.00657358
0.00791389
0.00895818
0.00944105
-0.00332556
-0.00347451
-0.00347965
-0.00345999
-0.00337694
-0.00321465
-0.00295824
-0.00259568
-0.00211807
-0.00151828
-0.000788645
8.2599e-05
0.00109694
0.0022874
0.00367754
0.0052842
0.00708509
0.00899716
0.0106109
0.0117479
-0.00405282
-0.00423348
-0.00426078
-0.0042776
-0.0042321
-0.004101
-0.00386439
-0.00350784
-0.00302254
-0.00240302
-0.00164336
-0.000732398
0.000348652
0.00162218
0.00316031
0.00503465
0.00729986
0.00999439
0.0125123
0.0152317
-0.004863
-0.00509747
-0.00515649
-0.00522867
-0.00523739
-0.0051507
-0.00494385
-0.00460037
-0.00411329
-0.00348238
-0.00270998
-0.00179569
-0.000729068
0.000532988
0.00210251
0.00409455
0.0067346
0.0104392
0.0142806
0.0201531
-0.00592357
-0.00602843
-0.00612141
-0.00625353
-0.00635806
-0.00635982
-0.0062127
-0.00589451
-0.00540609
-0.00476044
-0.00397512
-0.00305967
-0.00201366
-0.00079332
0.000680592
0.00249282
0.00492659
0.00918625
0.0138076
0.0249858
-0.00676617
-0.00750266
-0.00755639
-0.00788264
-0.00803889
-0.00803895
-0.00785763
-0.00749181
-0.00695527
-0.00627134
-0.00548191
-0.0046269
-0.00376629
-0.00294124
-0.00223644
-0.0014926
-0.000976348
0.00303946
0.00701062
0.027205
-0.00986675
-0.00776548
-0.0080317
-0.00829372
-0.008757
-0.00906713
-0.00914
-0.00892717
-0.00844972
-0.00775032
-0.0069235
-0.00602943
-0.00523193
-0.00463768
-0.00464092
-0.0051726
-0.00770369
-0.00533638
-0.001596
0.0313874
-0.00767763
-0.0112599
-0.0112846
-0.0124227
-0.0127862
-0.0128004
-0.0124372
-0.0117746
-0.0108995
-0.00985319
-0.0087934
-0.00777235
-0.0070485
-0.00684739
-0.00786215
-0.00991738
-0.0165868
-0.0146529
-0.00628356
0.0523297
-0.0305864
-0.00731079
-0.00788915
-0.00881597
-0.00970823
-0.0104219
-0.0107956
-0.0107112
-0.0102717
-0.00945622
-0.00864762
-0.00760175
-0.00711219
-0.00651591
-0.0071609
-0.00684602
-0.0052251
0.0117026
0.0580836
0.166383
2.59888e-05
3.27191e-06
4.57769e-05
0.000124375
0.000243253
0.00040105
0.000595469
0.00082348
0.00108098
0.00136264
0.00166177
0.0019706
0.00227944
0.00257775
0.00285405
0.00309654
0.00329351
0.0034344
0.0035183
0.00350593
4.80124e-05
2.38536e-05
6.61589e-05
0.000142319
0.000257746
0.000411455
0.000601446
0.000824974
0.00107819
0.001356
0.00165179
0.00195816
0.0022654
0.00256297
0.00283932
0.00308246
0.00328042
0.00342246
0.00350856
0.003495
3.28078e-06
-2.44309e-05
1.74702e-05
9.33023e-05
0.000209096
0.00036404
0.000556378
0.000783634
0.00104222
0.00132725
0.00163248
0.00194973
0.00226968
0.00258132
0.00287239
0.00312992
0.0033407
0.00349253
0.00358506
0.00356914
-8.2352e-05
-0.000113415
-7.1674e-05
4.43675e-06
0.000121732
0.000279729
0.000477054
0.000711629
0.000980238
0.0012783
0.00159968
0.00193618
0.00227839
0.00261451
0.0029311
0.00321365
0.00344687
0.00361616
0.00372024
0.00370348
-0.000214894
-0.000250009
-0.000208228
-0.000131174
-1.10515e-05
0.000152111
0.000357452
0.000603432
0.00088733
0.00120497
0.00155042
0.0019158
0.0022911
0.00266374
0.00301879
0.00333937
0.00360713
0.00380364
0.00392585
0.00390913
-0.000396471
-0.000436755
-0.00039494
-0.000316659
-0.000192853
-2.29435e-05
0.000192898
0.000453849
0.000757869
0.00110137
0.00147883
0.00188286
0.00230295
0.00272565
0.00313418
0.00350859
0.00382616
0.00406273
0.0042121
0.00419672
-0.000629783
-0.000676681
-0.000635172
-0.000555927
-0.000428248
-0.000250757
-2.27131e-05
0.000256019
0.000584332
0.000959512
0.00137683
0.00182924
0.00230655
0.00279447
0.00327424
0.00372217
0.00410959
0.00440395
0.00459343
0.004582
-0.000918405
-0.000973767
-0.000933356
-0.000854108
-0.000723217
-0.000538263
-0.000297315
1.0003e-06
0.000356812
0.000768627
0.00123288
0.00174343
0.00229098
0.00286099
0.00343305
0.00397935
0.00446356
0.00484112
0.00509009
0.00508828
-0.00126657
-0.00133276
-0.00129481
-0.00121742
-0.00108506
-0.000893979
-0.000640713
-0.000322337
6.28361e-05
0.000514914
0.00103201
0.00160959
0.00224036
0.0029106
0.00359937
0.00427527
0.00489296
0.00539121
0.00572967
0.0057502
-0.00167909
-0.00175912
-0.00172572
-0.00165317
-0.00152248
-0.00132811
-0.0010647
-0.000727449
-0.000312818
0.000181242
0.000755042
0.00140657
0.00213211
0.00292063
0.00375321
0.00459696
0.00539777
0.00607325
0.00654884
0.00662111
-0.00216139
-0.00225908
-0.00223316
-0.00216988
-0.00204565
-0.00185267
-0.00158315
-0.00123014
-0.000788109
-0.00025289
0.000378374
0.00110699
0.00193514
0.002857
0.0038604
0.00491621
0.00596513
0.006904
0.00759412
0.00778729
-0.00271958
-0.0028397
-0.00282519
-0.00277733
-0.00266646
-0.00248162
-0.00221206
-0.00184846
-0.0013834
-0.000810854
-0.000125553
0.000676517
0.00160837
0.00267016
0.00386493
0.00517767
0.00655483
0.00788486
0.00891897
0.00939452
-0.00336102
-0.00350871
-0.00351074
-0.00348677
-0.00339874
-0.0032312
-0.00296966
-0.00260239
-0.00212068
-0.00151755
-0.000785465
8.6736e-05
0.00110271
0.00229261
0.00367987
0.00528036
0.00707063
0.0089676
0.0105648
0.0116875
-0.00409894
-0.00427786
-0.0043008
-0.00431153
-0.004259
-0.00412051
-0.0038767
-0.00351354
-0.00302248
-0.00239806
-0.00163434
-0.000720201
0.000363241
0.0016379
0.00317527
0.00504428
0.00729719
0.00997085
0.0124622
0.0151542
-0.00492262
-0.00515486
-0.00520796
-0.00527168
-0.00527064
-0.00517375
-0.00495699
-0.00460446
-0.00410943
-0.00347166
-0.00269316
-0.00177321
-0.000700958
0.0005655
0.00213895
0.00412978
0.00675875
0.0104365
0.0142346
0.0200582
-0.00600087
-0.00610299
-0.00618818
-0.00630892
-0.00640002
-0.00638771
-0.00622698
-0.00589659
-0.00539759
-0.00474284
-0.00394923
-0.0030254
-0.00197014
-0.000741032
0.000741263
0.00256008
0.00498926
0.00922457
0.0137865
0.0248858
-0.00686017
-0.00759233
-0.00763774
-0.00794896
-0.00808848
-0.0080708
-0.00787239
-0.00749118
-0.00694141
-0.00624614
-0.0054463
-0.00458059
-0.00370741
-0.00286521
-0.00213937
-0.00137405
-0.000835857
0.00317403
0.00707207
0.0271433
-0.00998882
-0.00788538
-0.00813957
-0.00838399
-0.00882489
-0.00911114
-0.00916088
-0.0089274
-0.00843283
-0.00771943
-0.00688019
-0.00597324
-0.00515888
-0.00454088
-0.00451237
-0.00500114
-0.00747337
-0.0050866
-0.00142753
0.0313993
-0.00779494
-0.0113806
-0.0114072
-0.0125265
-0.0128664
-0.0128521
-0.0124618
-0.0117742
-0.0108788
-0.00981687
-0.00874348
-0.00770866
-0.00696657
-0.00673842
-0.00771206
-0.00970385
-0.0162842
-0.0143092
-0.00601861
0.0522953
-0.0307457
-0.00747791
-0.00804522
-0.00894983
-0.00981002
-0.0104872
-0.0108268
-0.0107143
-0.0102521
-0.00941976
-0.00859658
-0.00753703
-0.00702832
-0.00640646
-0.0070116
-0.00665343
-0.00498011
0.0119335
0.0582023
0.166168
2.24572e-05
-6.39472e-10
4.27327e-05
0.000121587
0.000240679
0.000398627
0.000593124
0.000821132
0.00107854
0.00136002
0.0016589
0.00196741
0.0022759
0.00257382
0.00284976
0.00309194
0.00328873
0.00342958
0.00351353
0.0035014
4.40813e-05
2.01834e-05
6.27259e-05
0.000139164
0.000254835
0.000408733
0.000598845
0.000822414
0.00107558
0.00135324
0.0016488
0.0019549
0.00226181
0.00255901
0.002835
0.00307784
0.00327561
0.00341759
0.00350373
0.00349043
-1.26512e-06
-2.86962e-05
1.34667e-05
8.96138e-05
0.000205696
0.000360877
0.000553386
0.000780731
0.00103931
0.00132424
0.00162926
0.00194623
0.00226582
0.00257706
0.00286772
0.00312489
0.00333543
0.00348717
0.00357971
0.00356407
-8.77989e-05
-0.000118554
-7.65127e-05
-2.93667e-08
0.000117621
0.000275928
0.000473496
0.00070823
0.000976895
0.0012749
0.00159613
0.0019323
0.0022741
0.00260973
0.00292583
0.00320791
0.00344078
0.0036099
0.00371393
0.00369745
-0.000221507
-0.000256279
-0.000214141
-0.000136635
-1.60659e-05
0.000147503
0.000353183
0.000599405
0.000883425
0.00120105
0.00154633
0.00191138
0.00228618
0.00265822
0.0030126
0.00333252
0.00359973
0.0037959
0.00391795
0.0039015
-0.000404575
-0.000444473
-0.000402221
-0.000323377
-0.000198996
-2.85444e-05
0.000187765
0.000449073
0.000753306
0.00109684
0.00147415
0.00187778
0.00229726
0.00271916
0.00312676
0.0035002
0.0038169
0.00405285
0.00420184
0.00418668
-0.00063981
-0.00068626
-0.000644201
-0.000564231
-0.000435792
-0.000257564
-2.88622e-05
0.000250395
0.000579052
0.000954351
0.00137152
0.00182348
0.00230002
0.00278687
0.00326533
0.00371181
0.00409783
0.00439109
0.00457981
0.00456846
-0.000930931
-0.000985761
-0.000944631
-0.000864421
-0.000732496
-0.000546516
-0.00030463
-5.53656e-06
0.000350825
0.000762897
0.00122706
0.0017371
0.00228369
0.00285228
0.00342249
0.00396665
0.00444864
0.00482427
0.00507183
0.0050698
-0.00128238
-0.00134791
-0.00130899
-0.00123028
-0.00109649
-0.00090395
-0.000649325
-0.000329788
5.62538e-05
0.000508825
0.00102595
0.00160304
0.00223264
0.00290103
0.00358727
0.00426004
0.00487427
0.00536925
0.00570512
0.00572479
-0.00169925
-0.00177845
-0.0017437
-0.00166931
-0.00153656
-0.0013401
-0.00107471
-0.000735722
-0.000319734
0.000175209
0.000749318
0.00140046
0.00212468
0.00291092
0.00374015
0.00457946
0.00537498
0.00604501
0.00651601
0.00658603
-0.00218736
-0.00228397
-0.00225613
-0.00219022
-0.00206304
-0.001867
-0.00159458
-0.001239
-0.000794886
-0.000258172
0.000373901
0.00110248
0.0019293
0.00284858
0.00384779
0.00489759
0.00593869
0.00686865
0.00755071
0.00773867
-0.0027534
-0.00287207
-0.00285478
-0.00280311
-0.00268794
-0.00249866
-0.00222486
-0.00185748
-0.00138928
-0.000814329
-0.000127392
0.00067567
0.0016063
0.00266556
0.00385556
0.00516071
0.00652684
0.00784277
0.00886269
0.00932701
-0.00340544
-0.00355115
-0.00354915
-0.00351962
-0.00342532
-0.00325131
-0.00298363
-0.00261088
-0.00212456
-0.0015178
-0.000783116
9.0202e-05
0.00110721
0.00229574
0.00367862
0.0052706
0.00704625
0.00892182
0.0104947
0.0115934
-0.00415783
-0.00433392
-0.004351
-0.0043536
-0.00429194
-0.00414411
-0.00389146
-0.00352045
-0.00302274
-0.00239285
-0.00162472
-0.000707168
0.000378745
0.00165432
0.00319018
0.00505157
0.00728719
0.00993055
0.012381
0.0150229
-0.00500062
-0.00522899
-0.00527377
-0.00532568
-0.00531149
-0.00520126
-0.00497198
-0.00460843
-0.00410409
-0.00345852
-0.00267323
-0.00174681
-0.000667767
0.000604199
0.00218321
0.00417306
0.00678723
0.010425
0.0141548
0.0198832
-0.00610541
-0.00620258
-0.00627618
-0.00638026
-0.00645233
-0.00642069
-0.00624206
-0.00589628
-0.00538466
-0.00471954
-0.00391669
-0.00298318
-0.00191605
-0.000674151
0.00082057
0.00265139
0.00507837
0.00928034
0.0137498
0.0246903
-0.00699255
-0.0077147
-0.00774684
-0.00803401
-0.00814846
-0.00810548
-0.00788419
-0.0074837
-0.00691828
-0.0062103
-0.00539914
-0.0045216
-0.00363365
-0.00276916
-0.00201065
-0.00120621
-0.000620854
0.00339931
0.00719192
0.0270134
-0.0101673
-0.00805709
-0.00829132
-0.00850649
-0.00891222
-0.00916209
-0.00917908
-0.0089183
-0.00840259
-0.00767332
-0.00682068
-0.00589974
-0.00506467
-0.00441331
-0.0043336
-0.00474543
-0.00709799
-0.00465277
-0.00111855
0.0313774
-0.00798239
-0.0115605
-0.0115853
-0.0126675
-0.0129658
-0.0129057
-0.0124754
-0.0117553
-0.0108358
-0.00975702
-0.00867019
-0.00762175
-0.00685825
-0.00659332
-0.00750329
-0.00938614
-0.0158067
-0.0137446
-0.00564174
0.0520524
-0.0310067
-0.0077457
-0.00828623
-0.00914552
-0.00994789
-0.0105667
-0.0108548
-0.0107029
-0.0102122
-0.00936137
-0.00852323
-0.00745022
-0.00691803
-0.00626154
-0.0068079
-0.00638399
-0.00463786
0.0122205
0.0582347
0.165422
1.86655e-05
-3.26524e-06
3.97805e-05
0.000118973
0.000238315
0.000396416
0.000590968
0.000818929
0.00107618
0.0013574
0.00165591
0.00196399
0.00227198
0.00256939
0.00284484
0.00308664
0.00328322
0.0034241
0.0035082
0.00349668
3.95435e-05
1.62233e-05
5.90976e-05
0.000135922
0.000251902
0.000406022
0.000596265
0.000819866
0.00107296
0.00135043
0.00164565
0.00195146
0.00225795
0.00255469
0.00283024
0.00307273
0.00327031
0.00341234
0.00349863
0.00348593
-6.60029e-06
-3.34064e-05
9.12103e-06
8.57043e-05
0.000202152
0.000357617
0.00055032
0.00077776
0.00103632
0.0013211
0.00162582
0.0019425
0.00226167
0.00257243
0.00286262
0.00311939
0.00332969
0.00348145
0.00357412
0.00355912
-9.42552e-05
-0.000124331
-8.18764e-05
-4.88471e-06
0.000113212
0.00027189
0.00046974
0.000704651
0.000973376
0.00127133
0.00159243
0.00192816
0.00226946
0.00260455
0.00292007
0.00320164
0.00343418
0.00360323
0.00370734
0.00369155
-0.000229344
-0.000263367
-0.000220753
-0.000142646
-2.15293e-05
0.000142516
0.000348579
0.000595069
0.00087922
0.00119682
0.00154191
0.00190655
0.00228079
0.00265214
0.00300577
0.00332497
0.00359165
0.0037876
0.00390962
0.00389391
-0.000414145
-0.000453203
-0.000410389
-0.00033082
-0.000205755
-3.46868e-05
0.00018214
0.000443832
0.000748282
0.00109184
0.00146895
0.0018721
0.00229088
0.00271187
0.00311842
0.0034908
0.00380661
0.00404204
0.0041908
0.0041764
-0.000651594
-0.00069709
-0.000654345
-0.000573474
-0.000444155
-0.000265109
-3.56986e-05
0.000244107
0.000573106
0.000948491
0.00136545
0.00181685
0.00229248
0.00277809
0.00325506
0.00369993
0.00408447
0.00437668
0.00456477
0.00455412
-0.000945595
-0.000999321
-0.000957322
-0.000875951
-0.000742855
-0.000555756
-0.000312873
-1.29797e-05
0.000343916
0.00075619
0.00122016
0.00172954
0.00227496
0.00284187
0.00340994
0.00395166
0.0044312
0.00480487
0.00505105
0.00504949
-0.00130084
-0.00136507
-0.001325
-0.00124474
-0.00110933
-0.000915217
-0.000659158
-0.000338436
4.84512e-05
0.000501439
0.00101846
0.00159482
0.00222296
0.00288911
0.00357233
0.00424142
0.00485167
0.00534309
0.00567624
0.00569574
-0.00172279
-0.00180041
-0.00176408
-0.00168754
-0.00155251
-0.00135376
-0.00108627
-0.000745507
-0.000328178
0.000167558
0.000741797
0.00139226
0.00211473
0.0028981
0.00372319
0.00455712
0.00534633
0.00601004
0.00647588
0.00654404
-0.00221779
-0.00231242
-0.00228235
-0.00221335
-0.00208284
-0.00188346
-0.00160793
-0.00124967
-0.000803446
-0.000265325
0.000367339
0.00109554
0.00192046
0.00283632
0.0038302
0.00487245
0.00590387
0.00682292
0.00749532
0.00767736
-0.00279331
-0.00290942
-0.00288886
-0.00283266
-0.00271256
-0.00251832
-0.00223989
-0.00186848
-0.00139703
-0.000819729
-0.000131401
0.000672368
0.00160101
0.00265677
0.00384054
0.00513576
0.00648776
0.00778564
0.00878759
0.0092366
-0.00345856
-0.00360084
-0.00359395
-0.00355764
-0.00345595
-0.00327454
-0.00299998
-0.00262124
-0.00213003
-0.00151955
-0.000782471
9.17433e-05
0.00110905
0.00229537
0.00367255
0.0052527
0.00700908
0.00885632
0.0103969
0.0114597
-0.00422972
-0.00440092
-0.00441059
-0.0044029
-0.0043301
-0.00417121
-0.00390838
-0.00352859
-0.00302371
-0.00238828
-0.00161599
-0.000695305
0.000392864
0.00166925
0.00320229
0.00505362
0.00726653
0.00986909
0.0122633
0.0148257
-0.00509858
-0.00531996
-0.00535367
-0.00538988
-0.00535893
-0.0052323
-0.00498817
-0.00461202
-0.00409755
-0.00344397
-0.00265195
-0.00171893
-0.000631943
0.000647974
0.00223202
0.00422075
0.00681716
0.0104019
0.0140367
0.0196098
-0.00624165
-0.0063301
-0.00638725
-0.00646794
-0.00651434
-0.00645758
-0.00625666
-0.00589246
-0.00536676
-0.00469094
-0.00387899
-0.00293546
-0.00185292
-0.000588105
0.000917056
0.00276665
0.00519789
0.00936197
0.01371
0.0243899
-0.00717465
-0.00787586
-0.00788769
-0.00813763
-0.00821688
-0.00814019
-0.00788951
-0.00746556
-0.00688263
-0.00616188
-0.00534016
-0.00445169
-0.00355016
-0.00266547
-0.00185434
-0.000983724
-0.000311284
0.00376085
0.00741941
0.0268454
-0.010418
-0.00829275
-0.00849762
-0.00866643
-0.00901956
-0.00921904
-0.00919053
-0.00889461
-0.00835373
-0.00760781
-0.00674259
-0.00580902
-0.0049519
-0.00425906
-0.0041015
-0.00438787
-0.00652334
-0.00393317
-0.000604994
0.0313751
-0.00828645
-0.0118304
-0.0118424
-0.0128529
-0.0130842
-0.0129537
-0.0124646
-0.0117026
-0.0107564
-0.00966266
-0.00856567
-0.00750734
-0.0067222
-0.00641124
-0.00722955
-0.00893514
-0.0150889
-0.0128316
-0.00520114
0.0514958
-0.0314104
-0.00814957
-0.00863787
-0.00941426
-0.0101191
-0.0106482
-0.0108662
-0.010666
-0.0101433
-0.00927524
-0.00842404
-0.00734102
-0.0067821
-0.00608018
-0.00654501
-0.00601262
-0.004201
0.0125332
0.0577814
0.163697
1.49101e-05
-5.54805e-06
3.79887e-05
0.000117629
0.0002372
0.000395356
0.000589818
0.000817553
0.00107443
0.00135514
0.00165306
0.00196046
0.0022677
0.00256433
0.00283907
0.0030803
0.0032766
0.0034176
0.00350208
0.00349221
3.41267e-05
1.22309e-05
5.56098e-05
0.000132987
0.000249346
0.000403707
0.000594072
0.000817677
0.00107065
0.00134786
0.00164263
0.00194806
0.00225402
0.00255019
0.0028252
0.00306726
0.00326466
0.00340691
0.00349359
0.00348275
-1.31315e-05
-3.84051e-05
4.66753e-06
8.18707e-05
0.000198777
0.00035457
0.000547485
0.000775016
0.00103353
0.00131809
0.00162217
0.00193877
0.00225748
0.00256768
0.0028573
0.00311362
0.00332373
0.0034757
0.00356878
0.0035558
-0.000102204
-0.000130637
-8.75806e-05
-9.87903e-06
0.000108772
0.000267882
0.00046605
0.000701156
0.000969943
0.00126785
0.00158905
0.00192403
0.00226477
0.00259923
0.00291412
0.00319515
0.00342741
0.00359665
0.00370117
0.00368763
-0.000238895
-0.000271141
-0.000227858
-0.000148939
-2.71613e-05
0.000137424
0.000343908
0.000590685
0.000874968
0.00119253
0.00153743
0.00190159
0.00227521
0.00264581
0.00299862
0.00331709
0.00358331
0.00377935
0.00390174
0.00388857
-0.000425637
-0.000462752
-0.000419181
-0.000338671
-0.000212811
-4.10705e-05
0.000176301
0.000438384
0.000743041
0.00108659
0.00146347
0.00186608
0.00228407
0.00270407
0.0031095
0.00348079
0.00379579
0.00403108
0.00418008
0.00416859
-0.000665549
-0.000708889
-0.000665266
-0.000583273
-0.000452972
-0.000273066
-4.29391e-05
0.0002374
0.000566704
0.000942121
0.00135879
0.00180953
0.00228413
0.00276838
0.00324374
0.00368693
0.00407005
0.00436163
0.00454964
0.0045421
-0.000962751
-0.00101405
-0.000970993
-0.000888235
-0.000753876
-0.000565634
-0.000321774
-2.11309e-05
0.000336224
0.000748598
0.00121224
0.00172079
0.00226486
0.00282987
0.00339559
0.00393467
0.00441175
0.00478384
0.00502927
0.00503096
-0.00132223
-0.00138368
-0.00134229
-0.00126023
-0.00112312
-0.000927425
-0.000669983
-0.000348168
3.943e-05
0.000492657
0.00100935
0.0015847
0.00221107
0.0028746
0.00355439
0.0042194
0.00482543
0.00531352
0.00564456
0.00566692
-0.00174989
-0.00182427
-0.00178618
-0.00170721
-0.00156978
-0.00136877
-0.00109925
-0.000756854
-0.000338402
0.00015784
0.000731851
0.00138119
0.00210139
0.00288123
0.00370144
0.00452916
0.00531132
0.00596849
0.00642951
0.00649869
-0.00225274
-0.00234349
-0.00231095
-0.0022385
-0.0021045
-0.00190175
-0.0016232
-0.00126247
-0.000814465
-0.000275374
0.000357358
0.00108456
0.00190663
0.00281798
0.00380521
0.00483835
0.00585844
0.00676522
0.00742757
0.00760504
-0.00283927
-0.00295057
-0.00292637
-0.00286507
-0.00273971
-0.00254036
-0.00225737
-0.0018822
-0.00140798
-0.000828992
-0.000140109
0.000662998
0.00158858
0.00263918
0.00381461
0.00509731
0.00643193
0.00770795
0.00868945
0.00911974
-0.00352035
-0.0036564
-0.0036439
-0.00359977
-0.00348994
-0.00330069
-0.00301915
-0.00263471
-0.00213925
-0.00152603
-0.000787926
8.52803e-05
0.00110127
0.00228331
0.00365128
0.00521615
0.00694788
0.00875869
0.0102591
0.0112675
-0.00431514
-0.00447753
-0.00447828
-0.00445818
-0.00437254
-0.00420143
-0.00392793
-0.00353955
-0.00302821
-0.00238824
-0.00161329
-0.000691406
0.000397024
0.00167271
0.00319815
0.00503434
0.0072174
0.00976551
0.0120839
0.0145048
-0.00521929
-0.00542715
-0.00544659
-0.00546255
-0.00541119
-0.00526559
-0.00500528
-0.00461643
-0.00409226
-0.00343172
-0.0026345
-0.00169656
-0.000601983
0.000692179
0.00227092
0.00425584
0.00683044
0.0103419
0.0138489
0.019119
-0.00641812
-0.00648923
-0.00652258
-0.006571
-0.00658349
-0.00649515
-0.00626772
-0.00588369
-0.00534411
-0.00465898
-0.00384
-0.00288803
-0.00178366
-0.000420421
0.00102811
0.00290454
0.00535803
0.00948452
0.0136946
0.0238473
-0.00743424
-0.00808373
-0.00806221
-0.00825267
-0.00828143
-0.00816001
-0.00787557
-0.00742766
-0.00682887
-0.00609821
-0.005269
-0.00437286
-0.00346546
-0.00263017
-0.00167348
-0.000680802
0.000168945
0.00440055
0.00803079
0.0266046
-0.0107981
-0.00862976
-0.00877946
-0.00886828
-0.00913835
-0.00926266
-0.00917518
-0.00883807
-0.00827172
-0.00751281
-0.00663987
-0.0056989
-0.00482129
-0.0040837
-0.00379404
-0.00386088
-0.0055467
-0.00259387
0.000637248
0.031366
-0.00890662
-0.012266
-0.0122098
-0.0130561
-0.0131652
-0.0129288
-0.0123657
-0.0115602
-0.0105934
-0.00949785
-0.00840399
-0.00734894
-0.00654783
-0.00618289
-0.00686335
-0.00828337
-0.0139228
-0.0112221
-0.00437576
0.0501254
-0.0321858
-0.00886188
-0.0092208
-0.00981483
-0.0103393
-0.0107241
-0.0108376
-0.0105747
-0.010017
-0.00914018
-0.0082814
-0.0072008
-0.00661157
-0.00585884
-0.00620631
-0.00551795
-0.0036175
0.0128608
0.0565163
0.158944
1.15232e-05
-6.74333e-06
3.72827e-05
0.000117399
0.000237144
0.000395259
0.000589507
0.000816881
0.00107332
0.00135349
0.00165071
0.00195712
0.00226336
0.002559
0.00283282
0.00307332
0.00326921
0.00341037
0.00349531
0.00348831
2.7919e-05
8.54424e-06
5.2424e-05
0.000130425
0.000247184
0.000401798
0.000592297
0.000815926
0.00106882
0.00134588
0.00164061
0.00194525
0.00225058
0.00254612
0.00282053
0.00306211
0.00325932
0.00340185
0.00348898
0.00348079
-2.06286e-05
-4.31484e-05
4.81236e-07
7.84096e-05
0.000195803
0.000351941
0.000545086
0.000772731
0.00103124
0.00131568
0.00161969
0.00193566
0.00225382
0.0025634
0.00285241
0.00310823
0.00331812
0.0034704
0.00356396
0.00355396
-0.00011127
-0.000136723
-9.30624e-05
-1.45421e-05
0.0001047
0.000264265
0.000462775
0.000698102
0.000966962
0.00126471
0.00158516
0.00192029
0.0022606
0.00259445
0.00290868
0.00318915
0.00342114
0.00359068
0.00369572
0.00368545
-0.00024964
-0.000278637
-0.000234696
-0.000154864
-3.24026e-05
0.000132729
0.000339645
0.000586723
0.000871151
0.00118866
0.00153327
0.00189709
0.00227015
0.00264
0.00299201
0.00330974
0.00357553
0.00377182
0.00389475
0.00388519
-0.000438386
-0.000471914
-0.000427625
-0.000346085
-0.000219435
-4.7043e-05
0.000170855
0.000433316
0.000738175
0.00108172
0.00145836
0.00186045
0.0022777
0.00269673
0.00310106
0.00347129
0.00378557
0.00402094
0.00417045
0.00416301
-0.000680829
-0.000720164
-0.000675739
-0.000592561
-0.000461317
-0.000280613
-4.98278e-05
0.000230996
0.000560568
0.000935993
0.00135237
0.00180244
0.00227605
0.00275897
0.00323276
0.00367433
0.00405617
0.00434747
0.00453587
0.00453344
-0.000981316
-0.00102809
-0.000984107
-0.000899933
-0.000764398
-0.000575129
-0.000330403
-2.91098e-05
0.00032862
0.000741032
0.0012043
0.00171199
0.00225472
0.00281787
0.00338128
0.00391782
0.00439261
0.00476364
0.00500901
0.00501679
-0.00134514
-0.00140141
-0.00135889
-0.00127507
-0.00113641
-0.000939314
-0.000680668
-0.000357927
3.02391e-05
0.000483588
0.000999859
0.00157411
0.00219867
0.00285958
0.00353594
0.00419692
0.00479895
0.00528437
0.00561431
0.00564381
-0.00177866
-0.001847
-0.00180747
-0.00172616
-0.00158658
-0.00138356
-0.00111229
-0.000768503
-0.000349146
0.000147412
0.000721021
0.00136903
0.00208683
0.00286302
0.00367822
0.00449965
0.00527492
0.00592633
0.00638397
0.00646011
-0.00228958
-0.00237317
-0.00233863
-0.00226291
-0.00212574
-0.00191999
-0.00163878
-0.00127592
-0.000826443
-0.000286661
0.000345893
0.00107199
0.00189063
0.00279703
0.00377721
0.00480085
0.00580945
0.00670467
0.00735899
0.00753899
-0.00288755
-0.00299012
-0.00296293
-0.00289677
-0.00276656
-0.00256257
-0.00227546
-0.00189696
-0.00142037
-0.000840109
-0.000151133
0.000651526
0.00157252
0.00261705
0.00378326
0.00505244
0.00636882
0.00762314
0.00858741
0.00900477
-0.00358538
-0.00371041
-0.00369311
-0.00364137
-0.00352383
-0.00332722
-0.00303923
-0.00264958
-0.00215034
-0.00153489
-0.000796064
7.54232e-05
0.00108825
0.00226347
0.00362086
0.00516844
0.00687352
0.00864686
0.0101122
0.0110672
-0.00440563
-0.00455329
-0.00454606
-0.00451348
-0.00441519
-0.00423222
-0.0039485
-0.00355199
-0.00303485
-0.00239125
-0.00161432
-0.000692837
0.000392797
0.00166143
0.00317841
0.00499775
0.00714774
0.00963786
0.0118872
0.014152
-0.00535006
-0.00553553
-0.00554152
-0.00553605
-0.0054638
-0.00529918
-0.00502288
-0.00462151
-0.00408902
-0.00342307
-0.00262265
-0.00168323
-0.000591158
0.000690656
0.00227729
0.00426277
0.00681305
0.0102431
0.0136401
0.0185836
-0.00661451
-0.00666062
-0.00666819
-0.00668087
-0.00665591
-0.00653341
-0.00627828
-0.00587446
-0.00532217
-0.00463008
-0.00380757
-0.00285424
-0.00175546
-0.000464217
0.0010795
0.0030001
0.00549601
0.00958997
0.0137646
0.0233694
-0.00774296
-0.00831666
-0.00825788
-0.00837691
-0.00834869
-0.00817502
-0.00785167
-0.00737876
-0.00676582
-0.00602889
-0.00519656
-0.00429516
-0.00336492
-0.00242033
-0.00148713
-0.000380066
0.000721575
0.00517922
0.00895384
0.0267302
-0.0112356
-0.00900419
-0.00910154
-0.00909422
-0.00925996
-0.00929657
-0.0091414
-0.0087597
-0.00816843
-0.00740061
-0.00652542
-0.00558424
-0.00468857
-0.00389442
-0.00347544
-0.00328354
-0.0043055
-0.000842495
0.00220177
0.0318795
-0.00989633
-0.0129705
-0.0127322
-0.0133531
-0.0132592
-0.0128571
-0.0121871
-0.0113336
-0.0103523
-0.00926963
-0.008195
-0.00715944
-0.00635495
-0.00594016
-0.00645426
-0.00756065
-0.0125522
-0.00918268
-0.00446408
0.0487916
-0.0330729
-0.00966642
-0.00988736
-0.0102347
-0.010532
-0.0107551
-0.0107757
-0.0104494
-0.00986089
-0.00898958
-0.00813026
-0.00706701
-0.00643473
-0.00562839
-0.00579673
-0.00492227
-0.00316351
0.0125913
0.0518333
0.150915
8.98538e-06
-1.41425e-06
4.33779e-05
0.000123918
0.000243332
0.000400704
0.000593941
0.000820071
0.00107502
0.00135347
0.00164888
0.00195329
0.00225744
0.00255097
0.00282277
0.00306151
0.00325623
0.00339741
0.00348324
0.00348567
1.67917e-05
5.38158e-06
4.99537e-05
0.000128876
0.000246072
0.000400908
0.00059152
0.000815149
0.00106792
0.00134473
0.00163906
0.00194307
0.00224768
0.0025424
0.00281597
0.00305683
0.0032537
0.00339681
0.00348487
0.00348674
-3.39463e-05
-4.7748e-05
-3.37659e-06
7.55965e-05
0.000193561
0.00035007
0.00054348
0.000771277
0.0010298
0.00131411
0.00161786
0.00193332
0.00225084
0.00255965
0.00284784
0.00310291
0.00331246
0.00346542
0.00356
0.00356122
-0.000126835
-0.000142946
-9.85076e-05
-1.8824e-05
0.000101109
0.000261176
0.000460092
0.000695713
0.000964724
0.00126244
0.00158262
0.00191743
0.0022572
0.00259033
0.00290374
0.00318344
0.00341509
0.00358542
0.00369163
0.00369385
-0.000267303
-0.000286226
-0.000241493
-0.000160412
-3.71917e-05
0.000128507
0.00033589
0.000583318
0.000867944
0.00118547
0.00152988
0.00189328
0.00226573
0.00263476
0.00298582
0.00330264
0.003568
0.00376515
0.00388945
0.00389415
-0.000458454
-0.000480987
-0.000435905
-0.000353037
-0.000225572
-5.25704e-05
0.000165827
0.000428659
0.00073372
0.00107726
0.00145367
0.00185519
0.00227166
0.00268965
0.00309277
0.00346179
0.0037754
0.00401168
0.0041628
0.00417202
-0.000703915
-0.000731112
-0.000685904
-0.000601298
-0.000469167
-0.000287796
-5.64712e-05
0.000224737
0.000554495
0.00092986
0.00134588
0.00179517
0.00226775
0.00274927
0.00322138
0.0036612
0.00404188
0.00433397
0.00452421
0.00454143
-0.00100828
-0.0010415
-0.000996755
-0.000911011
-0.000774469
-0.000584434
-0.000339097
-3.7387e-05
0.00032051
0.000732775
0.0011955
0.00170211
0.0022434
0.00280456
0.00336548
0.00389931
0.00437198
0.00474333
0.00499073
0.0050222
-0.00137715
-0.00141814
-0.00137486
-0.00128924
-0.00114937
-0.000951322
-0.000691923
-0.000368685
1.96513e-05
0.00047276
0.000988256
0.00156094
0.00218348
0.00284144
0.00351398
0.00417054
0.00476862
0.00525303
0.00558486
0.00564249
-0.00181732
-0.00186826
-0.00182792
-0.00174446
-0.00160328
-0.00139896
-0.00112666
-0.000782207
-0.000362615
0.000133637
0.000706231
0.00135195
0.00206691
0.00283865
0.00364785
0.0044619
0.00522971
0.00587694
0.0063356
0.0064445
-0.00233723
-0.00240073
-0.00236524
-0.00228671
-0.00214727
-0.00193959
-0.00165684
-0.00129294
-0.000843054
-0.000303574
0.000327948
0.00105291
0.00186544
0.00276495
0.00373574
0.00474702
0.0057416
0.00662552
0.00727808
0.00749171
-0.00294782
-0.00302673
-0.00299817
-0.002928
-0.00279426
-0.00258719
-0.00229761
-0.00191742
-0.00144006
-0.000860136
-0.000172758
0.000626642
0.00154091
0.00257584
0.00372795
0.00497696
0.0062678
0.00749534
0.00845039
0.00888206
-0.00366443
-0.00376071
-0.00374089
-0.00368274
-0.00355929
-0.0033575
-0.00306538
-0.00267287
-0.00217223
-0.00155711
-0.000821065
4.36122e-05
0.00104825
0.00221227
0.00355023
0.00506701
0.00672857
0.00844593
0.00987939
0.0107689
-0.00451399
-0.00462471
-0.00461258
-0.00456886
-0.00446002
-0.00426797
-0.00397719
-0.00357587
-0.00305613
-0.00241233
-0.00163821
-0.000723342
0.000351604
0.00160784
0.00309884
0.0048771
0.00696249
0.00935108
0.0115107
0.0134369
-0.0055151
-0.00564104
-0.00563589
-0.00560829
-0.00551684
-0.00533678
-0.00504889
-0.00463966
-0.00410242
-0.00343521
-0.00263663
-0.00170246
-0.000621868
0.000624025
0.00219242
0.00415339
0.00663257
0.00990911
0.0131589
0.0171998
-0.006872
-0.00685943
-0.00683001
-0.00679908
-0.00672982
-0.00657185
-0.00629105
-0.00587076
-0.00531056
-0.00461677
-0.00379727
-0.00285153
-0.00176181
-0.000461614
0.00107276
0.00303183
0.00560241
0.00964945
0.0139942
0.0218743
-0.00823285
-0.00853137
-0.00844054
-0.0084494
-0.00835124
-0.00813557
-0.00778659
-0.00730102
-0.00668505
-0.00595195
-0.00512571
-0.00422964
-0.00329342
-0.00232371
-0.00131609
1.36605e-05
0.00167302
0.00672279
0.011913
0.0268432
-0.0120781
-0.00964101
-0.00955682
-0.00936224
-0.00934883
-0.0092588
-0.00902336
-0.00859961
-0.00799349
-0.00723262
-0.00637246
-0.00545393
-0.00455894
-0.00371492
-0.00305659
-0.00230654
-0.00173714
0.00329887
0.00887147
0.0337704
-0.0127476
-0.0139698
-0.0131812
-0.0131938
-0.0128031
-0.012231
-0.0115291
-0.0107022
-0.00978452
-0.00879107
-0.00779676
-0.00683654
-0.00607634
-0.00562053
-0.00585794
-0.00628443
-0.00915514
-0.00340115
-0.000165469
0.0482623
-0.0359383
-0.0116926
-0.0113061
-0.0108944
-0.0107255
-0.0107124
-0.0105675
-0.0101694
-0.00955071
-0.00872057
-0.00786187
-0.0068855
-0.00618333
-0.00538849
-0.00516918
-0.00378508
-0.00144497
0.0136206
0.0429104
0.129205
)
;

boundaryField
{
    movingWall
    {
        type            zeroGradient;
    }
    fixedWalls
    {
        type            zeroGradient;
    }
}


// ************************************************************************* //
