/*--------------------------------*- C++ -*----------------------------------*\
  =========                 |
  \\      /  F ield         | OpenFOAM: The Open Source CFD Toolbox
   \\    /   O peration     | Website:  https://openfoam.org
    \\  /    A nd           | Version:  10
     \\/     M anipulation  |
\*---------------------------------------------------------------------------*/
FoamFile
{
    format      ascii;
    class       vectorField;
    location    "constant/polyMesh";
    object      points;
}
// * * * * * * * * * * * * * * * * * * * * * * * * * * * * * * * * * * * * * //


4224
(
(0 0 0)
(0.05 0 0)
(0.1 0 0)
(0.15 0 0)
(0.2 0 0)
(0.25 0 0)
(0.3 0 0)
(0.35 0 0)
(0.4 0 0)
(0 0.05 0)
(0.05 0.05 0)
(0.1 0.05 0)
(0.15 0.05 0)
(0.2 0.05 0)
(0.25 0.05 0)
(0.3 0.05 0)
(0.35 0.05 0)
(0.4 0.05 0)
(0 0.1 0)
(0.05 0.1 0)
(0.1 0.1 0)
(0.15 0.1 0)
(0.2 0.1 0)
(0.25 0.1 0)
(0.3 0.1 0)
(0.35 0.1 0)
(0.4 0.1 0)
(0 0.15 0)
(0.05 0.15 0)
(0.1 0.15 0)
(0.15 0.15 0)
(0.2 0.15 0)
(0.25 0.15 0)
(0.3 0.15 0)
(0.35 0.15 0)
(0.4 0.15 0)
(0 0.2 0)
(0.05 0.2 0)
(0.1 0.2 0)
(0.15 0.2 0)
(0.2 0.2 0)
(0.25 0.2 0)
(0.3 0.2 0)
(0.35 0.2 0)
(0.4 0.2 0)
(0 0.25 0)
(0.05 0.25 0)
(0.1 0.25 0)
(0.15 0.25 0)
(0.2 0.25 0)
(0.25 0.25 0)
(0.3 0.25 0)
(0.35 0.25 0)
(0.4 0.25 0)
(0 0.3 0)
(0.05 0.3 0)
(0.1 0.3 0)
(0.15 0.3 0)
(0.2 0.3 0)
(0.25 0.3 0)
(0.3 0.3 0)
(0.35 0.3 0)
(0.4 0.3 0)
(0 0.35 0)
(0.05 0.35 0)
(0.1 0.35 0)
(0.15 0.35 0)
(0.2 0.35 0)
(0.25 0.35 0)
(0.3 0.35 0)
(0.35 0.35 0)
(0.4 0.35 0)
(0 0.4 0)
(0.05 0.4 0)
(0.1 0.4 0)
(0.15 0.4 0)
(0.2 0.4 0)
(0.25 0.4 0)
(0.3 0.4 0)
(0.35 0.4 0)
(0.4 0.4 0)
(0 0 0.1)
(0.05 0 0.1)
(0.1 0 0.1)
(0.15 0 0.1)
(0.2 0 0.1)
(0.25 0 0.1)
(0.3 0 0.1)
(0.35 0 0.1)
(0.4 0 0.1)
(0 0.05 0.1)
(0.05 0.05 0.1)
(0.1 0.05 0.1)
(0.15 0.05 0.1)
(0.2 0.05 0.1)
(0.25 0.05 0.1)
(0.3 0.05 0.1)
(0.35 0.05 0.1)
(0.4 0.05 0.1)
(0 0.1 0.1)
(0.05 0.1 0.1)
(0.1 0.1 0.1)
(0.15 0.1 0.1)
(0.2 0.1 0.1)
(0.25 0.1 0.1)
(0.3 0.1 0.1)
(0.35 0.1 0.1)
(0.4 0.1 0.1)
(0 0.15 0.1)
(0.05 0.15 0.1)
(0.1 0.15 0.1)
(0.15 0.15 0.1)
(0.2 0.15 0.1)
(0.25 0.15 0.1)
(0.3 0.15 0.1)
(0.35 0.15 0.1)
(0.4 0.15 0.1)
(0 0.2 0.1)
(0.05 0.2 0.1)
(0.1 0.2 0.1)
(0.15 0.2 0.1)
(0.2 0.2 0.1)
(0.25 0.2 0.1)
(0.3 0.2 0.1)
(0.35 0.2 0.1)
(0.4 0.2 0.1)
(0 0.25 0.1)
(0.05 0.25 0.1)
(0.1 0.25 0.1)
(0.15 0.25 0.1)
(0.2 0.25 0.1)
(0.25 0.25 0.1)
(0.3 0.25 0.1)
(0.35 0.25 0.1)
(0.4 0.25 0.1)
(0 0.3 0.1)
(0.05 0.3 0.1)
(0.1 0.3 0.1)
(0.15 0.3 0.1)
(0.2 0.3 0.1)
(0.25 0.3 0.1)
(0.3 0.3 0.1)
(0.35 0.3 0.1)
(0.4 0.3 0.1)
(0 0.35 0.1)
(0.05 0.35 0.1)
(0.1 0.35 0.1)
(0.15 0.35 0.1)
(0.2 0.35 0.1)
(0.25 0.35 0.1)
(0.3 0.35 0.1)
(0.35 0.35 0.1)
(0.4 0.35 0.1)
(0 0.4 0.1)
(0.05 0.4 0.1)
(0.1 0.4 0.1)
(0.15 0.4 0.1)
(0.2 0.4 0.1)
(0.25 0.4 0.1)
(0.3 0.4 0.1)
(0.35 0.4 0.1)
(0.4 0.4 0.1)
(0.45 0 0)
(0.5 0 0)
(0.55 0 0)
(0.6 0 0)
(0.4494850488 0.04616796296 0)
(0.5 0.0448223305 0)
(0.5505149512 0.04616796296 0)
(0.6 0.05 0)
(0.4489700975 0.09233592592 0)
(0.5 0.089644661 0)
(0.5510299025 0.09233592592 0)
(0.6 0.1 0)
(0.4484551463 0.1385038889 0)
(0.5 0.1344669915 0)
(0.5515448537 0.1385038889 0)
(0.6 0.15 0)
(0.447940195 0.1846718518 0)
(0.5 0.179289322 0)
(0.552059805 0.1846718518 0)
(0.6 0.2 0)
(0.4474252438 0.2308398148 0)
(0.5 0.2241116525 0)
(0.5525747562 0.2308398148 0)
(0.6 0.25 0)
(0.4469102925 0.2770077778 0)
(0.5 0.268933983 0)
(0.5530897075 0.2770077778 0)
(0.6 0.3 0)
(0.4463953413 0.3231757407 0)
(0.5 0.3137563135 0)
(0.5536046587 0.3231757407 0)
(0.6 0.35 0)
(0.44588039 0.3693437037 0)
(0.5 0.358578644 0)
(0.55411961 0.3693437037 0)
(0.6 0.4 0)
(0.45 0 0.1)
(0.5 0 0.1)
(0.55 0 0.1)
(0.6 0 0.1)
(0.4494850488 0.04616796296 0.1)
(0.5 0.0448223305 0.1)
(0.5505149512 0.04616796296 0.1)
(0.6 0.05 0.1)
(0.4489700975 0.09233592592 0.1)
(0.5 0.089644661 0.1)
(0.5510299025 0.09233592592 0.1)
(0.6 0.1 0.1)
(0.4484551463 0.1385038889 0.1)
(0.5 0.1344669915 0.1)
(0.5515448537 0.1385038889 0.1)
(0.6 0.15 0.1)
(0.447940195 0.1846718518 0.1)
(0.5 0.179289322 0.1)
(0.552059805 0.1846718518 0.1)
(0.6 0.2 0.1)
(0.4474252438 0.2308398148 0.1)
(0.5 0.2241116525 0.1)
(0.5525747562 0.2308398148 0.1)
(0.6 0.25 0.1)
(0.4469102925 0.2770077778 0.1)
(0.5 0.268933983 0.1)
(0.5530897075 0.2770077778 0.1)
(0.6 0.3 0.1)
(0.4463953413 0.3231757407 0.1)
(0.5 0.3137563135 0.1)
(0.5536046587 0.3231757407 0.1)
(0.6 0.35 0.1)
(0.44588039 0.3693437037 0.1)
(0.5 0.358578644 0.1)
(0.55411961 0.3693437037 0.1)
(0.6 0.4 0.1)
(0.65 0 0)
(0.7 0 0)
(0.75 0 0)
(0.8 0 0)
(0.85 0 0)
(0.9 0 0)
(0.95 0 0)
(1 0 0)
(0.65 0.05 0)
(0.7 0.05 0)
(0.75 0.05 0)
(0.8 0.05 0)
(0.85 0.05 0)
(0.9 0.05 0)
(0.95 0.05 0)
(1 0.05 0)
(0.65 0.1 0)
(0.7 0.1 0)
(0.75 0.1 0)
(0.8 0.1 0)
(0.85 0.1 0)
(0.9 0.1 0)
(0.95 0.1 0)
(1 0.1 0)
(0.65 0.15 0)
(0.7 0.15 0)
(0.75 0.15 0)
(0.8 0.15 0)
(0.85 0.15 0)
(0.9 0.15 0)
(0.95 0.15 0)
(1 0.15 0)
(0.65 0.2 0)
(0.7 0.2 0)
(0.75 0.2 0)
(0.8 0.2 0)
(0.85 0.2 0)
(0.9 0.2 0)
(0.95 0.2 0)
(1 0.2 0)
(0.65 0.25 0)
(0.7 0.25 0)
(0.75 0.25 0)
(0.8 0.25 0)
(0.85 0.25 0)
(0.9 0.25 0)
(0.95 0.25 0)
(1 0.25 0)
(0.65 0.3 0)
(0.7 0.3 0)
(0.75 0.3 0)
(0.8 0.3 0)
(0.85 0.3 0)
(0.9 0.3 0)
(0.95 0.3 0)
(1 0.3 0)
(0.65 0.35 0)
(0.7 0.35 0)
(0.75 0.35 0)
(0.8 0.35 0)
(0.85 0.35 0)
(0.9 0.35 0)
(0.95 0.35 0)
(1 0.35 0)
(0.65 0.4 0)
(0.7 0.4 0)
(0.75 0.4 0)
(0.8 0.4 0)
(0.85 0.4 0)
(0.9 0.4 0)
(0.95 0.4 0)
(1 0.4 0)
(0.65 0 0.1)
(0.7 0 0.1)
(0.75 0 0.1)
(0.8 0 0.1)
(0.85 0 0.1)
(0.9 0 0.1)
(0.95 0 0.1)
(1 0 0.1)
(0.65 0.05 0.1)
(0.7 0.05 0.1)
(0.75 0.05 0.1)
(0.8 0.05 0.1)
(0.85 0.05 0.1)
(0.9 0.05 0.1)
(0.95 0.05 0.1)
(1 0.05 0.1)
(0.65 0.1 0.1)
(0.7 0.1 0.1)
(0.75 0.1 0.1)
(0.8 0.1 0.1)
(0.85 0.1 0.1)
(0.9 0.1 0.1)
(0.95 0.1 0.1)
(1 0.1 0.1)
(0.65 0.15 0.1)
(0.7 0.15 0.1)
(0.75 0.15 0.1)
(0.8 0.15 0.1)
(0.85 0.15 0.1)
(0.9 0.15 0.1)
(0.95 0.15 0.1)
(1 0.15 0.1)
(0.65 0.2 0.1)
(0.7 0.2 0.1)
(0.75 0.2 0.1)
(0.8 0.2 0.1)
(0.85 0.2 0.1)
(0.9 0.2 0.1)
(0.95 0.2 0.1)
(1 0.2 0.1)
(0.65 0.25 0.1)
(0.7 0.25 0.1)
(0.75 0.25 0.1)
(0.8 0.25 0.1)
(0.85 0.25 0.1)
(0.9 0.25 0.1)
(0.95 0.25 0.1)
(1 0.25 0.1)
(0.65 0.3 0.1)
(0.7 0.3 0.1)
(0.75 0.3 0.1)
(0.8 0.3 0.1)
(0.85 0.3 0.1)
(0.9 0.3 0.1)
(0.95 0.3 0.1)
(1 0.3 0.1)
(0.65 0.35 0.1)
(0.7 0.35 0.1)
(0.75 0.35 0.1)
(0.8 0.35 0.1)
(0.85 0.35 0.1)
(0.9 0.35 0.1)
(0.95 0.35 0.1)
(1 0.35 0.1)
(0.65 0.4 0.1)
(0.7 0.4 0.1)
(0.75 0.4 0.1)
(0.8 0.4 0.1)
(0.85 0.4 0.1)
(0.9 0.4 0.1)
(0.95 0.4 0.1)
(1 0.4 0.1)
(1.05 0 0)
(1.1 0 0)
(1.15 0 0)
(1.2 0 0)
(1.25 0 0)
(1.3 0 0)
(1.35 0 0)
(1.4 0 0)
(1.45 0 0)
(1.5 0 0)
(1.55 0 0)
(1.6 0 0)
(1.65 0 0)
(1.7 0 0)
(1.75 0 0)
(1.8 0 0)
(1.85 0 0)
(1.9 0 0)
(1.95 0 0)
(2 0 0)
(2.05 0 0)
(2.1 0 0)
(2.15 0 0)
(2.2 0 0)
(2.25 0 0)
(2.3 0 0)
(2.35 0 0)
(2.4 0 0)
(2.45 0 0)
(2.5 0 0)
(2.55 0 0)
(2.6 0 0)
(2.65 0 0)
(2.7 0 0)
(2.75 0 0)
(2.8 0 0)
(2.85 0 0)
(2.9 0 0)
(2.95 0 0)
(3 0 0)
(3.05 0 0)
(3.1 0 0)
(3.15 0 0)
(3.2 0 0)
(3.25 0 0)
(3.3 0 0)
(3.35 0 0)
(3.4 0 0)
(3.45 0 0)
(3.5 0 0)
(3.55 0 0)
(3.6 0 0)
(3.65 0 0)
(3.7 0 0)
(3.75 0 0)
(3.8 0 0)
(3.85 0 0)
(3.9 0 0)
(3.95 0 0)
(4 0 0)
(4.05 0 0)
(4.1 0 0)
(4.15 0 0)
(4.2 0 0)
(4.25 0 0)
(4.3 0 0)
(4.35 0 0)
(4.4 0 0)
(4.45 0 0)
(4.5 0 0)
(4.55 0 0)
(4.6 0 0)
(4.65 0 0)
(4.7 0 0)
(4.75 0 0)
(4.8 0 0)
(4.85 0 0)
(4.9 0 0)
(4.95 0 0)
(5 0 0)
(1.05 0.05 0)
(1.1 0.05 0)
(1.15 0.05 0)
(1.2 0.05 0)
(1.25 0.05 0)
(1.3 0.05 0)
(1.35 0.05 0)
(1.4 0.05 0)
(1.45 0.05 0)
(1.5 0.05 0)
(1.55 0.05 0)
(1.6 0.05 0)
(1.65 0.05 0)
(1.7 0.05 0)
(1.75 0.05 0)
(1.8 0.05 0)
(1.85 0.05 0)
(1.9 0.05 0)
(1.95 0.05 0)
(2 0.05 0)
(2.05 0.05 0)
(2.1 0.05 0)
(2.15 0.05 0)
(2.2 0.05 0)
(2.25 0.05 0)
(2.3 0.05 0)
(2.35 0.05 0)
(2.4 0.05 0)
(2.45 0.05 0)
(2.5 0.05 0)
(2.55 0.05 0)
(2.6 0.05 0)
(2.65 0.05 0)
(2.7 0.05 0)
(2.75 0.05 0)
(2.8 0.05 0)
(2.85 0.05 0)
(2.9 0.05 0)
(2.95 0.05 0)
(3 0.05 0)
(3.05 0.05 0)
(3.1 0.05 0)
(3.15 0.05 0)
(3.2 0.05 0)
(3.25 0.05 0)
(3.3 0.05 0)
(3.35 0.05 0)
(3.4 0.05 0)
(3.45 0.05 0)
(3.5 0.05 0)
(3.55 0.05 0)
(3.6 0.05 0)
(3.65 0.05 0)
(3.7 0.05 0)
(3.75 0.05 0)
(3.8 0.05 0)
(3.85 0.05 0)
(3.9 0.05 0)
(3.95 0.05 0)
(4 0.05 0)
(4.05 0.05 0)
(4.1 0.05 0)
(4.15 0.05 0)
(4.2 0.05 0)
(4.25 0.05 0)
(4.3 0.05 0)
(4.35 0.05 0)
(4.4 0.05 0)
(4.45 0.05 0)
(4.5 0.05 0)
(4.55 0.05 0)
(4.6 0.05 0)
(4.65 0.05 0)
(4.7 0.05 0)
(4.75 0.05 0)
(4.8 0.05 0)
(4.85 0.05 0)
(4.9 0.05 0)
(4.95 0.05 0)
(5 0.05 0)
(1.05 0.1 0)
(1.1 0.1 0)
(1.15 0.1 0)
(1.2 0.1 0)
(1.25 0.1 0)
(1.3 0.1 0)
(1.35 0.1 0)
(1.4 0.1 0)
(1.45 0.1 0)
(1.5 0.1 0)
(1.55 0.1 0)
(1.6 0.1 0)
(1.65 0.1 0)
(1.7 0.1 0)
(1.75 0.1 0)
(1.8 0.1 0)
(1.85 0.1 0)
(1.9 0.1 0)
(1.95 0.1 0)
(2 0.1 0)
(2.05 0.1 0)
(2.1 0.1 0)
(2.15 0.1 0)
(2.2 0.1 0)
(2.25 0.1 0)
(2.3 0.1 0)
(2.35 0.1 0)
(2.4 0.1 0)
(2.45 0.1 0)
(2.5 0.1 0)
(2.55 0.1 0)
(2.6 0.1 0)
(2.65 0.1 0)
(2.7 0.1 0)
(2.75 0.1 0)
(2.8 0.1 0)
(2.85 0.1 0)
(2.9 0.1 0)
(2.95 0.1 0)
(3 0.1 0)
(3.05 0.1 0)
(3.1 0.1 0)
(3.15 0.1 0)
(3.2 0.1 0)
(3.25 0.1 0)
(3.3 0.1 0)
(3.35 0.1 0)
(3.4 0.1 0)
(3.45 0.1 0)
(3.5 0.1 0)
(3.55 0.1 0)
(3.6 0.1 0)
(3.65 0.1 0)
(3.7 0.1 0)
(3.75 0.1 0)
(3.8 0.1 0)
(3.85 0.1 0)
(3.9 0.1 0)
(3.95 0.1 0)
(4 0.1 0)
(4.05 0.1 0)
(4.1 0.1 0)
(4.15 0.1 0)
(4.2 0.1 0)
(4.25 0.1 0)
(4.3 0.1 0)
(4.35 0.1 0)
(4.4 0.1 0)
(4.45 0.1 0)
(4.5 0.1 0)
(4.55 0.1 0)
(4.6 0.1 0)
(4.65 0.1 0)
(4.7 0.1 0)
(4.75 0.1 0)
(4.8 0.1 0)
(4.85 0.1 0)
(4.9 0.1 0)
(4.95 0.1 0)
(5 0.1 0)
(1.05 0.15 0)
(1.1 0.15 0)
(1.15 0.15 0)
(1.2 0.15 0)
(1.25 0.15 0)
(1.3 0.15 0)
(1.35 0.15 0)
(1.4 0.15 0)
(1.45 0.15 0)
(1.5 0.15 0)
(1.55 0.15 0)
(1.6 0.15 0)
(1.65 0.15 0)
(1.7 0.15 0)
(1.75 0.15 0)
(1.8 0.15 0)
(1.85 0.15 0)
(1.9 0.15 0)
(1.95 0.15 0)
(2 0.15 0)
(2.05 0.15 0)
(2.1 0.15 0)
(2.15 0.15 0)
(2.2 0.15 0)
(2.25 0.15 0)
(2.3 0.15 0)
(2.35 0.15 0)
(2.4 0.15 0)
(2.45 0.15 0)
(2.5 0.15 0)
(2.55 0.15 0)
(2.6 0.15 0)
(2.65 0.15 0)
(2.7 0.15 0)
(2.75 0.15 0)
(2.8 0.15 0)
(2.85 0.15 0)
(2.9 0.15 0)
(2.95 0.15 0)
(3 0.15 0)
(3.05 0.15 0)
(3.1 0.15 0)
(3.15 0.15 0)
(3.2 0.15 0)
(3.25 0.15 0)
(3.3 0.15 0)
(3.35 0.15 0)
(3.4 0.15 0)
(3.45 0.15 0)
(3.5 0.15 0)
(3.55 0.15 0)
(3.6 0.15 0)
(3.65 0.15 0)
(3.7 0.15 0)
(3.75 0.15 0)
(3.8 0.15 0)
(3.85 0.15 0)
(3.9 0.15 0)
(3.95 0.15 0)
(4 0.15 0)
(4.05 0.15 0)
(4.1 0.15 0)
(4.15 0.15 0)
(4.2 0.15 0)
(4.25 0.15 0)
(4.3 0.15 0)
(4.35 0.15 0)
(4.4 0.15 0)
(4.45 0.15 0)
(4.5 0.15 0)
(4.55 0.15 0)
(4.6 0.15 0)
(4.65 0.15 0)
(4.7 0.15 0)
(4.75 0.15 0)
(4.8 0.15 0)
(4.85 0.15 0)
(4.9 0.15 0)
(4.95 0.15 0)
(5 0.15 0)
(1.05 0.2 0)
(1.1 0.2 0)
(1.15 0.2 0)
(1.2 0.2 0)
(1.25 0.2 0)
(1.3 0.2 0)
(1.35 0.2 0)
(1.4 0.2 0)
(1.45 0.2 0)
(1.5 0.2 0)
(1.55 0.2 0)
(1.6 0.2 0)
(1.65 0.2 0)
(1.7 0.2 0)
(1.75 0.2 0)
(1.8 0.2 0)
(1.85 0.2 0)
(1.9 0.2 0)
(1.95 0.2 0)
(2 0.2 0)
(2.05 0.2 0)
(2.1 0.2 0)
(2.15 0.2 0)
(2.2 0.2 0)
(2.25 0.2 0)
(2.3 0.2 0)
(2.35 0.2 0)
(2.4 0.2 0)
(2.45 0.2 0)
(2.5 0.2 0)
(2.55 0.2 0)
(2.6 0.2 0)
(2.65 0.2 0)
(2.7 0.2 0)
(2.75 0.2 0)
(2.8 0.2 0)
(2.85 0.2 0)
(2.9 0.2 0)
(2.95 0.2 0)
(3 0.2 0)
(3.05 0.2 0)
(3.1 0.2 0)
(3.15 0.2 0)
(3.2 0.2 0)
(3.25 0.2 0)
(3.3 0.2 0)
(3.35 0.2 0)
(3.4 0.2 0)
(3.45 0.2 0)
(3.5 0.2 0)
(3.55 0.2 0)
(3.6 0.2 0)
(3.65 0.2 0)
(3.7 0.2 0)
(3.75 0.2 0)
(3.8 0.2 0)
(3.85 0.2 0)
(3.9 0.2 0)
(3.95 0.2 0)
(4 0.2 0)
(4.05 0.2 0)
(4.1 0.2 0)
(4.15 0.2 0)
(4.2 0.2 0)
(4.25 0.2 0)
(4.3 0.2 0)
(4.35 0.2 0)
(4.4 0.2 0)
(4.45 0.2 0)
(4.5 0.2 0)
(4.55 0.2 0)
(4.6 0.2 0)
(4.65 0.2 0)
(4.7 0.2 0)
(4.75 0.2 0)
(4.8 0.2 0)
(4.85 0.2 0)
(4.9 0.2 0)
(4.95 0.2 0)
(5 0.2 0)
(1.05 0.25 0)
(1.1 0.25 0)
(1.15 0.25 0)
(1.2 0.25 0)
(1.25 0.25 0)
(1.3 0.25 0)
(1.35 0.25 0)
(1.4 0.25 0)
(1.45 0.25 0)
(1.5 0.25 0)
(1.55 0.25 0)
(1.6 0.25 0)
(1.65 0.25 0)
(1.7 0.25 0)
(1.75 0.25 0)
(1.8 0.25 0)
(1.85 0.25 0)
(1.9 0.25 0)
(1.95 0.25 0)
(2 0.25 0)
(2.05 0.25 0)
(2.1 0.25 0)
(2.15 0.25 0)
(2.2 0.25 0)
(2.25 0.25 0)
(2.3 0.25 0)
(2.35 0.25 0)
(2.4 0.25 0)
(2.45 0.25 0)
(2.5 0.25 0)
(2.55 0.25 0)
(2.6 0.25 0)
(2.65 0.25 0)
(2.7 0.25 0)
(2.75 0.25 0)
(2.8 0.25 0)
(2.85 0.25 0)
(2.9 0.25 0)
(2.95 0.25 0)
(3 0.25 0)
(3.05 0.25 0)
(3.1 0.25 0)
(3.15 0.25 0)
(3.2 0.25 0)
(3.25 0.25 0)
(3.3 0.25 0)
(3.35 0.25 0)
(3.4 0.25 0)
(3.45 0.25 0)
(3.5 0.25 0)
(3.55 0.25 0)
(3.6 0.25 0)
(3.65 0.25 0)
(3.7 0.25 0)
(3.75 0.25 0)
(3.8 0.25 0)
(3.85 0.25 0)
(3.9 0.25 0)
(3.95 0.25 0)
(4 0.25 0)
(4.05 0.25 0)
(4.1 0.25 0)
(4.15 0.25 0)
(4.2 0.25 0)
(4.25 0.25 0)
(4.3 0.25 0)
(4.35 0.25 0)
(4.4 0.25 0)
(4.45 0.25 0)
(4.5 0.25 0)
(4.55 0.25 0)
(4.6 0.25 0)
(4.65 0.25 0)
(4.7 0.25 0)
(4.75 0.25 0)
(4.8 0.25 0)
(4.85 0.25 0)
(4.9 0.25 0)
(4.95 0.25 0)
(5 0.25 0)
(1.05 0.3 0)
(1.1 0.3 0)
(1.15 0.3 0)
(1.2 0.3 0)
(1.25 0.3 0)
(1.3 0.3 0)
(1.35 0.3 0)
(1.4 0.3 0)
(1.45 0.3 0)
(1.5 0.3 0)
(1.55 0.3 0)
(1.6 0.3 0)
(1.65 0.3 0)
(1.7 0.3 0)
(1.75 0.3 0)
(1.8 0.3 0)
(1.85 0.3 0)
(1.9 0.3 0)
(1.95 0.3 0)
(2 0.3 0)
(2.05 0.3 0)
(2.1 0.3 0)
(2.15 0.3 0)
(2.2 0.3 0)
(2.25 0.3 0)
(2.3 0.3 0)
(2.35 0.3 0)
(2.4 0.3 0)
(2.45 0.3 0)
(2.5 0.3 0)
(2.55 0.3 0)
(2.6 0.3 0)
(2.65 0.3 0)
(2.7 0.3 0)
(2.75 0.3 0)
(2.8 0.3 0)
(2.85 0.3 0)
(2.9 0.3 0)
(2.95 0.3 0)
(3 0.3 0)
(3.05 0.3 0)
(3.1 0.3 0)
(3.15 0.3 0)
(3.2 0.3 0)
(3.25 0.3 0)
(3.3 0.3 0)
(3.35 0.3 0)
(3.4 0.3 0)
(3.45 0.3 0)
(3.5 0.3 0)
(3.55 0.3 0)
(3.6 0.3 0)
(3.65 0.3 0)
(3.7 0.3 0)
(3.75 0.3 0)
(3.8 0.3 0)
(3.85 0.3 0)
(3.9 0.3 0)
(3.95 0.3 0)
(4 0.3 0)
(4.05 0.3 0)
(4.1 0.3 0)
(4.15 0.3 0)
(4.2 0.3 0)
(4.25 0.3 0)
(4.3 0.3 0)
(4.35 0.3 0)
(4.4 0.3 0)
(4.45 0.3 0)
(4.5 0.3 0)
(4.55 0.3 0)
(4.6 0.3 0)
(4.65 0.3 0)
(4.7 0.3 0)
(4.75 0.3 0)
(4.8 0.3 0)
(4.85 0.3 0)
(4.9 0.3 0)
(4.95 0.3 0)
(5 0.3 0)
(1.05 0.35 0)
(1.1 0.35 0)
(1.15 0.35 0)
(1.2 0.35 0)
(1.25 0.35 0)
(1.3 0.35 0)
(1.35 0.35 0)
(1.4 0.35 0)
(1.45 0.35 0)
(1.5 0.35 0)
(1.55 0.35 0)
(1.6 0.35 0)
(1.65 0.35 0)
(1.7 0.35 0)
(1.75 0.35 0)
(1.8 0.35 0)
(1.85 0.35 0)
(1.9 0.35 0)
(1.95 0.35 0)
(2 0.35 0)
(2.05 0.35 0)
(2.1 0.35 0)
(2.15 0.35 0)
(2.2 0.35 0)
(2.25 0.35 0)
(2.3 0.35 0)
(2.35 0.35 0)
(2.4 0.35 0)
(2.45 0.35 0)
(2.5 0.35 0)
(2.55 0.35 0)
(2.6 0.35 0)
(2.65 0.35 0)
(2.7 0.35 0)
(2.75 0.35 0)
(2.8 0.35 0)
(2.85 0.35 0)
(2.9 0.35 0)
(2.95 0.35 0)
(3 0.35 0)
(3.05 0.35 0)
(3.1 0.35 0)
(3.15 0.35 0)
(3.2 0.35 0)
(3.25 0.35 0)
(3.3 0.35 0)
(3.35 0.35 0)
(3.4 0.35 0)
(3.45 0.35 0)
(3.5 0.35 0)
(3.55 0.35 0)
(3.6 0.35 0)
(3.65 0.35 0)
(3.7 0.35 0)
(3.75 0.35 0)
(3.8 0.35 0)
(3.85 0.35 0)
(3.9 0.35 0)
(3.95 0.35 0)
(4 0.35 0)
(4.05 0.35 0)
(4.1 0.35 0)
(4.15 0.35 0)
(4.2 0.35 0)
(4.25 0.35 0)
(4.3 0.35 0)
(4.35 0.35 0)
(4.4 0.35 0)
(4.45 0.35 0)
(4.5 0.35 0)
(4.55 0.35 0)
(4.6 0.35 0)
(4.65 0.35 0)
(4.7 0.35 0)
(4.75 0.35 0)
(4.8 0.35 0)
(4.85 0.35 0)
(4.9 0.35 0)
(4.95 0.35 0)
(5 0.35 0)
(1.05 0.4 0)
(1.1 0.4 0)
(1.15 0.4 0)
(1.2 0.4 0)
(1.25 0.4 0)
(1.3 0.4 0)
(1.35 0.4 0)
(1.4 0.4 0)
(1.45 0.4 0)
(1.5 0.4 0)
(1.55 0.4 0)
(1.6 0.4 0)
(1.65 0.4 0)
(1.7 0.4 0)
(1.75 0.4 0)
(1.8 0.4 0)
(1.85 0.4 0)
(1.9 0.4 0)
(1.95 0.4 0)
(2 0.4 0)
(2.05 0.4 0)
(2.1 0.4 0)
(2.15 0.4 0)
(2.2 0.4 0)
(2.25 0.4 0)
(2.3 0.4 0)
(2.35 0.4 0)
(2.4 0.4 0)
(2.45 0.4 0)
(2.5 0.4 0)
(2.55 0.4 0)
(2.6 0.4 0)
(2.65 0.4 0)
(2.7 0.4 0)
(2.75 0.4 0)
(2.8 0.4 0)
(2.85 0.4 0)
(2.9 0.4 0)
(2.95 0.4 0)
(3 0.4 0)
(3.05 0.4 0)
(3.1 0.4 0)
(3.15 0.4 0)
(3.2 0.4 0)
(3.25 0.4 0)
(3.3 0.4 0)
(3.35 0.4 0)
(3.4 0.4 0)
(3.45 0.4 0)
(3.5 0.4 0)
(3.55 0.4 0)
(3.6 0.4 0)
(3.65 0.4 0)
(3.7 0.4 0)
(3.75 0.4 0)
(3.8 0.4 0)
(3.85 0.4 0)
(3.9 0.4 0)
(3.95 0.4 0)
(4 0.4 0)
(4.05 0.4 0)
(4.1 0.4 0)
(4.15 0.4 0)
(4.2 0.4 0)
(4.25 0.4 0)
(4.3 0.4 0)
(4.35 0.4 0)
(4.4 0.4 0)
(4.45 0.4 0)
(4.5 0.4 0)
(4.55 0.4 0)
(4.6 0.4 0)
(4.65 0.4 0)
(4.7 0.4 0)
(4.75 0.4 0)
(4.8 0.4 0)
(4.85 0.4 0)
(4.9 0.4 0)
(4.95 0.4 0)
(5 0.4 0)
(1.05 0 0.1)
(1.1 0 0.1)
(1.15 0 0.1)
(1.2 0 0.1)
(1.25 0 0.1)
(1.3 0 0.1)
(1.35 0 0.1)
(1.4 0 0.1)
(1.45 0 0.1)
(1.5 0 0.1)
(1.55 0 0.1)
(1.6 0 0.1)
(1.65 0 0.1)
(1.7 0 0.1)
(1.75 0 0.1)
(1.8 0 0.1)
(1.85 0 0.1)
(1.9 0 0.1)
(1.95 0 0.1)
(2 0 0.1)
(2.05 0 0.1)
(2.1 0 0.1)
(2.15 0 0.1)
(2.2 0 0.1)
(2.25 0 0.1)
(2.3 0 0.1)
(2.35 0 0.1)
(2.4 0 0.1)
(2.45 0 0.1)
(2.5 0 0.1)
(2.55 0 0.1)
(2.6 0 0.1)
(2.65 0 0.1)
(2.7 0 0.1)
(2.75 0 0.1)
(2.8 0 0.1)
(2.85 0 0.1)
(2.9 0 0.1)
(2.95 0 0.1)
(3 0 0.1)
(3.05 0 0.1)
(3.1 0 0.1)
(3.15 0 0.1)
(3.2 0 0.1)
(3.25 0 0.1)
(3.3 0 0.1)
(3.35 0 0.1)
(3.4 0 0.1)
(3.45 0 0.1)
(3.5 0 0.1)
(3.55 0 0.1)
(3.6 0 0.1)
(3.65 0 0.1)
(3.7 0 0.1)
(3.75 0 0.1)
(3.8 0 0.1)
(3.85 0 0.1)
(3.9 0 0.1)
(3.95 0 0.1)
(4 0 0.1)
(4.05 0 0.1)
(4.1 0 0.1)
(4.15 0 0.1)
(4.2 0 0.1)
(4.25 0 0.1)
(4.3 0 0.1)
(4.35 0 0.1)
(4.4 0 0.1)
(4.45 0 0.1)
(4.5 0 0.1)
(4.55 0 0.1)
(4.6 0 0.1)
(4.65 0 0.1)
(4.7 0 0.1)
(4.75 0 0.1)
(4.8 0 0.1)
(4.85 0 0.1)
(4.9 0 0.1)
(4.95 0 0.1)
(5 0 0.1)
(1.05 0.05 0.1)
(1.1 0.05 0.1)
(1.15 0.05 0.1)
(1.2 0.05 0.1)
(1.25 0.05 0.1)
(1.3 0.05 0.1)
(1.35 0.05 0.1)
(1.4 0.05 0.1)
(1.45 0.05 0.1)
(1.5 0.05 0.1)
(1.55 0.05 0.1)
(1.6 0.05 0.1)
(1.65 0.05 0.1)
(1.7 0.05 0.1)
(1.75 0.05 0.1)
(1.8 0.05 0.1)
(1.85 0.05 0.1)
(1.9 0.05 0.1)
(1.95 0.05 0.1)
(2 0.05 0.1)
(2.05 0.05 0.1)
(2.1 0.05 0.1)
(2.15 0.05 0.1)
(2.2 0.05 0.1)
(2.25 0.05 0.1)
(2.3 0.05 0.1)
(2.35 0.05 0.1)
(2.4 0.05 0.1)
(2.45 0.05 0.1)
(2.5 0.05 0.1)
(2.55 0.05 0.1)
(2.6 0.05 0.1)
(2.65 0.05 0.1)
(2.7 0.05 0.1)
(2.75 0.05 0.1)
(2.8 0.05 0.1)
(2.85 0.05 0.1)
(2.9 0.05 0.1)
(2.95 0.05 0.1)
(3 0.05 0.1)
(3.05 0.05 0.1)
(3.1 0.05 0.1)
(3.15 0.05 0.1)
(3.2 0.05 0.1)
(3.25 0.05 0.1)
(3.3 0.05 0.1)
(3.35 0.05 0.1)
(3.4 0.05 0.1)
(3.45 0.05 0.1)
(3.5 0.05 0.1)
(3.55 0.05 0.1)
(3.6 0.05 0.1)
(3.65 0.05 0.1)
(3.7 0.05 0.1)
(3.75 0.05 0.1)
(3.8 0.05 0.1)
(3.85 0.05 0.1)
(3.9 0.05 0.1)
(3.95 0.05 0.1)
(4 0.05 0.1)
(4.05 0.05 0.1)
(4.1 0.05 0.1)
(4.15 0.05 0.1)
(4.2 0.05 0.1)
(4.25 0.05 0.1)
(4.3 0.05 0.1)
(4.35 0.05 0.1)
(4.4 0.05 0.1)
(4.45 0.05 0.1)
(4.5 0.05 0.1)
(4.55 0.05 0.1)
(4.6 0.05 0.1)
(4.65 0.05 0.1)
(4.7 0.05 0.1)
(4.75 0.05 0.1)
(4.8 0.05 0.1)
(4.85 0.05 0.1)
(4.9 0.05 0.1)
(4.95 0.05 0.1)
(5 0.05 0.1)
(1.05 0.1 0.1)
(1.1 0.1 0.1)
(1.15 0.1 0.1)
(1.2 0.1 0.1)
(1.25 0.1 0.1)
(1.3 0.1 0.1)
(1.35 0.1 0.1)
(1.4 0.1 0.1)
(1.45 0.1 0.1)
(1.5 0.1 0.1)
(1.55 0.1 0.1)
(1.6 0.1 0.1)
(1.65 0.1 0.1)
(1.7 0.1 0.1)
(1.75 0.1 0.1)
(1.8 0.1 0.1)
(1.85 0.1 0.1)
(1.9 0.1 0.1)
(1.95 0.1 0.1)
(2 0.1 0.1)
(2.05 0.1 0.1)
(2.1 0.1 0.1)
(2.15 0.1 0.1)
(2.2 0.1 0.1)
(2.25 0.1 0.1)
(2.3 0.1 0.1)
(2.35 0.1 0.1)
(2.4 0.1 0.1)
(2.45 0.1 0.1)
(2.5 0.1 0.1)
(2.55 0.1 0.1)
(2.6 0.1 0.1)
(2.65 0.1 0.1)
(2.7 0.1 0.1)
(2.75 0.1 0.1)
(2.8 0.1 0.1)
(2.85 0.1 0.1)
(2.9 0.1 0.1)
(2.95 0.1 0.1)
(3 0.1 0.1)
(3.05 0.1 0.1)
(3.1 0.1 0.1)
(3.15 0.1 0.1)
(3.2 0.1 0.1)
(3.25 0.1 0.1)
(3.3 0.1 0.1)
(3.35 0.1 0.1)
(3.4 0.1 0.1)
(3.45 0.1 0.1)
(3.5 0.1 0.1)
(3.55 0.1 0.1)
(3.6 0.1 0.1)
(3.65 0.1 0.1)
(3.7 0.1 0.1)
(3.75 0.1 0.1)
(3.8 0.1 0.1)
(3.85 0.1 0.1)
(3.9 0.1 0.1)
(3.95 0.1 0.1)
(4 0.1 0.1)
(4.05 0.1 0.1)
(4.1 0.1 0.1)
(4.15 0.1 0.1)
(4.2 0.1 0.1)
(4.25 0.1 0.1)
(4.3 0.1 0.1)
(4.35 0.1 0.1)
(4.4 0.1 0.1)
(4.45 0.1 0.1)
(4.5 0.1 0.1)
(4.55 0.1 0.1)
(4.6 0.1 0.1)
(4.65 0.1 0.1)
(4.7 0.1 0.1)
(4.75 0.1 0.1)
(4.8 0.1 0.1)
(4.85 0.1 0.1)
(4.9 0.1 0.1)
(4.95 0.1 0.1)
(5 0.1 0.1)
(1.05 0.15 0.1)
(1.1 0.15 0.1)
(1.15 0.15 0.1)
(1.2 0.15 0.1)
(1.25 0.15 0.1)
(1.3 0.15 0.1)
(1.35 0.15 0.1)
(1.4 0.15 0.1)
(1.45 0.15 0.1)
(1.5 0.15 0.1)
(1.55 0.15 0.1)
(1.6 0.15 0.1)
(1.65 0.15 0.1)
(1.7 0.15 0.1)
(1.75 0.15 0.1)
(1.8 0.15 0.1)
(1.85 0.15 0.1)
(1.9 0.15 0.1)
(1.95 0.15 0.1)
(2 0.15 0.1)
(2.05 0.15 0.1)
(2.1 0.15 0.1)
(2.15 0.15 0.1)
(2.2 0.15 0.1)
(2.25 0.15 0.1)
(2.3 0.15 0.1)
(2.35 0.15 0.1)
(2.4 0.15 0.1)
(2.45 0.15 0.1)
(2.5 0.15 0.1)
(2.55 0.15 0.1)
(2.6 0.15 0.1)
(2.65 0.15 0.1)
(2.7 0.15 0.1)
(2.75 0.15 0.1)
(2.8 0.15 0.1)
(2.85 0.15 0.1)
(2.9 0.15 0.1)
(2.95 0.15 0.1)
(3 0.15 0.1)
(3.05 0.15 0.1)
(3.1 0.15 0.1)
(3.15 0.15 0.1)
(3.2 0.15 0.1)
(3.25 0.15 0.1)
(3.3 0.15 0.1)
(3.35 0.15 0.1)
(3.4 0.15 0.1)
(3.45 0.15 0.1)
(3.5 0.15 0.1)
(3.55 0.15 0.1)
(3.6 0.15 0.1)
(3.65 0.15 0.1)
(3.7 0.15 0.1)
(3.75 0.15 0.1)
(3.8 0.15 0.1)
(3.85 0.15 0.1)
(3.9 0.15 0.1)
(3.95 0.15 0.1)
(4 0.15 0.1)
(4.05 0.15 0.1)
(4.1 0.15 0.1)
(4.15 0.15 0.1)
(4.2 0.15 0.1)
(4.25 0.15 0.1)
(4.3 0.15 0.1)
(4.35 0.15 0.1)
(4.4 0.15 0.1)
(4.45 0.15 0.1)
(4.5 0.15 0.1)
(4.55 0.15 0.1)
(4.6 0.15 0.1)
(4.65 0.15 0.1)
(4.7 0.15 0.1)
(4.75 0.15 0.1)
(4.8 0.15 0.1)
(4.85 0.15 0.1)
(4.9 0.15 0.1)
(4.95 0.15 0.1)
(5 0.15 0.1)
(1.05 0.2 0.1)
(1.1 0.2 0.1)
(1.15 0.2 0.1)
(1.2 0.2 0.1)
(1.25 0.2 0.1)
(1.3 0.2 0.1)
(1.35 0.2 0.1)
(1.4 0.2 0.1)
(1.45 0.2 0.1)
(1.5 0.2 0.1)
(1.55 0.2 0.1)
(1.6 0.2 0.1)
(1.65 0.2 0.1)
(1.7 0.2 0.1)
(1.75 0.2 0.1)
(1.8 0.2 0.1)
(1.85 0.2 0.1)
(1.9 0.2 0.1)
(1.95 0.2 0.1)
(2 0.2 0.1)
(2.05 0.2 0.1)
(2.1 0.2 0.1)
(2.15 0.2 0.1)
(2.2 0.2 0.1)
(2.25 0.2 0.1)
(2.3 0.2 0.1)
(2.35 0.2 0.1)
(2.4 0.2 0.1)
(2.45 0.2 0.1)
(2.5 0.2 0.1)
(2.55 0.2 0.1)
(2.6 0.2 0.1)
(2.65 0.2 0.1)
(2.7 0.2 0.1)
(2.75 0.2 0.1)
(2.8 0.2 0.1)
(2.85 0.2 0.1)
(2.9 0.2 0.1)
(2.95 0.2 0.1)
(3 0.2 0.1)
(3.05 0.2 0.1)
(3.1 0.2 0.1)
(3.15 0.2 0.1)
(3.2 0.2 0.1)
(3.25 0.2 0.1)
(3.3 0.2 0.1)
(3.35 0.2 0.1)
(3.4 0.2 0.1)
(3.45 0.2 0.1)
(3.5 0.2 0.1)
(3.55 0.2 0.1)
(3.6 0.2 0.1)
(3.65 0.2 0.1)
(3.7 0.2 0.1)
(3.75 0.2 0.1)
(3.8 0.2 0.1)
(3.85 0.2 0.1)
(3.9 0.2 0.1)
(3.95 0.2 0.1)
(4 0.2 0.1)
(4.05 0.2 0.1)
(4.1 0.2 0.1)
(4.15 0.2 0.1)
(4.2 0.2 0.1)
(4.25 0.2 0.1)
(4.3 0.2 0.1)
(4.35 0.2 0.1)
(4.4 0.2 0.1)
(4.45 0.2 0.1)
(4.5 0.2 0.1)
(4.55 0.2 0.1)
(4.6 0.2 0.1)
(4.65 0.2 0.1)
(4.7 0.2 0.1)
(4.75 0.2 0.1)
(4.8 0.2 0.1)
(4.85 0.2 0.1)
(4.9 0.2 0.1)
(4.95 0.2 0.1)
(5 0.2 0.1)
(1.05 0.25 0.1)
(1.1 0.25 0.1)
(1.15 0.25 0.1)
(1.2 0.25 0.1)
(1.25 0.25 0.1)
(1.3 0.25 0.1)
(1.35 0.25 0.1)
(1.4 0.25 0.1)
(1.45 0.25 0.1)
(1.5 0.25 0.1)
(1.55 0.25 0.1)
(1.6 0.25 0.1)
(1.65 0.25 0.1)
(1.7 0.25 0.1)
(1.75 0.25 0.1)
(1.8 0.25 0.1)
(1.85 0.25 0.1)
(1.9 0.25 0.1)
(1.95 0.25 0.1)
(2 0.25 0.1)
(2.05 0.25 0.1)
(2.1 0.25 0.1)
(2.15 0.25 0.1)
(2.2 0.25 0.1)
(2.25 0.25 0.1)
(2.3 0.25 0.1)
(2.35 0.25 0.1)
(2.4 0.25 0.1)
(2.45 0.25 0.1)
(2.5 0.25 0.1)
(2.55 0.25 0.1)
(2.6 0.25 0.1)
(2.65 0.25 0.1)
(2.7 0.25 0.1)
(2.75 0.25 0.1)
(2.8 0.25 0.1)
(2.85 0.25 0.1)
(2.9 0.25 0.1)
(2.95 0.25 0.1)
(3 0.25 0.1)
(3.05 0.25 0.1)
(3.1 0.25 0.1)
(3.15 0.25 0.1)
(3.2 0.25 0.1)
(3.25 0.25 0.1)
(3.3 0.25 0.1)
(3.35 0.25 0.1)
(3.4 0.25 0.1)
(3.45 0.25 0.1)
(3.5 0.25 0.1)
(3.55 0.25 0.1)
(3.6 0.25 0.1)
(3.65 0.25 0.1)
(3.7 0.25 0.1)
(3.75 0.25 0.1)
(3.8 0.25 0.1)
(3.85 0.25 0.1)
(3.9 0.25 0.1)
(3.95 0.25 0.1)
(4 0.25 0.1)
(4.05 0.25 0.1)
(4.1 0.25 0.1)
(4.15 0.25 0.1)
(4.2 0.25 0.1)
(4.25 0.25 0.1)
(4.3 0.25 0.1)
(4.35 0.25 0.1)
(4.4 0.25 0.1)
(4.45 0.25 0.1)
(4.5 0.25 0.1)
(4.55 0.25 0.1)
(4.6 0.25 0.1)
(4.65 0.25 0.1)
(4.7 0.25 0.1)
(4.75 0.25 0.1)
(4.8 0.25 0.1)
(4.85 0.25 0.1)
(4.9 0.25 0.1)
(4.95 0.25 0.1)
(5 0.25 0.1)
(1.05 0.3 0.1)
(1.1 0.3 0.1)
(1.15 0.3 0.1)
(1.2 0.3 0.1)
(1.25 0.3 0.1)
(1.3 0.3 0.1)
(1.35 0.3 0.1)
(1.4 0.3 0.1)
(1.45 0.3 0.1)
(1.5 0.3 0.1)
(1.55 0.3 0.1)
(1.6 0.3 0.1)
(1.65 0.3 0.1)
(1.7 0.3 0.1)
(1.75 0.3 0.1)
(1.8 0.3 0.1)
(1.85 0.3 0.1)
(1.9 0.3 0.1)
(1.95 0.3 0.1)
(2 0.3 0.1)
(2.05 0.3 0.1)
(2.1 0.3 0.1)
(2.15 0.3 0.1)
(2.2 0.3 0.1)
(2.25 0.3 0.1)
(2.3 0.3 0.1)
(2.35 0.3 0.1)
(2.4 0.3 0.1)
(2.45 0.3 0.1)
(2.5 0.3 0.1)
(2.55 0.3 0.1)
(2.6 0.3 0.1)
(2.65 0.3 0.1)
(2.7 0.3 0.1)
(2.75 0.3 0.1)
(2.8 0.3 0.1)
(2.85 0.3 0.1)
(2.9 0.3 0.1)
(2.95 0.3 0.1)
(3 0.3 0.1)
(3.05 0.3 0.1)
(3.1 0.3 0.1)
(3.15 0.3 0.1)
(3.2 0.3 0.1)
(3.25 0.3 0.1)
(3.3 0.3 0.1)
(3.35 0.3 0.1)
(3.4 0.3 0.1)
(3.45 0.3 0.1)
(3.5 0.3 0.1)
(3.55 0.3 0.1)
(3.6 0.3 0.1)
(3.65 0.3 0.1)
(3.7 0.3 0.1)
(3.75 0.3 0.1)
(3.8 0.3 0.1)
(3.85 0.3 0.1)
(3.9 0.3 0.1)
(3.95 0.3 0.1)
(4 0.3 0.1)
(4.05 0.3 0.1)
(4.1 0.3 0.1)
(4.15 0.3 0.1)
(4.2 0.3 0.1)
(4.25 0.3 0.1)
(4.3 0.3 0.1)
(4.35 0.3 0.1)
(4.4 0.3 0.1)
(4.45 0.3 0.1)
(4.5 0.3 0.1)
(4.55 0.3 0.1)
(4.6 0.3 0.1)
(4.65 0.3 0.1)
(4.7 0.3 0.1)
(4.75 0.3 0.1)
(4.8 0.3 0.1)
(4.85 0.3 0.1)
(4.9 0.3 0.1)
(4.95 0.3 0.1)
(5 0.3 0.1)
(1.05 0.35 0.1)
(1.1 0.35 0.1)
(1.15 0.35 0.1)
(1.2 0.35 0.1)
(1.25 0.35 0.1)
(1.3 0.35 0.1)
(1.35 0.35 0.1)
(1.4 0.35 0.1)
(1.45 0.35 0.1)
(1.5 0.35 0.1)
(1.55 0.35 0.1)
(1.6 0.35 0.1)
(1.65 0.35 0.1)
(1.7 0.35 0.1)
(1.75 0.35 0.1)
(1.8 0.35 0.1)
(1.85 0.35 0.1)
(1.9 0.35 0.1)
(1.95 0.35 0.1)
(2 0.35 0.1)
(2.05 0.35 0.1)
(2.1 0.35 0.1)
(2.15 0.35 0.1)
(2.2 0.35 0.1)
(2.25 0.35 0.1)
(2.3 0.35 0.1)
(2.35 0.35 0.1)
(2.4 0.35 0.1)
(2.45 0.35 0.1)
(2.5 0.35 0.1)
(2.55 0.35 0.1)
(2.6 0.35 0.1)
(2.65 0.35 0.1)
(2.7 0.35 0.1)
(2.75 0.35 0.1)
(2.8 0.35 0.1)
(2.85 0.35 0.1)
(2.9 0.35 0.1)
(2.95 0.35 0.1)
(3 0.35 0.1)
(3.05 0.35 0.1)
(3.1 0.35 0.1)
(3.15 0.35 0.1)
(3.2 0.35 0.1)
(3.25 0.35 0.1)
(3.3 0.35 0.1)
(3.35 0.35 0.1)
(3.4 0.35 0.1)
(3.45 0.35 0.1)
(3.5 0.35 0.1)
(3.55 0.35 0.1)
(3.6 0.35 0.1)
(3.65 0.35 0.1)
(3.7 0.35 0.1)
(3.75 0.35 0.1)
(3.8 0.35 0.1)
(3.85 0.35 0.1)
(3.9 0.35 0.1)
(3.95 0.35 0.1)
(4 0.35 0.1)
(4.05 0.35 0.1)
(4.1 0.35 0.1)
(4.15 0.35 0.1)
(4.2 0.35 0.1)
(4.25 0.35 0.1)
(4.3 0.35 0.1)
(4.35 0.35 0.1)
(4.4 0.35 0.1)
(4.45 0.35 0.1)
(4.5 0.35 0.1)
(4.55 0.35 0.1)
(4.6 0.35 0.1)
(4.65 0.35 0.1)
(4.7 0.35 0.1)
(4.75 0.35 0.1)
(4.8 0.35 0.1)
(4.85 0.35 0.1)
(4.9 0.35 0.1)
(4.95 0.35 0.1)
(5 0.35 0.1)
(1.05 0.4 0.1)
(1.1 0.4 0.1)
(1.15 0.4 0.1)
(1.2 0.4 0.1)
(1.25 0.4 0.1)
(1.3 0.4 0.1)
(1.35 0.4 0.1)
(1.4 0.4 0.1)
(1.45 0.4 0.1)
(1.5 0.4 0.1)
(1.55 0.4 0.1)
(1.6 0.4 0.1)
(1.65 0.4 0.1)
(1.7 0.4 0.1)
(1.75 0.4 0.1)
(1.8 0.4 0.1)
(1.85 0.4 0.1)
(1.9 0.4 0.1)
(1.95 0.4 0.1)
(2 0.4 0.1)
(2.05 0.4 0.1)
(2.1 0.4 0.1)
(2.15 0.4 0.1)
(2.2 0.4 0.1)
(2.25 0.4 0.1)
(2.3 0.4 0.1)
(2.35 0.4 0.1)
(2.4 0.4 0.1)
(2.45 0.4 0.1)
(2.5 0.4 0.1)
(2.55 0.4 0.1)
(2.6 0.4 0.1)
(2.65 0.4 0.1)
(2.7 0.4 0.1)
(2.75 0.4 0.1)
(2.8 0.4 0.1)
(2.85 0.4 0.1)
(2.9 0.4 0.1)
(2.95 0.4 0.1)
(3 0.4 0.1)
(3.05 0.4 0.1)
(3.1 0.4 0.1)
(3.15 0.4 0.1)
(3.2 0.4 0.1)
(3.25 0.4 0.1)
(3.3 0.4 0.1)
(3.35 0.4 0.1)
(3.4 0.4 0.1)
(3.45 0.4 0.1)
(3.5 0.4 0.1)
(3.55 0.4 0.1)
(3.6 0.4 0.1)
(3.65 0.4 0.1)
(3.7 0.4 0.1)
(3.75 0.4 0.1)
(3.8 0.4 0.1)
(3.85 0.4 0.1)
(3.9 0.4 0.1)
(3.95 0.4 0.1)
(4 0.4 0.1)
(4.05 0.4 0.1)
(4.1 0.4 0.1)
(4.15 0.4 0.1)
(4.2 0.4 0.1)
(4.25 0.4 0.1)
(4.3 0.4 0.1)
(4.35 0.4 0.1)
(4.4 0.4 0.1)
(4.45 0.4 0.1)
(4.5 0.4 0.1)
(4.55 0.4 0.1)
(4.6 0.4 0.1)
(4.65 0.4 0.1)
(4.7 0.4 0.1)
(4.75 0.4 0.1)
(4.8 0.4 0.1)
(4.85 0.4 0.1)
(4.9 0.4 0.1)
(4.95 0.4 0.1)
(5 0.4 0.1)
(0 0.45 0)
(0.04616796296 0.4494850488 0)
(0.09233592592 0.4489700975 0)
(0.1385038889 0.4484551463 0)
(0.1846718518 0.447940195 0)
(0.2308398148 0.4474252438 0)
(0.2770077778 0.4469102925 0)
(0.3231757407 0.4463953413 0)
(0.3693437037 0.44588039 0)
(0 0.5 0)
(0.0448223305 0.5 0)
(0.089644661 0.5 0)
(0.1344669915 0.5 0)
(0.179289322 0.5 0)
(0.2241116525 0.5 0)
(0.268933983 0.5 0)
(0.3137563135 0.5 0)
(0.358578644 0.5 0)
(0 0.55 0)
(0.04616796296 0.5505149512 0)
(0.09233592592 0.5510299025 0)
(0.1385038889 0.5515448537 0)
(0.1846718518 0.552059805 0)
(0.2308398148 0.5525747562 0)
(0.2770077778 0.5530897075 0)
(0.3231757407 0.5536046587 0)
(0.3693437037 0.55411961 0)
(0 0.6 0)
(0.05 0.6 0)
(0.1 0.6 0)
(0.15 0.6 0)
(0.2 0.6 0)
(0.25 0.6 0)
(0.3 0.6 0)
(0.35 0.6 0)
(0.4 0.6 0)
(0 0.45 0.1)
(0.04616796296 0.4494850488 0.1)
(0.09233592592 0.4489700975 0.1)
(0.1385038889 0.4484551463 0.1)
(0.1846718518 0.447940195 0.1)
(0.2308398148 0.4474252438 0.1)
(0.2770077778 0.4469102925 0.1)
(0.3231757407 0.4463953413 0.1)
(0.3693437037 0.44588039 0.1)
(0 0.5 0.1)
(0.0448223305 0.5 0.1)
(0.089644661 0.5 0.1)
(0.1344669915 0.5 0.1)
(0.179289322 0.5 0.1)
(0.2241116525 0.5 0.1)
(0.268933983 0.5 0.1)
(0.3137563135 0.5 0.1)
(0.358578644 0.5 0.1)
(0 0.55 0.1)
(0.04616796296 0.5505149512 0.1)
(0.09233592592 0.5510299025 0.1)
(0.1385038889 0.5515448537 0.1)
(0.1846718518 0.552059805 0.1)
(0.2308398148 0.5525747562 0.1)
(0.2770077778 0.5530897075 0.1)
(0.3231757407 0.5536046587 0.1)
(0.3693437037 0.55411961 0.1)
(0 0.6 0.1)
(0.05 0.6 0.1)
(0.1 0.6 0.1)
(0.15 0.6 0.1)
(0.2 0.6 0.1)
(0.25 0.6 0.1)
(0.3 0.6 0.1)
(0.35 0.6 0.1)
(0.4 0.6 0.1)
(0.6306562963 0.44588039 0)
(0.6768242593 0.4463953413 0)
(0.7229922222 0.4469102925 0)
(0.7691601852 0.4474252438 0)
(0.8153281482 0.447940195 0)
(0.8614961111 0.4484551463 0)
(0.9076640741 0.4489700975 0)
(0.953832037 0.4494850488 0)
(1 0.45 0)
(0.641421356 0.5 0)
(0.6862436865 0.5 0)
(0.731066017 0.5 0)
(0.7758883475 0.5 0)
(0.820710678 0.5 0)
(0.8655330085 0.5 0)
(0.910355339 0.5 0)
(0.9551776695 0.5 0)
(1 0.5 0)
(0.6306562963 0.55411961 0)
(0.6768242593 0.5536046587 0)
(0.7229922222 0.5530897075 0)
(0.7691601852 0.5525747562 0)
(0.8153281482 0.552059805 0)
(0.8614961111 0.5515448537 0)
(0.9076640741 0.5510299025 0)
(0.953832037 0.5505149512 0)
(1 0.55 0)
(0.6 0.6 0)
(0.65 0.6 0)
(0.7 0.6 0)
(0.75 0.6 0)
(0.8 0.6 0)
(0.85 0.6 0)
(0.9 0.6 0)
(0.95 0.6 0)
(1 0.6 0)
(0.6306562963 0.44588039 0.1)
(0.6768242593 0.4463953413 0.1)
(0.7229922222 0.4469102925 0.1)
(0.7691601852 0.4474252438 0.1)
(0.8153281482 0.447940195 0.1)
(0.8614961111 0.4484551463 0.1)
(0.9076640741 0.4489700975 0.1)
(0.953832037 0.4494850488 0.1)
(1 0.45 0.1)
(0.641421356 0.5 0.1)
(0.6862436865 0.5 0.1)
(0.731066017 0.5 0.1)
(0.7758883475 0.5 0.1)
(0.820710678 0.5 0.1)
(0.8655330085 0.5 0.1)
(0.910355339 0.5 0.1)
(0.9551776695 0.5 0.1)
(1 0.5 0.1)
(0.6306562963 0.55411961 0.1)
(0.6768242593 0.5536046587 0.1)
(0.7229922222 0.5530897075 0.1)
(0.7691601852 0.5525747562 0.1)
(0.8153281482 0.552059805 0.1)
(0.8614961111 0.5515448537 0.1)
(0.9076640741 0.5510299025 0.1)
(0.953832037 0.5505149512 0.1)
(1 0.55 0.1)
(0.6 0.6 0.1)
(0.65 0.6 0.1)
(0.7 0.6 0.1)
(0.75 0.6 0.1)
(0.8 0.6 0.1)
(0.85 0.6 0.1)
(0.9 0.6 0.1)
(0.95 0.6 0.1)
(1 0.6 0.1)
(1.05 0.45 0)
(1.1 0.45 0)
(1.15 0.45 0)
(1.2 0.45 0)
(1.25 0.45 0)
(1.3 0.45 0)
(1.35 0.45 0)
(1.4 0.45 0)
(1.45 0.45 0)
(1.5 0.45 0)
(1.55 0.45 0)
(1.6 0.45 0)
(1.65 0.45 0)
(1.7 0.45 0)
(1.75 0.45 0)
(1.8 0.45 0)
(1.85 0.45 0)
(1.9 0.45 0)
(1.95 0.45 0)
(2 0.45 0)
(2.05 0.45 0)
(2.1 0.45 0)
(2.15 0.45 0)
(2.2 0.45 0)
(2.25 0.45 0)
(2.3 0.45 0)
(2.35 0.45 0)
(2.4 0.45 0)
(2.45 0.45 0)
(2.5 0.45 0)
(2.55 0.45 0)
(2.6 0.45 0)
(2.65 0.45 0)
(2.7 0.45 0)
(2.75 0.45 0)
(2.8 0.45 0)
(2.85 0.45 0)
(2.9 0.45 0)
(2.95 0.45 0)
(3 0.45 0)
(3.05 0.45 0)
(3.1 0.45 0)
(3.15 0.45 0)
(3.2 0.45 0)
(3.25 0.45 0)
(3.3 0.45 0)
(3.35 0.45 0)
(3.4 0.45 0)
(3.45 0.45 0)
(3.5 0.45 0)
(3.55 0.45 0)
(3.6 0.45 0)
(3.65 0.45 0)
(3.7 0.45 0)
(3.75 0.45 0)
(3.8 0.45 0)
(3.85 0.45 0)
(3.9 0.45 0)
(3.95 0.45 0)
(4 0.45 0)
(4.05 0.45 0)
(4.1 0.45 0)
(4.15 0.45 0)
(4.2 0.45 0)
(4.25 0.45 0)
(4.3 0.45 0)
(4.35 0.45 0)
(4.4 0.45 0)
(4.45 0.45 0)
(4.5 0.45 0)
(4.55 0.45 0)
(4.6 0.45 0)
(4.65 0.45 0)
(4.7 0.45 0)
(4.75 0.45 0)
(4.8 0.45 0)
(4.85 0.45 0)
(4.9 0.45 0)
(4.95 0.45 0)
(5 0.45 0)
(1.05 0.5 0)
(1.1 0.5 0)
(1.15 0.5 0)
(1.2 0.5 0)
(1.25 0.5 0)
(1.3 0.5 0)
(1.35 0.5 0)
(1.4 0.5 0)
(1.45 0.5 0)
(1.5 0.5 0)
(1.55 0.5 0)
(1.6 0.5 0)
(1.65 0.5 0)
(1.7 0.5 0)
(1.75 0.5 0)
(1.8 0.5 0)
(1.85 0.5 0)
(1.9 0.5 0)
(1.95 0.5 0)
(2 0.5 0)
(2.05 0.5 0)
(2.1 0.5 0)
(2.15 0.5 0)
(2.2 0.5 0)
(2.25 0.5 0)
(2.3 0.5 0)
(2.35 0.5 0)
(2.4 0.5 0)
(2.45 0.5 0)
(2.5 0.5 0)
(2.55 0.5 0)
(2.6 0.5 0)
(2.65 0.5 0)
(2.7 0.5 0)
(2.75 0.5 0)
(2.8 0.5 0)
(2.85 0.5 0)
(2.9 0.5 0)
(2.95 0.5 0)
(3 0.5 0)
(3.05 0.5 0)
(3.1 0.5 0)
(3.15 0.5 0)
(3.2 0.5 0)
(3.25 0.5 0)
(3.3 0.5 0)
(3.35 0.5 0)
(3.4 0.5 0)
(3.45 0.5 0)
(3.5 0.5 0)
(3.55 0.5 0)
(3.6 0.5 0)
(3.65 0.5 0)
(3.7 0.5 0)
(3.75 0.5 0)
(3.8 0.5 0)
(3.85 0.5 0)
(3.9 0.5 0)
(3.95 0.5 0)
(4 0.5 0)
(4.05 0.5 0)
(4.1 0.5 0)
(4.15 0.5 0)
(4.2 0.5 0)
(4.25 0.5 0)
(4.3 0.5 0)
(4.35 0.5 0)
(4.4 0.5 0)
(4.45 0.5 0)
(4.5 0.5 0)
(4.55 0.5 0)
(4.6 0.5 0)
(4.65 0.5 0)
(4.7 0.5 0)
(4.75 0.5 0)
(4.8 0.5 0)
(4.85 0.5 0)
(4.9 0.5 0)
(4.95 0.5 0)
(5 0.5 0)
(1.05 0.55 0)
(1.1 0.55 0)
(1.15 0.55 0)
(1.2 0.55 0)
(1.25 0.55 0)
(1.3 0.55 0)
(1.35 0.55 0)
(1.4 0.55 0)
(1.45 0.55 0)
(1.5 0.55 0)
(1.55 0.55 0)
(1.6 0.55 0)
(1.65 0.55 0)
(1.7 0.55 0)
(1.75 0.55 0)
(1.8 0.55 0)
(1.85 0.55 0)
(1.9 0.55 0)
(1.95 0.55 0)
(2 0.55 0)
(2.05 0.55 0)
(2.1 0.55 0)
(2.15 0.55 0)
(2.2 0.55 0)
(2.25 0.55 0)
(2.3 0.55 0)
(2.35 0.55 0)
(2.4 0.55 0)
(2.45 0.55 0)
(2.5 0.55 0)
(2.55 0.55 0)
(2.6 0.55 0)
(2.65 0.55 0)
(2.7 0.55 0)
(2.75 0.55 0)
(2.8 0.55 0)
(2.85 0.55 0)
(2.9 0.55 0)
(2.95 0.55 0)
(3 0.55 0)
(3.05 0.55 0)
(3.1 0.55 0)
(3.15 0.55 0)
(3.2 0.55 0)
(3.25 0.55 0)
(3.3 0.55 0)
(3.35 0.55 0)
(3.4 0.55 0)
(3.45 0.55 0)
(3.5 0.55 0)
(3.55 0.55 0)
(3.6 0.55 0)
(3.65 0.55 0)
(3.7 0.55 0)
(3.75 0.55 0)
(3.8 0.55 0)
(3.85 0.55 0)
(3.9 0.55 0)
(3.95 0.55 0)
(4 0.55 0)
(4.05 0.55 0)
(4.1 0.55 0)
(4.15 0.55 0)
(4.2 0.55 0)
(4.25 0.55 0)
(4.3 0.55 0)
(4.35 0.55 0)
(4.4 0.55 0)
(4.45 0.55 0)
(4.5 0.55 0)
(4.55 0.55 0)
(4.6 0.55 0)
(4.65 0.55 0)
(4.7 0.55 0)
(4.75 0.55 0)
(4.8 0.55 0)
(4.85 0.55 0)
(4.9 0.55 0)
(4.95 0.55 0)
(5 0.55 0)
(1.05 0.6 0)
(1.1 0.6 0)
(1.15 0.6 0)
(1.2 0.6 0)
(1.25 0.6 0)
(1.3 0.6 0)
(1.35 0.6 0)
(1.4 0.6 0)
(1.45 0.6 0)
(1.5 0.6 0)
(1.55 0.6 0)
(1.6 0.6 0)
(1.65 0.6 0)
(1.7 0.6 0)
(1.75 0.6 0)
(1.8 0.6 0)
(1.85 0.6 0)
(1.9 0.6 0)
(1.95 0.6 0)
(2 0.6 0)
(2.05 0.6 0)
(2.1 0.6 0)
(2.15 0.6 0)
(2.2 0.6 0)
(2.25 0.6 0)
(2.3 0.6 0)
(2.35 0.6 0)
(2.4 0.6 0)
(2.45 0.6 0)
(2.5 0.6 0)
(2.55 0.6 0)
(2.6 0.6 0)
(2.65 0.6 0)
(2.7 0.6 0)
(2.75 0.6 0)
(2.8 0.6 0)
(2.85 0.6 0)
(2.9 0.6 0)
(2.95 0.6 0)
(3 0.6 0)
(3.05 0.6 0)
(3.1 0.6 0)
(3.15 0.6 0)
(3.2 0.6 0)
(3.25 0.6 0)
(3.3 0.6 0)
(3.35 0.6 0)
(3.4 0.6 0)
(3.45 0.6 0)
(3.5 0.6 0)
(3.55 0.6 0)
(3.6 0.6 0)
(3.65 0.6 0)
(3.7 0.6 0)
(3.75 0.6 0)
(3.8 0.6 0)
(3.85 0.6 0)
(3.9 0.6 0)
(3.95 0.6 0)
(4 0.6 0)
(4.05 0.6 0)
(4.1 0.6 0)
(4.15 0.6 0)
(4.2 0.6 0)
(4.25 0.6 0)
(4.3 0.6 0)
(4.35 0.6 0)
(4.4 0.6 0)
(4.45 0.6 0)
(4.5 0.6 0)
(4.55 0.6 0)
(4.6 0.6 0)
(4.65 0.6 0)
(4.7 0.6 0)
(4.75 0.6 0)
(4.8 0.6 0)
(4.85 0.6 0)
(4.9 0.6 0)
(4.95 0.6 0)
(5 0.6 0)
(1.05 0.45 0.1)
(1.1 0.45 0.1)
(1.15 0.45 0.1)
(1.2 0.45 0.1)
(1.25 0.45 0.1)
(1.3 0.45 0.1)
(1.35 0.45 0.1)
(1.4 0.45 0.1)
(1.45 0.45 0.1)
(1.5 0.45 0.1)
(1.55 0.45 0.1)
(1.6 0.45 0.1)
(1.65 0.45 0.1)
(1.7 0.45 0.1)
(1.75 0.45 0.1)
(1.8 0.45 0.1)
(1.85 0.45 0.1)
(1.9 0.45 0.1)
(1.95 0.45 0.1)
(2 0.45 0.1)
(2.05 0.45 0.1)
(2.1 0.45 0.1)
(2.15 0.45 0.1)
(2.2 0.45 0.1)
(2.25 0.45 0.1)
(2.3 0.45 0.1)
(2.35 0.45 0.1)
(2.4 0.45 0.1)
(2.45 0.45 0.1)
(2.5 0.45 0.1)
(2.55 0.45 0.1)
(2.6 0.45 0.1)
(2.65 0.45 0.1)
(2.7 0.45 0.1)
(2.75 0.45 0.1)
(2.8 0.45 0.1)
(2.85 0.45 0.1)
(2.9 0.45 0.1)
(2.95 0.45 0.1)
(3 0.45 0.1)
(3.05 0.45 0.1)
(3.1 0.45 0.1)
(3.15 0.45 0.1)
(3.2 0.45 0.1)
(3.25 0.45 0.1)
(3.3 0.45 0.1)
(3.35 0.45 0.1)
(3.4 0.45 0.1)
(3.45 0.45 0.1)
(3.5 0.45 0.1)
(3.55 0.45 0.1)
(3.6 0.45 0.1)
(3.65 0.45 0.1)
(3.7 0.45 0.1)
(3.75 0.45 0.1)
(3.8 0.45 0.1)
(3.85 0.45 0.1)
(3.9 0.45 0.1)
(3.95 0.45 0.1)
(4 0.45 0.1)
(4.05 0.45 0.1)
(4.1 0.45 0.1)
(4.15 0.45 0.1)
(4.2 0.45 0.1)
(4.25 0.45 0.1)
(4.3 0.45 0.1)
(4.35 0.45 0.1)
(4.4 0.45 0.1)
(4.45 0.45 0.1)
(4.5 0.45 0.1)
(4.55 0.45 0.1)
(4.6 0.45 0.1)
(4.65 0.45 0.1)
(4.7 0.45 0.1)
(4.75 0.45 0.1)
(4.8 0.45 0.1)
(4.85 0.45 0.1)
(4.9 0.45 0.1)
(4.95 0.45 0.1)
(5 0.45 0.1)
(1.05 0.5 0.1)
(1.1 0.5 0.1)
(1.15 0.5 0.1)
(1.2 0.5 0.1)
(1.25 0.5 0.1)
(1.3 0.5 0.1)
(1.35 0.5 0.1)
(1.4 0.5 0.1)
(1.45 0.5 0.1)
(1.5 0.5 0.1)
(1.55 0.5 0.1)
(1.6 0.5 0.1)
(1.65 0.5 0.1)
(1.7 0.5 0.1)
(1.75 0.5 0.1)
(1.8 0.5 0.1)
(1.85 0.5 0.1)
(1.9 0.5 0.1)
(1.95 0.5 0.1)
(2 0.5 0.1)
(2.05 0.5 0.1)
(2.1 0.5 0.1)
(2.15 0.5 0.1)
(2.2 0.5 0.1)
(2.25 0.5 0.1)
(2.3 0.5 0.1)
(2.35 0.5 0.1)
(2.4 0.5 0.1)
(2.45 0.5 0.1)
(2.5 0.5 0.1)
(2.55 0.5 0.1)
(2.6 0.5 0.1)
(2.65 0.5 0.1)
(2.7 0.5 0.1)
(2.75 0.5 0.1)
(2.8 0.5 0.1)
(2.85 0.5 0.1)
(2.9 0.5 0.1)
(2.95 0.5 0.1)
(3 0.5 0.1)
(3.05 0.5 0.1)
(3.1 0.5 0.1)
(3.15 0.5 0.1)
(3.2 0.5 0.1)
(3.25 0.5 0.1)
(3.3 0.5 0.1)
(3.35 0.5 0.1)
(3.4 0.5 0.1)
(3.45 0.5 0.1)
(3.5 0.5 0.1)
(3.55 0.5 0.1)
(3.6 0.5 0.1)
(3.65 0.5 0.1)
(3.7 0.5 0.1)
(3.75 0.5 0.1)
(3.8 0.5 0.1)
(3.85 0.5 0.1)
(3.9 0.5 0.1)
(3.95 0.5 0.1)
(4 0.5 0.1)
(4.05 0.5 0.1)
(4.1 0.5 0.1)
(4.15 0.5 0.1)
(4.2 0.5 0.1)
(4.25 0.5 0.1)
(4.3 0.5 0.1)
(4.35 0.5 0.1)
(4.4 0.5 0.1)
(4.45 0.5 0.1)
(4.5 0.5 0.1)
(4.55 0.5 0.1)
(4.6 0.5 0.1)
(4.65 0.5 0.1)
(4.7 0.5 0.1)
(4.75 0.5 0.1)
(4.8 0.5 0.1)
(4.85 0.5 0.1)
(4.9 0.5 0.1)
(4.95 0.5 0.1)
(5 0.5 0.1)
(1.05 0.55 0.1)
(1.1 0.55 0.1)
(1.15 0.55 0.1)
(1.2 0.55 0.1)
(1.25 0.55 0.1)
(1.3 0.55 0.1)
(1.35 0.55 0.1)
(1.4 0.55 0.1)
(1.45 0.55 0.1)
(1.5 0.55 0.1)
(1.55 0.55 0.1)
(1.6 0.55 0.1)
(1.65 0.55 0.1)
(1.7 0.55 0.1)
(1.75 0.55 0.1)
(1.8 0.55 0.1)
(1.85 0.55 0.1)
(1.9 0.55 0.1)
(1.95 0.55 0.1)
(2 0.55 0.1)
(2.05 0.55 0.1)
(2.1 0.55 0.1)
(2.15 0.55 0.1)
(2.2 0.55 0.1)
(2.25 0.55 0.1)
(2.3 0.55 0.1)
(2.35 0.55 0.1)
(2.4 0.55 0.1)
(2.45 0.55 0.1)
(2.5 0.55 0.1)
(2.55 0.55 0.1)
(2.6 0.55 0.1)
(2.65 0.55 0.1)
(2.7 0.55 0.1)
(2.75 0.55 0.1)
(2.8 0.55 0.1)
(2.85 0.55 0.1)
(2.9 0.55 0.1)
(2.95 0.55 0.1)
(3 0.55 0.1)
(3.05 0.55 0.1)
(3.1 0.55 0.1)
(3.15 0.55 0.1)
(3.2 0.55 0.1)
(3.25 0.55 0.1)
(3.3 0.55 0.1)
(3.35 0.55 0.1)
(3.4 0.55 0.1)
(3.45 0.55 0.1)
(3.5 0.55 0.1)
(3.55 0.55 0.1)
(3.6 0.55 0.1)
(3.65 0.55 0.1)
(3.7 0.55 0.1)
(3.75 0.55 0.1)
(3.8 0.55 0.1)
(3.85 0.55 0.1)
(3.9 0.55 0.1)
(3.95 0.55 0.1)
(4 0.55 0.1)
(4.05 0.55 0.1)
(4.1 0.55 0.1)
(4.15 0.55 0.1)
(4.2 0.55 0.1)
(4.25 0.55 0.1)
(4.3 0.55 0.1)
(4.35 0.55 0.1)
(4.4 0.55 0.1)
(4.45 0.55 0.1)
(4.5 0.55 0.1)
(4.55 0.55 0.1)
(4.6 0.55 0.1)
(4.65 0.55 0.1)
(4.7 0.55 0.1)
(4.75 0.55 0.1)
(4.8 0.55 0.1)
(4.85 0.55 0.1)
(4.9 0.55 0.1)
(4.95 0.55 0.1)
(5 0.55 0.1)
(1.05 0.6 0.1)
(1.1 0.6 0.1)
(1.15 0.6 0.1)
(1.2 0.6 0.1)
(1.25 0.6 0.1)
(1.3 0.6 0.1)
(1.35 0.6 0.1)
(1.4 0.6 0.1)
(1.45 0.6 0.1)
(1.5 0.6 0.1)
(1.55 0.6 0.1)
(1.6 0.6 0.1)
(1.65 0.6 0.1)
(1.7 0.6 0.1)
(1.75 0.6 0.1)
(1.8 0.6 0.1)
(1.85 0.6 0.1)
(1.9 0.6 0.1)
(1.95 0.6 0.1)
(2 0.6 0.1)
(2.05 0.6 0.1)
(2.1 0.6 0.1)
(2.15 0.6 0.1)
(2.2 0.6 0.1)
(2.25 0.6 0.1)
(2.3 0.6 0.1)
(2.35 0.6 0.1)
(2.4 0.6 0.1)
(2.45 0.6 0.1)
(2.5 0.6 0.1)
(2.55 0.6 0.1)
(2.6 0.6 0.1)
(2.65 0.6 0.1)
(2.7 0.6 0.1)
(2.75 0.6 0.1)
(2.8 0.6 0.1)
(2.85 0.6 0.1)
(2.9 0.6 0.1)
(2.95 0.6 0.1)
(3 0.6 0.1)
(3.05 0.6 0.1)
(3.1 0.6 0.1)
(3.15 0.6 0.1)
(3.2 0.6 0.1)
(3.25 0.6 0.1)
(3.3 0.6 0.1)
(3.35 0.6 0.1)
(3.4 0.6 0.1)
(3.45 0.6 0.1)
(3.5 0.6 0.1)
(3.55 0.6 0.1)
(3.6 0.6 0.1)
(3.65 0.6 0.1)
(3.7 0.6 0.1)
(3.75 0.6 0.1)
(3.8 0.6 0.1)
(3.85 0.6 0.1)
(3.9 0.6 0.1)
(3.95 0.6 0.1)
(4 0.6 0.1)
(4.05 0.6 0.1)
(4.1 0.6 0.1)
(4.15 0.6 0.1)
(4.2 0.6 0.1)
(4.25 0.6 0.1)
(4.3 0.6 0.1)
(4.35 0.6 0.1)
(4.4 0.6 0.1)
(4.45 0.6 0.1)
(4.5 0.6 0.1)
(4.55 0.6 0.1)
(4.6 0.6 0.1)
(4.65 0.6 0.1)
(4.7 0.6 0.1)
(4.75 0.6 0.1)
(4.8 0.6 0.1)
(4.85 0.6 0.1)
(4.9 0.6 0.1)
(4.95 0.6 0.1)
(5 0.6 0.1)
(0 0.65 0)
(0.05 0.65 0)
(0.1 0.65 0)
(0.15 0.65 0)
(0.2 0.65 0)
(0.25 0.65 0)
(0.3 0.65 0)
(0.35 0.65 0)
(0.4 0.65 0)
(0 0.7 0)
(0.05 0.7 0)
(0.1 0.7 0)
(0.15 0.7 0)
(0.2 0.7 0)
(0.25 0.7 0)
(0.3 0.7 0)
(0.35 0.7 0)
(0.4 0.7 0)
(0 0.75 0)
(0.05 0.75 0)
(0.1 0.75 0)
(0.15 0.75 0)
(0.2 0.75 0)
(0.25 0.75 0)
(0.3 0.75 0)
(0.35 0.75 0)
(0.4 0.75 0)
(0 0.8 0)
(0.05 0.8 0)
(0.1 0.8 0)
(0.15 0.8 0)
(0.2 0.8 0)
(0.25 0.8 0)
(0.3 0.8 0)
(0.35 0.8 0)
(0.4 0.8 0)
(0 0.85 0)
(0.05 0.85 0)
(0.1 0.85 0)
(0.15 0.85 0)
(0.2 0.85 0)
(0.25 0.85 0)
(0.3 0.85 0)
(0.35 0.85 0)
(0.4 0.85 0)
(0 0.9 0)
(0.05 0.9 0)
(0.1 0.9 0)
(0.15 0.9 0)
(0.2 0.9 0)
(0.25 0.9 0)
(0.3 0.9 0)
(0.35 0.9 0)
(0.4 0.9 0)
(0 0.95 0)
(0.05 0.95 0)
(0.1 0.95 0)
(0.15 0.95 0)
(0.2 0.95 0)
(0.25 0.95 0)
(0.3 0.95 0)
(0.35 0.95 0)
(0.4 0.95 0)
(0 1 0)
(0.05 1 0)
(0.1 1 0)
(0.15 1 0)
(0.2 1 0)
(0.25 1 0)
(0.3 1 0)
(0.35 1 0)
(0.4 1 0)
(0 0.65 0.1)
(0.05 0.65 0.1)
(0.1 0.65 0.1)
(0.15 0.65 0.1)
(0.2 0.65 0.1)
(0.25 0.65 0.1)
(0.3 0.65 0.1)
(0.35 0.65 0.1)
(0.4 0.65 0.1)
(0 0.7 0.1)
(0.05 0.7 0.1)
(0.1 0.7 0.1)
(0.15 0.7 0.1)
(0.2 0.7 0.1)
(0.25 0.7 0.1)
(0.3 0.7 0.1)
(0.35 0.7 0.1)
(0.4 0.7 0.1)
(0 0.75 0.1)
(0.05 0.75 0.1)
(0.1 0.75 0.1)
(0.15 0.75 0.1)
(0.2 0.75 0.1)
(0.25 0.75 0.1)
(0.3 0.75 0.1)
(0.35 0.75 0.1)
(0.4 0.75 0.1)
(0 0.8 0.1)
(0.05 0.8 0.1)
(0.1 0.8 0.1)
(0.15 0.8 0.1)
(0.2 0.8 0.1)
(0.25 0.8 0.1)
(0.3 0.8 0.1)
(0.35 0.8 0.1)
(0.4 0.8 0.1)
(0 0.85 0.1)
(0.05 0.85 0.1)
(0.1 0.85 0.1)
(0.15 0.85 0.1)
(0.2 0.85 0.1)
(0.25 0.85 0.1)
(0.3 0.85 0.1)
(0.35 0.85 0.1)
(0.4 0.85 0.1)
(0 0.9 0.1)
(0.05 0.9 0.1)
(0.1 0.9 0.1)
(0.15 0.9 0.1)
(0.2 0.9 0.1)
(0.25 0.9 0.1)
(0.3 0.9 0.1)
(0.35 0.9 0.1)
(0.4 0.9 0.1)
(0 0.95 0.1)
(0.05 0.95 0.1)
(0.1 0.95 0.1)
(0.15 0.95 0.1)
(0.2 0.95 0.1)
(0.25 0.95 0.1)
(0.3 0.95 0.1)
(0.35 0.95 0.1)
(0.4 0.95 0.1)
(0 1 0.1)
(0.05 1 0.1)
(0.1 1 0.1)
(0.15 1 0.1)
(0.2 1 0.1)
(0.25 1 0.1)
(0.3 1 0.1)
(0.35 1 0.1)
(0.4 1 0.1)
(0.44588039 0.6306562963 0)
(0.5 0.641421356 0)
(0.55411961 0.6306562963 0)
(0.4463953413 0.6768242593 0)
(0.5 0.6862436865 0)
(0.5536046587 0.6768242593 0)
(0.6 0.65 0)
(0.4469102925 0.7229922222 0)
(0.5 0.731066017 0)
(0.5530897075 0.7229922222 0)
(0.6 0.7 0)
(0.4474252438 0.7691601852 0)
(0.5 0.7758883475 0)
(0.5525747562 0.7691601852 0)
(0.6 0.75 0)
(0.447940195 0.8153281482 0)
(0.5 0.820710678 0)
(0.552059805 0.8153281482 0)
(0.6 0.8 0)
(0.4484551463 0.8614961111 0)
(0.5 0.8655330085 0)
(0.5515448537 0.8614961111 0)
(0.6 0.85 0)
(0.4489700975 0.9076640741 0)
(0.5 0.910355339 0)
(0.5510299025 0.9076640741 0)
(0.6 0.9 0)
(0.4494850488 0.953832037 0)
(0.5 0.9551776695 0)
(0.5505149512 0.953832037 0)
(0.6 0.95 0)
(0.45 1 0)
(0.5 1 0)
(0.55 1 0)
(0.6 1 0)
(0.44588039 0.6306562963 0.1)
(0.5 0.641421356 0.1)
(0.55411961 0.6306562963 0.1)
(0.4463953413 0.6768242593 0.1)
(0.5 0.6862436865 0.1)
(0.5536046587 0.6768242593 0.1)
(0.6 0.65 0.1)
(0.4469102925 0.7229922222 0.1)
(0.5 0.731066017 0.1)
(0.5530897075 0.7229922222 0.1)
(0.6 0.7 0.1)
(0.4474252438 0.7691601852 0.1)
(0.5 0.7758883475 0.1)
(0.5525747562 0.7691601852 0.1)
(0.6 0.75 0.1)
(0.447940195 0.8153281482 0.1)
(0.5 0.820710678 0.1)
(0.552059805 0.8153281482 0.1)
(0.6 0.8 0.1)
(0.4484551463 0.8614961111 0.1)
(0.5 0.8655330085 0.1)
(0.5515448537 0.8614961111 0.1)
(0.6 0.85 0.1)
(0.4489700975 0.9076640741 0.1)
(0.5 0.910355339 0.1)
(0.5510299025 0.9076640741 0.1)
(0.6 0.9 0.1)
(0.4494850488 0.953832037 0.1)
(0.5 0.9551776695 0.1)
(0.5505149512 0.953832037 0.1)
(0.6 0.95 0.1)
(0.45 1 0.1)
(0.5 1 0.1)
(0.55 1 0.1)
(0.6 1 0.1)
(0.65 0.65 0)
(0.7 0.65 0)
(0.75 0.65 0)
(0.8 0.65 0)
(0.85 0.65 0)
(0.9 0.65 0)
(0.95 0.65 0)
(1 0.65 0)
(0.65 0.7 0)
(0.7 0.7 0)
(0.75 0.7 0)
(0.8 0.7 0)
(0.85 0.7 0)
(0.9 0.7 0)
(0.95 0.7 0)
(1 0.7 0)
(0.65 0.75 0)
(0.7 0.75 0)
(0.75 0.75 0)
(0.8 0.75 0)
(0.85 0.75 0)
(0.9 0.75 0)
(0.95 0.75 0)
(1 0.75 0)
(0.65 0.8 0)
(0.7 0.8 0)
(0.75 0.8 0)
(0.8 0.8 0)
(0.85 0.8 0)
(0.9 0.8 0)
(0.95 0.8 0)
(1 0.8 0)
(0.65 0.85 0)
(0.7 0.85 0)
(0.75 0.85 0)
(0.8 0.85 0)
(0.85 0.85 0)
(0.9 0.85 0)
(0.95 0.85 0)
(1 0.85 0)
(0.65 0.9 0)
(0.7 0.9 0)
(0.75 0.9 0)
(0.8 0.9 0)
(0.85 0.9 0)
(0.9 0.9 0)
(0.95 0.9 0)
(1 0.9 0)
(0.65 0.95 0)
(0.7 0.95 0)
(0.75 0.95 0)
(0.8 0.95 0)
(0.85 0.95 0)
(0.9 0.95 0)
(0.95 0.95 0)
(1 0.95 0)
(0.65 1 0)
(0.7 1 0)
(0.75 1 0)
(0.8 1 0)
(0.85 1 0)
(0.9 1 0)
(0.95 1 0)
(1 1 0)
(0.65 0.65 0.1)
(0.7 0.65 0.1)
(0.75 0.65 0.1)
(0.8 0.65 0.1)
(0.85 0.65 0.1)
(0.9 0.65 0.1)
(0.95 0.65 0.1)
(1 0.65 0.1)
(0.65 0.7 0.1)
(0.7 0.7 0.1)
(0.75 0.7 0.1)
(0.8 0.7 0.1)
(0.85 0.7 0.1)
(0.9 0.7 0.1)
(0.95 0.7 0.1)
(1 0.7 0.1)
(0.65 0.75 0.1)
(0.7 0.75 0.1)
(0.75 0.75 0.1)
(0.8 0.75 0.1)
(0.85 0.75 0.1)
(0.9 0.75 0.1)
(0.95 0.75 0.1)
(1 0.75 0.1)
(0.65 0.8 0.1)
(0.7 0.8 0.1)
(0.75 0.8 0.1)
(0.8 0.8 0.1)
(0.85 0.8 0.1)
(0.9 0.8 0.1)
(0.95 0.8 0.1)
(1 0.8 0.1)
(0.65 0.85 0.1)
(0.7 0.85 0.1)
(0.75 0.85 0.1)
(0.8 0.85 0.1)
(0.85 0.85 0.1)
(0.9 0.85 0.1)
(0.95 0.85 0.1)
(1 0.85 0.1)
(0.65 0.9 0.1)
(0.7 0.9 0.1)
(0.75 0.9 0.1)
(0.8 0.9 0.1)
(0.85 0.9 0.1)
(0.9 0.9 0.1)
(0.95 0.9 0.1)
(1 0.9 0.1)
(0.65 0.95 0.1)
(0.7 0.95 0.1)
(0.75 0.95 0.1)
(0.8 0.95 0.1)
(0.85 0.95 0.1)
(0.9 0.95 0.1)
(0.95 0.95 0.1)
(1 0.95 0.1)
(0.65 1 0.1)
(0.7 1 0.1)
(0.75 1 0.1)
(0.8 1 0.1)
(0.85 1 0.1)
(0.9 1 0.1)
(0.95 1 0.1)
(1 1 0.1)
(1.05 0.65 0)
(1.1 0.65 0)
(1.15 0.65 0)
(1.2 0.65 0)
(1.25 0.65 0)
(1.3 0.65 0)
(1.35 0.65 0)
(1.4 0.65 0)
(1.45 0.65 0)
(1.5 0.65 0)
(1.55 0.65 0)
(1.6 0.65 0)
(1.65 0.65 0)
(1.7 0.65 0)
(1.75 0.65 0)
(1.8 0.65 0)
(1.85 0.65 0)
(1.9 0.65 0)
(1.95 0.65 0)
(2 0.65 0)
(2.05 0.65 0)
(2.1 0.65 0)
(2.15 0.65 0)
(2.2 0.65 0)
(2.25 0.65 0)
(2.3 0.65 0)
(2.35 0.65 0)
(2.4 0.65 0)
(2.45 0.65 0)
(2.5 0.65 0)
(2.55 0.65 0)
(2.6 0.65 0)
(2.65 0.65 0)
(2.7 0.65 0)
(2.75 0.65 0)
(2.8 0.65 0)
(2.85 0.65 0)
(2.9 0.65 0)
(2.95 0.65 0)
(3 0.65 0)
(3.05 0.65 0)
(3.1 0.65 0)
(3.15 0.65 0)
(3.2 0.65 0)
(3.25 0.65 0)
(3.3 0.65 0)
(3.35 0.65 0)
(3.4 0.65 0)
(3.45 0.65 0)
(3.5 0.65 0)
(3.55 0.65 0)
(3.6 0.65 0)
(3.65 0.65 0)
(3.7 0.65 0)
(3.75 0.65 0)
(3.8 0.65 0)
(3.85 0.65 0)
(3.9 0.65 0)
(3.95 0.65 0)
(4 0.65 0)
(4.05 0.65 0)
(4.1 0.65 0)
(4.15 0.65 0)
(4.2 0.65 0)
(4.25 0.65 0)
(4.3 0.65 0)
(4.35 0.65 0)
(4.4 0.65 0)
(4.45 0.65 0)
(4.5 0.65 0)
(4.55 0.65 0)
(4.6 0.65 0)
(4.65 0.65 0)
(4.7 0.65 0)
(4.75 0.65 0)
(4.8 0.65 0)
(4.85 0.65 0)
(4.9 0.65 0)
(4.95 0.65 0)
(5 0.65 0)
(1.05 0.7 0)
(1.1 0.7 0)
(1.15 0.7 0)
(1.2 0.7 0)
(1.25 0.7 0)
(1.3 0.7 0)
(1.35 0.7 0)
(1.4 0.7 0)
(1.45 0.7 0)
(1.5 0.7 0)
(1.55 0.7 0)
(1.6 0.7 0)
(1.65 0.7 0)
(1.7 0.7 0)
(1.75 0.7 0)
(1.8 0.7 0)
(1.85 0.7 0)
(1.9 0.7 0)
(1.95 0.7 0)
(2 0.7 0)
(2.05 0.7 0)
(2.1 0.7 0)
(2.15 0.7 0)
(2.2 0.7 0)
(2.25 0.7 0)
(2.3 0.7 0)
(2.35 0.7 0)
(2.4 0.7 0)
(2.45 0.7 0)
(2.5 0.7 0)
(2.55 0.7 0)
(2.6 0.7 0)
(2.65 0.7 0)
(2.7 0.7 0)
(2.75 0.7 0)
(2.8 0.7 0)
(2.85 0.7 0)
(2.9 0.7 0)
(2.95 0.7 0)
(3 0.7 0)
(3.05 0.7 0)
(3.1 0.7 0)
(3.15 0.7 0)
(3.2 0.7 0)
(3.25 0.7 0)
(3.3 0.7 0)
(3.35 0.7 0)
(3.4 0.7 0)
(3.45 0.7 0)
(3.5 0.7 0)
(3.55 0.7 0)
(3.6 0.7 0)
(3.65 0.7 0)
(3.7 0.7 0)
(3.75 0.7 0)
(3.8 0.7 0)
(3.85 0.7 0)
(3.9 0.7 0)
(3.95 0.7 0)
(4 0.7 0)
(4.05 0.7 0)
(4.1 0.7 0)
(4.15 0.7 0)
(4.2 0.7 0)
(4.25 0.7 0)
(4.3 0.7 0)
(4.35 0.7 0)
(4.4 0.7 0)
(4.45 0.7 0)
(4.5 0.7 0)
(4.55 0.7 0)
(4.6 0.7 0)
(4.65 0.7 0)
(4.7 0.7 0)
(4.75 0.7 0)
(4.8 0.7 0)
(4.85 0.7 0)
(4.9 0.7 0)
(4.95 0.7 0)
(5 0.7 0)
(1.05 0.75 0)
(1.1 0.75 0)
(1.15 0.75 0)
(1.2 0.75 0)
(1.25 0.75 0)
(1.3 0.75 0)
(1.35 0.75 0)
(1.4 0.75 0)
(1.45 0.75 0)
(1.5 0.75 0)
(1.55 0.75 0)
(1.6 0.75 0)
(1.65 0.75 0)
(1.7 0.75 0)
(1.75 0.75 0)
(1.8 0.75 0)
(1.85 0.75 0)
(1.9 0.75 0)
(1.95 0.75 0)
(2 0.75 0)
(2.05 0.75 0)
(2.1 0.75 0)
(2.15 0.75 0)
(2.2 0.75 0)
(2.25 0.75 0)
(2.3 0.75 0)
(2.35 0.75 0)
(2.4 0.75 0)
(2.45 0.75 0)
(2.5 0.75 0)
(2.55 0.75 0)
(2.6 0.75 0)
(2.65 0.75 0)
(2.7 0.75 0)
(2.75 0.75 0)
(2.8 0.75 0)
(2.85 0.75 0)
(2.9 0.75 0)
(2.95 0.75 0)
(3 0.75 0)
(3.05 0.75 0)
(3.1 0.75 0)
(3.15 0.75 0)
(3.2 0.75 0)
(3.25 0.75 0)
(3.3 0.75 0)
(3.35 0.75 0)
(3.4 0.75 0)
(3.45 0.75 0)
(3.5 0.75 0)
(3.55 0.75 0)
(3.6 0.75 0)
(3.65 0.75 0)
(3.7 0.75 0)
(3.75 0.75 0)
(3.8 0.75 0)
(3.85 0.75 0)
(3.9 0.75 0)
(3.95 0.75 0)
(4 0.75 0)
(4.05 0.75 0)
(4.1 0.75 0)
(4.15 0.75 0)
(4.2 0.75 0)
(4.25 0.75 0)
(4.3 0.75 0)
(4.35 0.75 0)
(4.4 0.75 0)
(4.45 0.75 0)
(4.5 0.75 0)
(4.55 0.75 0)
(4.6 0.75 0)
(4.65 0.75 0)
(4.7 0.75 0)
(4.75 0.75 0)
(4.8 0.75 0)
(4.85 0.75 0)
(4.9 0.75 0)
(4.95 0.75 0)
(5 0.75 0)
(1.05 0.8 0)
(1.1 0.8 0)
(1.15 0.8 0)
(1.2 0.8 0)
(1.25 0.8 0)
(1.3 0.8 0)
(1.35 0.8 0)
(1.4 0.8 0)
(1.45 0.8 0)
(1.5 0.8 0)
(1.55 0.8 0)
(1.6 0.8 0)
(1.65 0.8 0)
(1.7 0.8 0)
(1.75 0.8 0)
(1.8 0.8 0)
(1.85 0.8 0)
(1.9 0.8 0)
(1.95 0.8 0)
(2 0.8 0)
(2.05 0.8 0)
(2.1 0.8 0)
(2.15 0.8 0)
(2.2 0.8 0)
(2.25 0.8 0)
(2.3 0.8 0)
(2.35 0.8 0)
(2.4 0.8 0)
(2.45 0.8 0)
(2.5 0.8 0)
(2.55 0.8 0)
(2.6 0.8 0)
(2.65 0.8 0)
(2.7 0.8 0)
(2.75 0.8 0)
(2.8 0.8 0)
(2.85 0.8 0)
(2.9 0.8 0)
(2.95 0.8 0)
(3 0.8 0)
(3.05 0.8 0)
(3.1 0.8 0)
(3.15 0.8 0)
(3.2 0.8 0)
(3.25 0.8 0)
(3.3 0.8 0)
(3.35 0.8 0)
(3.4 0.8 0)
(3.45 0.8 0)
(3.5 0.8 0)
(3.55 0.8 0)
(3.6 0.8 0)
(3.65 0.8 0)
(3.7 0.8 0)
(3.75 0.8 0)
(3.8 0.8 0)
(3.85 0.8 0)
(3.9 0.8 0)
(3.95 0.8 0)
(4 0.8 0)
(4.05 0.8 0)
(4.1 0.8 0)
(4.15 0.8 0)
(4.2 0.8 0)
(4.25 0.8 0)
(4.3 0.8 0)
(4.35 0.8 0)
(4.4 0.8 0)
(4.45 0.8 0)
(4.5 0.8 0)
(4.55 0.8 0)
(4.6 0.8 0)
(4.65 0.8 0)
(4.7 0.8 0)
(4.75 0.8 0)
(4.8 0.8 0)
(4.85 0.8 0)
(4.9 0.8 0)
(4.95 0.8 0)
(5 0.8 0)
(1.05 0.85 0)
(1.1 0.85 0)
(1.15 0.85 0)
(1.2 0.85 0)
(1.25 0.85 0)
(1.3 0.85 0)
(1.35 0.85 0)
(1.4 0.85 0)
(1.45 0.85 0)
(1.5 0.85 0)
(1.55 0.85 0)
(1.6 0.85 0)
(1.65 0.85 0)
(1.7 0.85 0)
(1.75 0.85 0)
(1.8 0.85 0)
(1.85 0.85 0)
(1.9 0.85 0)
(1.95 0.85 0)
(2 0.85 0)
(2.05 0.85 0)
(2.1 0.85 0)
(2.15 0.85 0)
(2.2 0.85 0)
(2.25 0.85 0)
(2.3 0.85 0)
(2.35 0.85 0)
(2.4 0.85 0)
(2.45 0.85 0)
(2.5 0.85 0)
(2.55 0.85 0)
(2.6 0.85 0)
(2.65 0.85 0)
(2.7 0.85 0)
(2.75 0.85 0)
(2.8 0.85 0)
(2.85 0.85 0)
(2.9 0.85 0)
(2.95 0.85 0)
(3 0.85 0)
(3.05 0.85 0)
(3.1 0.85 0)
(3.15 0.85 0)
(3.2 0.85 0)
(3.25 0.85 0)
(3.3 0.85 0)
(3.35 0.85 0)
(3.4 0.85 0)
(3.45 0.85 0)
(3.5 0.85 0)
(3.55 0.85 0)
(3.6 0.85 0)
(3.65 0.85 0)
(3.7 0.85 0)
(3.75 0.85 0)
(3.8 0.85 0)
(3.85 0.85 0)
(3.9 0.85 0)
(3.95 0.85 0)
(4 0.85 0)
(4.05 0.85 0)
(4.1 0.85 0)
(4.15 0.85 0)
(4.2 0.85 0)
(4.25 0.85 0)
(4.3 0.85 0)
(4.35 0.85 0)
(4.4 0.85 0)
(4.45 0.85 0)
(4.5 0.85 0)
(4.55 0.85 0)
(4.6 0.85 0)
(4.65 0.85 0)
(4.7 0.85 0)
(4.75 0.85 0)
(4.8 0.85 0)
(4.85 0.85 0)
(4.9 0.85 0)
(4.95 0.85 0)
(5 0.85 0)
(1.05 0.9 0)
(1.1 0.9 0)
(1.15 0.9 0)
(1.2 0.9 0)
(1.25 0.9 0)
(1.3 0.9 0)
(1.35 0.9 0)
(1.4 0.9 0)
(1.45 0.9 0)
(1.5 0.9 0)
(1.55 0.9 0)
(1.6 0.9 0)
(1.65 0.9 0)
(1.7 0.9 0)
(1.75 0.9 0)
(1.8 0.9 0)
(1.85 0.9 0)
(1.9 0.9 0)
(1.95 0.9 0)
(2 0.9 0)
(2.05 0.9 0)
(2.1 0.9 0)
(2.15 0.9 0)
(2.2 0.9 0)
(2.25 0.9 0)
(2.3 0.9 0)
(2.35 0.9 0)
(2.4 0.9 0)
(2.45 0.9 0)
(2.5 0.9 0)
(2.55 0.9 0)
(2.6 0.9 0)
(2.65 0.9 0)
(2.7 0.9 0)
(2.75 0.9 0)
(2.8 0.9 0)
(2.85 0.9 0)
(2.9 0.9 0)
(2.95 0.9 0)
(3 0.9 0)
(3.05 0.9 0)
(3.1 0.9 0)
(3.15 0.9 0)
(3.2 0.9 0)
(3.25 0.9 0)
(3.3 0.9 0)
(3.35 0.9 0)
(3.4 0.9 0)
(3.45 0.9 0)
(3.5 0.9 0)
(3.55 0.9 0)
(3.6 0.9 0)
(3.65 0.9 0)
(3.7 0.9 0)
(3.75 0.9 0)
(3.8 0.9 0)
(3.85 0.9 0)
(3.9 0.9 0)
(3.95 0.9 0)
(4 0.9 0)
(4.05 0.9 0)
(4.1 0.9 0)
(4.15 0.9 0)
(4.2 0.9 0)
(4.25 0.9 0)
(4.3 0.9 0)
(4.35 0.9 0)
(4.4 0.9 0)
(4.45 0.9 0)
(4.5 0.9 0)
(4.55 0.9 0)
(4.6 0.9 0)
(4.65 0.9 0)
(4.7 0.9 0)
(4.75 0.9 0)
(4.8 0.9 0)
(4.85 0.9 0)
(4.9 0.9 0)
(4.95 0.9 0)
(5 0.9 0)
(1.05 0.95 0)
(1.1 0.95 0)
(1.15 0.95 0)
(1.2 0.95 0)
(1.25 0.95 0)
(1.3 0.95 0)
(1.35 0.95 0)
(1.4 0.95 0)
(1.45 0.95 0)
(1.5 0.95 0)
(1.55 0.95 0)
(1.6 0.95 0)
(1.65 0.95 0)
(1.7 0.95 0)
(1.75 0.95 0)
(1.8 0.95 0)
(1.85 0.95 0)
(1.9 0.95 0)
(1.95 0.95 0)
(2 0.95 0)
(2.05 0.95 0)
(2.1 0.95 0)
(2.15 0.95 0)
(2.2 0.95 0)
(2.25 0.95 0)
(2.3 0.95 0)
(2.35 0.95 0)
(2.4 0.95 0)
(2.45 0.95 0)
(2.5 0.95 0)
(2.55 0.95 0)
(2.6 0.95 0)
(2.65 0.95 0)
(2.7 0.95 0)
(2.75 0.95 0)
(2.8 0.95 0)
(2.85 0.95 0)
(2.9 0.95 0)
(2.95 0.95 0)
(3 0.95 0)
(3.05 0.95 0)
(3.1 0.95 0)
(3.15 0.95 0)
(3.2 0.95 0)
(3.25 0.95 0)
(3.3 0.95 0)
(3.35 0.95 0)
(3.4 0.95 0)
(3.45 0.95 0)
(3.5 0.95 0)
(3.55 0.95 0)
(3.6 0.95 0)
(3.65 0.95 0)
(3.7 0.95 0)
(3.75 0.95 0)
(3.8 0.95 0)
(3.85 0.95 0)
(3.9 0.95 0)
(3.95 0.95 0)
(4 0.95 0)
(4.05 0.95 0)
(4.1 0.95 0)
(4.15 0.95 0)
(4.2 0.95 0)
(4.25 0.95 0)
(4.3 0.95 0)
(4.35 0.95 0)
(4.4 0.95 0)
(4.45 0.95 0)
(4.5 0.95 0)
(4.55 0.95 0)
(4.6 0.95 0)
(4.65 0.95 0)
(4.7 0.95 0)
(4.75 0.95 0)
(4.8 0.95 0)
(4.85 0.95 0)
(4.9 0.95 0)
(4.95 0.95 0)
(5 0.95 0)
(1.05 1 0)
(1.1 1 0)
(1.15 1 0)
(1.2 1 0)
(1.25 1 0)
(1.3 1 0)
(1.35 1 0)
(1.4 1 0)
(1.45 1 0)
(1.5 1 0)
(1.55 1 0)
(1.6 1 0)
(1.65 1 0)
(1.7 1 0)
(1.75 1 0)
(1.8 1 0)
(1.85 1 0)
(1.9 1 0)
(1.95 1 0)
(2 1 0)
(2.05 1 0)
(2.1 1 0)
(2.15 1 0)
(2.2 1 0)
(2.25 1 0)
(2.3 1 0)
(2.35 1 0)
(2.4 1 0)
(2.45 1 0)
(2.5 1 0)
(2.55 1 0)
(2.6 1 0)
(2.65 1 0)
(2.7 1 0)
(2.75 1 0)
(2.8 1 0)
(2.85 1 0)
(2.9 1 0)
(2.95 1 0)
(3 1 0)
(3.05 1 0)
(3.1 1 0)
(3.15 1 0)
(3.2 1 0)
(3.25 1 0)
(3.3 1 0)
(3.35 1 0)
(3.4 1 0)
(3.45 1 0)
(3.5 1 0)
(3.55 1 0)
(3.6 1 0)
(3.65 1 0)
(3.7 1 0)
(3.75 1 0)
(3.8 1 0)
(3.85 1 0)
(3.9 1 0)
(3.95 1 0)
(4 1 0)
(4.05 1 0)
(4.1 1 0)
(4.15 1 0)
(4.2 1 0)
(4.25 1 0)
(4.3 1 0)
(4.35 1 0)
(4.4 1 0)
(4.45 1 0)
(4.5 1 0)
(4.55 1 0)
(4.6 1 0)
(4.65 1 0)
(4.7 1 0)
(4.75 1 0)
(4.8 1 0)
(4.85 1 0)
(4.9 1 0)
(4.95 1 0)
(5 1 0)
(1.05 0.65 0.1)
(1.1 0.65 0.1)
(1.15 0.65 0.1)
(1.2 0.65 0.1)
(1.25 0.65 0.1)
(1.3 0.65 0.1)
(1.35 0.65 0.1)
(1.4 0.65 0.1)
(1.45 0.65 0.1)
(1.5 0.65 0.1)
(1.55 0.65 0.1)
(1.6 0.65 0.1)
(1.65 0.65 0.1)
(1.7 0.65 0.1)
(1.75 0.65 0.1)
(1.8 0.65 0.1)
(1.85 0.65 0.1)
(1.9 0.65 0.1)
(1.95 0.65 0.1)
(2 0.65 0.1)
(2.05 0.65 0.1)
(2.1 0.65 0.1)
(2.15 0.65 0.1)
(2.2 0.65 0.1)
(2.25 0.65 0.1)
(2.3 0.65 0.1)
(2.35 0.65 0.1)
(2.4 0.65 0.1)
(2.45 0.65 0.1)
(2.5 0.65 0.1)
(2.55 0.65 0.1)
(2.6 0.65 0.1)
(2.65 0.65 0.1)
(2.7 0.65 0.1)
(2.75 0.65 0.1)
(2.8 0.65 0.1)
(2.85 0.65 0.1)
(2.9 0.65 0.1)
(2.95 0.65 0.1)
(3 0.65 0.1)
(3.05 0.65 0.1)
(3.1 0.65 0.1)
(3.15 0.65 0.1)
(3.2 0.65 0.1)
(3.25 0.65 0.1)
(3.3 0.65 0.1)
(3.35 0.65 0.1)
(3.4 0.65 0.1)
(3.45 0.65 0.1)
(3.5 0.65 0.1)
(3.55 0.65 0.1)
(3.6 0.65 0.1)
(3.65 0.65 0.1)
(3.7 0.65 0.1)
(3.75 0.65 0.1)
(3.8 0.65 0.1)
(3.85 0.65 0.1)
(3.9 0.65 0.1)
(3.95 0.65 0.1)
(4 0.65 0.1)
(4.05 0.65 0.1)
(4.1 0.65 0.1)
(4.15 0.65 0.1)
(4.2 0.65 0.1)
(4.25 0.65 0.1)
(4.3 0.65 0.1)
(4.35 0.65 0.1)
(4.4 0.65 0.1)
(4.45 0.65 0.1)
(4.5 0.65 0.1)
(4.55 0.65 0.1)
(4.6 0.65 0.1)
(4.65 0.65 0.1)
(4.7 0.65 0.1)
(4.75 0.65 0.1)
(4.8 0.65 0.1)
(4.85 0.65 0.1)
(4.9 0.65 0.1)
(4.95 0.65 0.1)
(5 0.65 0.1)
(1.05 0.7 0.1)
(1.1 0.7 0.1)
(1.15 0.7 0.1)
(1.2 0.7 0.1)
(1.25 0.7 0.1)
(1.3 0.7 0.1)
(1.35 0.7 0.1)
(1.4 0.7 0.1)
(1.45 0.7 0.1)
(1.5 0.7 0.1)
(1.55 0.7 0.1)
(1.6 0.7 0.1)
(1.65 0.7 0.1)
(1.7 0.7 0.1)
(1.75 0.7 0.1)
(1.8 0.7 0.1)
(1.85 0.7 0.1)
(1.9 0.7 0.1)
(1.95 0.7 0.1)
(2 0.7 0.1)
(2.05 0.7 0.1)
(2.1 0.7 0.1)
(2.15 0.7 0.1)
(2.2 0.7 0.1)
(2.25 0.7 0.1)
(2.3 0.7 0.1)
(2.35 0.7 0.1)
(2.4 0.7 0.1)
(2.45 0.7 0.1)
(2.5 0.7 0.1)
(2.55 0.7 0.1)
(2.6 0.7 0.1)
(2.65 0.7 0.1)
(2.7 0.7 0.1)
(2.75 0.7 0.1)
(2.8 0.7 0.1)
(2.85 0.7 0.1)
(2.9 0.7 0.1)
(2.95 0.7 0.1)
(3 0.7 0.1)
(3.05 0.7 0.1)
(3.1 0.7 0.1)
(3.15 0.7 0.1)
(3.2 0.7 0.1)
(3.25 0.7 0.1)
(3.3 0.7 0.1)
(3.35 0.7 0.1)
(3.4 0.7 0.1)
(3.45 0.7 0.1)
(3.5 0.7 0.1)
(3.55 0.7 0.1)
(3.6 0.7 0.1)
(3.65 0.7 0.1)
(3.7 0.7 0.1)
(3.75 0.7 0.1)
(3.8 0.7 0.1)
(3.85 0.7 0.1)
(3.9 0.7 0.1)
(3.95 0.7 0.1)
(4 0.7 0.1)
(4.05 0.7 0.1)
(4.1 0.7 0.1)
(4.15 0.7 0.1)
(4.2 0.7 0.1)
(4.25 0.7 0.1)
(4.3 0.7 0.1)
(4.35 0.7 0.1)
(4.4 0.7 0.1)
(4.45 0.7 0.1)
(4.5 0.7 0.1)
(4.55 0.7 0.1)
(4.6 0.7 0.1)
(4.65 0.7 0.1)
(4.7 0.7 0.1)
(4.75 0.7 0.1)
(4.8 0.7 0.1)
(4.85 0.7 0.1)
(4.9 0.7 0.1)
(4.95 0.7 0.1)
(5 0.7 0.1)
(1.05 0.75 0.1)
(1.1 0.75 0.1)
(1.15 0.75 0.1)
(1.2 0.75 0.1)
(1.25 0.75 0.1)
(1.3 0.75 0.1)
(1.35 0.75 0.1)
(1.4 0.75 0.1)
(1.45 0.75 0.1)
(1.5 0.75 0.1)
(1.55 0.75 0.1)
(1.6 0.75 0.1)
(1.65 0.75 0.1)
(1.7 0.75 0.1)
(1.75 0.75 0.1)
(1.8 0.75 0.1)
(1.85 0.75 0.1)
(1.9 0.75 0.1)
(1.95 0.75 0.1)
(2 0.75 0.1)
(2.05 0.75 0.1)
(2.1 0.75 0.1)
(2.15 0.75 0.1)
(2.2 0.75 0.1)
(2.25 0.75 0.1)
(2.3 0.75 0.1)
(2.35 0.75 0.1)
(2.4 0.75 0.1)
(2.45 0.75 0.1)
(2.5 0.75 0.1)
(2.55 0.75 0.1)
(2.6 0.75 0.1)
(2.65 0.75 0.1)
(2.7 0.75 0.1)
(2.75 0.75 0.1)
(2.8 0.75 0.1)
(2.85 0.75 0.1)
(2.9 0.75 0.1)
(2.95 0.75 0.1)
(3 0.75 0.1)
(3.05 0.75 0.1)
(3.1 0.75 0.1)
(3.15 0.75 0.1)
(3.2 0.75 0.1)
(3.25 0.75 0.1)
(3.3 0.75 0.1)
(3.35 0.75 0.1)
(3.4 0.75 0.1)
(3.45 0.75 0.1)
(3.5 0.75 0.1)
(3.55 0.75 0.1)
(3.6 0.75 0.1)
(3.65 0.75 0.1)
(3.7 0.75 0.1)
(3.75 0.75 0.1)
(3.8 0.75 0.1)
(3.85 0.75 0.1)
(3.9 0.75 0.1)
(3.95 0.75 0.1)
(4 0.75 0.1)
(4.05 0.75 0.1)
(4.1 0.75 0.1)
(4.15 0.75 0.1)
(4.2 0.75 0.1)
(4.25 0.75 0.1)
(4.3 0.75 0.1)
(4.35 0.75 0.1)
(4.4 0.75 0.1)
(4.45 0.75 0.1)
(4.5 0.75 0.1)
(4.55 0.75 0.1)
(4.6 0.75 0.1)
(4.65 0.75 0.1)
(4.7 0.75 0.1)
(4.75 0.75 0.1)
(4.8 0.75 0.1)
(4.85 0.75 0.1)
(4.9 0.75 0.1)
(4.95 0.75 0.1)
(5 0.75 0.1)
(1.05 0.8 0.1)
(1.1 0.8 0.1)
(1.15 0.8 0.1)
(1.2 0.8 0.1)
(1.25 0.8 0.1)
(1.3 0.8 0.1)
(1.35 0.8 0.1)
(1.4 0.8 0.1)
(1.45 0.8 0.1)
(1.5 0.8 0.1)
(1.55 0.8 0.1)
(1.6 0.8 0.1)
(1.65 0.8 0.1)
(1.7 0.8 0.1)
(1.75 0.8 0.1)
(1.8 0.8 0.1)
(1.85 0.8 0.1)
(1.9 0.8 0.1)
(1.95 0.8 0.1)
(2 0.8 0.1)
(2.05 0.8 0.1)
(2.1 0.8 0.1)
(2.15 0.8 0.1)
(2.2 0.8 0.1)
(2.25 0.8 0.1)
(2.3 0.8 0.1)
(2.35 0.8 0.1)
(2.4 0.8 0.1)
(2.45 0.8 0.1)
(2.5 0.8 0.1)
(2.55 0.8 0.1)
(2.6 0.8 0.1)
(2.65 0.8 0.1)
(2.7 0.8 0.1)
(2.75 0.8 0.1)
(2.8 0.8 0.1)
(2.85 0.8 0.1)
(2.9 0.8 0.1)
(2.95 0.8 0.1)
(3 0.8 0.1)
(3.05 0.8 0.1)
(3.1 0.8 0.1)
(3.15 0.8 0.1)
(3.2 0.8 0.1)
(3.25 0.8 0.1)
(3.3 0.8 0.1)
(3.35 0.8 0.1)
(3.4 0.8 0.1)
(3.45 0.8 0.1)
(3.5 0.8 0.1)
(3.55 0.8 0.1)
(3.6 0.8 0.1)
(3.65 0.8 0.1)
(3.7 0.8 0.1)
(3.75 0.8 0.1)
(3.8 0.8 0.1)
(3.85 0.8 0.1)
(3.9 0.8 0.1)
(3.95 0.8 0.1)
(4 0.8 0.1)
(4.05 0.8 0.1)
(4.1 0.8 0.1)
(4.15 0.8 0.1)
(4.2 0.8 0.1)
(4.25 0.8 0.1)
(4.3 0.8 0.1)
(4.35 0.8 0.1)
(4.4 0.8 0.1)
(4.45 0.8 0.1)
(4.5 0.8 0.1)
(4.55 0.8 0.1)
(4.6 0.8 0.1)
(4.65 0.8 0.1)
(4.7 0.8 0.1)
(4.75 0.8 0.1)
(4.8 0.8 0.1)
(4.85 0.8 0.1)
(4.9 0.8 0.1)
(4.95 0.8 0.1)
(5 0.8 0.1)
(1.05 0.85 0.1)
(1.1 0.85 0.1)
(1.15 0.85 0.1)
(1.2 0.85 0.1)
(1.25 0.85 0.1)
(1.3 0.85 0.1)
(1.35 0.85 0.1)
(1.4 0.85 0.1)
(1.45 0.85 0.1)
(1.5 0.85 0.1)
(1.55 0.85 0.1)
(1.6 0.85 0.1)
(1.65 0.85 0.1)
(1.7 0.85 0.1)
(1.75 0.85 0.1)
(1.8 0.85 0.1)
(1.85 0.85 0.1)
(1.9 0.85 0.1)
(1.95 0.85 0.1)
(2 0.85 0.1)
(2.05 0.85 0.1)
(2.1 0.85 0.1)
(2.15 0.85 0.1)
(2.2 0.85 0.1)
(2.25 0.85 0.1)
(2.3 0.85 0.1)
(2.35 0.85 0.1)
(2.4 0.85 0.1)
(2.45 0.85 0.1)
(2.5 0.85 0.1)
(2.55 0.85 0.1)
(2.6 0.85 0.1)
(2.65 0.85 0.1)
(2.7 0.85 0.1)
(2.75 0.85 0.1)
(2.8 0.85 0.1)
(2.85 0.85 0.1)
(2.9 0.85 0.1)
(2.95 0.85 0.1)
(3 0.85 0.1)
(3.05 0.85 0.1)
(3.1 0.85 0.1)
(3.15 0.85 0.1)
(3.2 0.85 0.1)
(3.25 0.85 0.1)
(3.3 0.85 0.1)
(3.35 0.85 0.1)
(3.4 0.85 0.1)
(3.45 0.85 0.1)
(3.5 0.85 0.1)
(3.55 0.85 0.1)
(3.6 0.85 0.1)
(3.65 0.85 0.1)
(3.7 0.85 0.1)
(3.75 0.85 0.1)
(3.8 0.85 0.1)
(3.85 0.85 0.1)
(3.9 0.85 0.1)
(3.95 0.85 0.1)
(4 0.85 0.1)
(4.05 0.85 0.1)
(4.1 0.85 0.1)
(4.15 0.85 0.1)
(4.2 0.85 0.1)
(4.25 0.85 0.1)
(4.3 0.85 0.1)
(4.35 0.85 0.1)
(4.4 0.85 0.1)
(4.45 0.85 0.1)
(4.5 0.85 0.1)
(4.55 0.85 0.1)
(4.6 0.85 0.1)
(4.65 0.85 0.1)
(4.7 0.85 0.1)
(4.75 0.85 0.1)
(4.8 0.85 0.1)
(4.85 0.85 0.1)
(4.9 0.85 0.1)
(4.95 0.85 0.1)
(5 0.85 0.1)
(1.05 0.9 0.1)
(1.1 0.9 0.1)
(1.15 0.9 0.1)
(1.2 0.9 0.1)
(1.25 0.9 0.1)
(1.3 0.9 0.1)
(1.35 0.9 0.1)
(1.4 0.9 0.1)
(1.45 0.9 0.1)
(1.5 0.9 0.1)
(1.55 0.9 0.1)
(1.6 0.9 0.1)
(1.65 0.9 0.1)
(1.7 0.9 0.1)
(1.75 0.9 0.1)
(1.8 0.9 0.1)
(1.85 0.9 0.1)
(1.9 0.9 0.1)
(1.95 0.9 0.1)
(2 0.9 0.1)
(2.05 0.9 0.1)
(2.1 0.9 0.1)
(2.15 0.9 0.1)
(2.2 0.9 0.1)
(2.25 0.9 0.1)
(2.3 0.9 0.1)
(2.35 0.9 0.1)
(2.4 0.9 0.1)
(2.45 0.9 0.1)
(2.5 0.9 0.1)
(2.55 0.9 0.1)
(2.6 0.9 0.1)
(2.65 0.9 0.1)
(2.7 0.9 0.1)
(2.75 0.9 0.1)
(2.8 0.9 0.1)
(2.85 0.9 0.1)
(2.9 0.9 0.1)
(2.95 0.9 0.1)
(3 0.9 0.1)
(3.05 0.9 0.1)
(3.1 0.9 0.1)
(3.15 0.9 0.1)
(3.2 0.9 0.1)
(3.25 0.9 0.1)
(3.3 0.9 0.1)
(3.35 0.9 0.1)
(3.4 0.9 0.1)
(3.45 0.9 0.1)
(3.5 0.9 0.1)
(3.55 0.9 0.1)
(3.6 0.9 0.1)
(3.65 0.9 0.1)
(3.7 0.9 0.1)
(3.75 0.9 0.1)
(3.8 0.9 0.1)
(3.85 0.9 0.1)
(3.9 0.9 0.1)
(3.95 0.9 0.1)
(4 0.9 0.1)
(4.05 0.9 0.1)
(4.1 0.9 0.1)
(4.15 0.9 0.1)
(4.2 0.9 0.1)
(4.25 0.9 0.1)
(4.3 0.9 0.1)
(4.35 0.9 0.1)
(4.4 0.9 0.1)
(4.45 0.9 0.1)
(4.5 0.9 0.1)
(4.55 0.9 0.1)
(4.6 0.9 0.1)
(4.65 0.9 0.1)
(4.7 0.9 0.1)
(4.75 0.9 0.1)
(4.8 0.9 0.1)
(4.85 0.9 0.1)
(4.9 0.9 0.1)
(4.95 0.9 0.1)
(5 0.9 0.1)
(1.05 0.95 0.1)
(1.1 0.95 0.1)
(1.15 0.95 0.1)
(1.2 0.95 0.1)
(1.25 0.95 0.1)
(1.3 0.95 0.1)
(1.35 0.95 0.1)
(1.4 0.95 0.1)
(1.45 0.95 0.1)
(1.5 0.95 0.1)
(1.55 0.95 0.1)
(1.6 0.95 0.1)
(1.65 0.95 0.1)
(1.7 0.95 0.1)
(1.75 0.95 0.1)
(1.8 0.95 0.1)
(1.85 0.95 0.1)
(1.9 0.95 0.1)
(1.95 0.95 0.1)
(2 0.95 0.1)
(2.05 0.95 0.1)
(2.1 0.95 0.1)
(2.15 0.95 0.1)
(2.2 0.95 0.1)
(2.25 0.95 0.1)
(2.3 0.95 0.1)
(2.35 0.95 0.1)
(2.4 0.95 0.1)
(2.45 0.95 0.1)
(2.5 0.95 0.1)
(2.55 0.95 0.1)
(2.6 0.95 0.1)
(2.65 0.95 0.1)
(2.7 0.95 0.1)
(2.75 0.95 0.1)
(2.8 0.95 0.1)
(2.85 0.95 0.1)
(2.9 0.95 0.1)
(2.95 0.95 0.1)
(3 0.95 0.1)
(3.05 0.95 0.1)
(3.1 0.95 0.1)
(3.15 0.95 0.1)
(3.2 0.95 0.1)
(3.25 0.95 0.1)
(3.3 0.95 0.1)
(3.35 0.95 0.1)
(3.4 0.95 0.1)
(3.45 0.95 0.1)
(3.5 0.95 0.1)
(3.55 0.95 0.1)
(3.6 0.95 0.1)
(3.65 0.95 0.1)
(3.7 0.95 0.1)
(3.75 0.95 0.1)
(3.8 0.95 0.1)
(3.85 0.95 0.1)
(3.9 0.95 0.1)
(3.95 0.95 0.1)
(4 0.95 0.1)
(4.05 0.95 0.1)
(4.1 0.95 0.1)
(4.15 0.95 0.1)
(4.2 0.95 0.1)
(4.25 0.95 0.1)
(4.3 0.95 0.1)
(4.35 0.95 0.1)
(4.4 0.95 0.1)
(4.45 0.95 0.1)
(4.5 0.95 0.1)
(4.55 0.95 0.1)
(4.6 0.95 0.1)
(4.65 0.95 0.1)
(4.7 0.95 0.1)
(4.75 0.95 0.1)
(4.8 0.95 0.1)
(4.85 0.95 0.1)
(4.9 0.95 0.1)
(4.95 0.95 0.1)
(5 0.95 0.1)
(1.05 1 0.1)
(1.1 1 0.1)
(1.15 1 0.1)
(1.2 1 0.1)
(1.25 1 0.1)
(1.3 1 0.1)
(1.35 1 0.1)
(1.4 1 0.1)
(1.45 1 0.1)
(1.5 1 0.1)
(1.55 1 0.1)
(1.6 1 0.1)
(1.65 1 0.1)
(1.7 1 0.1)
(1.75 1 0.1)
(1.8 1 0.1)
(1.85 1 0.1)
(1.9 1 0.1)
(1.95 1 0.1)
(2 1 0.1)
(2.05 1 0.1)
(2.1 1 0.1)
(2.15 1 0.1)
(2.2 1 0.1)
(2.25 1 0.1)
(2.3 1 0.1)
(2.35 1 0.1)
(2.4 1 0.1)
(2.45 1 0.1)
(2.5 1 0.1)
(2.55 1 0.1)
(2.6 1 0.1)
(2.65 1 0.1)
(2.7 1 0.1)
(2.75 1 0.1)
(2.8 1 0.1)
(2.85 1 0.1)
(2.9 1 0.1)
(2.95 1 0.1)
(3 1 0.1)
(3.05 1 0.1)
(3.1 1 0.1)
(3.15 1 0.1)
(3.2 1 0.1)
(3.25 1 0.1)
(3.3 1 0.1)
(3.35 1 0.1)
(3.4 1 0.1)
(3.45 1 0.1)
(3.5 1 0.1)
(3.55 1 0.1)
(3.6 1 0.1)
(3.65 1 0.1)
(3.7 1 0.1)
(3.75 1 0.1)
(3.8 1 0.1)
(3.85 1 0.1)
(3.9 1 0.1)
(3.95 1 0.1)
(4 1 0.1)
(4.05 1 0.1)
(4.1 1 0.1)
(4.15 1 0.1)
(4.2 1 0.1)
(4.25 1 0.1)
(4.3 1 0.1)
(4.35 1 0.1)
(4.4 1 0.1)
(4.45 1 0.1)
(4.5 1 0.1)
(4.55 1 0.1)
(4.6 1 0.1)
(4.65 1 0.1)
(4.7 1 0.1)
(4.75 1 0.1)
(4.8 1 0.1)
(4.85 1 0.1)
(4.9 1 0.1)
(4.95 1 0.1)
(5 1 0.1)
)


// ************************************************************************* //
