/*--------------------------------*- C++ -*----------------------------------*\
  =========                 |
  \\      /  F ield         | OpenFOAM: The Open Source CFD Toolbox
   \\    /   O peration     | Website:  https://openfoam.org
    \\  /    A nd           | Version:  10
     \\/     M anipulation  |
\*---------------------------------------------------------------------------*/
FoamFile
{
    format      ascii;
    class       volScalarField;
    location    "0.575";
    object      p;
}
// * * * * * * * * * * * * * * * * * * * * * * * * * * * * * * * * * * * * * //

dimensions      [0 2 -2 0 0 0 0];

internalField   nonuniform List<scalar> 
8000
(
-1.23135e-09
6.85309e-05
0.000230248
0.000477574
0.000804217
0.00120192
0.00166066
0.00216895
0.00271412
0.00328258
0.00386017
0.00443236
0.00498462
0.00550269
0.00597294
0.00638275
0.00672088
0.00697791
0.00714653
0.00721849
-6.73919e-05
2.33512e-06
0.000167128
0.000419059
0.000751742
0.00115676
0.0016239
0.00214147
0.00269659
0.00327548
0.00386375
0.00444664
0.00500939
0.00553748
0.00601702
0.00643509
0.00678017
0.00704258
0.00721483
0.00728827
-0.000232544
-0.000159762
1.25409e-05
0.000275896
0.000623545
0.00104663
0.00153444
0.00207478
0.00265427
0.0032586
0.00387288
0.00448182
0.00507009
0.00562256
0.0061247
0.00656291
0.00692495
0.0072005
0.00738149
0.0074586
-0.000495144
-0.000417312
-0.000232986
4.86194e-05
0.000420134
0.000871965
0.00139261
0.00196907
0.00258714
0.00323174
0.00388717
0.00453735
0.00516605
0.00575724
0.00629533
0.00676564
0.0071548
0.00745139
0.00764644
0.00772961
-0.000862254
-0.000777237
-0.00057593
-0.000268623
0.0001364
0.000628469
0.00119494
0.00182168
0.00249337
0.00319389
0.00390647
0.00461396
0.00529899
0.00594426
0.00653276
0.00704826
0.00747577
0.00780227
0.00801736
0.00810925
-0.00134373
-0.00124911
-0.00102521
-0.000683853
-0.000234618
0.000310316
0.000936755
0.00162905
0.0023705
0.00314365
0.00393048
0.00471254
0.00547108
0.0061872
0.00684212
0.00741752
0.00789618
0.00826281
0.00850493
0.00860869
-0.00195262
-0.00184554
-0.00159252
-0.00120747
-0.000701836
-8.98768e-05
0.000612162
0.00138672
0.0022154
0.0030792
0.0039587
0.00483401
0.00568482
0.00649041
0.00722976
0.00788195
0.00842676
0.00884573
0.0091234
0.00924289
-0.00270582
-0.00258277
-0.00229271
-0.00185251
-0.00127628
-0.000581097
0.000214093
0.00108936
0.0020243
0.00299825
0.00399031
0.00497916
0.00594287
0.00685873
0.00770314
0.00845193
0.00908094
0.00956732
0.00989126
0.0100315
-0.00362488
-0.00348135
-0.00314434
-0.00263497
-0.00197115
-0.00117387
-0.000265582
0.000730887
0.00179287
0.00289799
0.00402401
0.00514837
0.00624767
0.00729719
0.00827052
0.00913955
0.00987502
0.010448
0.0108323
0.0110001
-0.00473734
-0.00456722
-0.00417035
-0.00357406
-0.00280184
-0.00188007
-0.000835767
0.000304747
0.00151637
0.00277517
0.0040579
0.00534128
0.00660091
0.00781037
0.00894037
0.00995825
0.0108282
0.011513
0.0119769
0.012182
-0.00607867
-0.00587315
-0.00539891
-0.00469252
-0.00378574
-0.00271246
-0.0015056
-0.000195582
0.00119003
0.00262615
0.00408924
0.00555624
0.00700271
0.00840136
0.00972034
0.0109221
0.0119627
0.0127933
0.0133641
0.0136213
-0.00769538
-0.00744099
-0.00686466
-0.00601683
-0.00494178
-0.00368385
-0.00228345
-0.000775688
0.000809633
0.00244715
0.00411434
0.00578974
0.00745054
0.00907017
0.0106155
0.012044
0.0133024
0.0143263
0.0150444
0.0153777
-0.00965019
-0.00932516
-0.00861022
-0.00757706
-0.00628931
-0.00480543
-0.00317525
-0.0014389
0.000372489
0.00223478
0.00412839
0.00603565
0.00793786
0.00981172
0.0116253
0.0133331
0.0148716
0.0161564
0.0170835
0.0175343
-0.0120318
-0.0115975
-0.010688
-0.009406
-0.00784568
-0.0060841
-0.0041823
-0.00218448
-0.000121296
0.00198668
0.00412549
0.00628432
0.00845202
0.0106126
0.0127397
0.0147891
0.0166895
0.0183337
0.0195641
0.0202161
-0.0149739
-0.0143488
-0.0131614
-0.0115361
-0.00962192
-0.00751854
-0.0052975
-0.00300461
-0.00066669
0.0017028
0.00409904
0.00652182
0.00897216
0.011447
0.0139326
0.0163941
0.0187606
0.0209092
0.022587
0.0236222
-0.0187625
-0.0177104
-0.0161061
-0.0139924
-0.0116158
-0.00909213
-0.00649985
-0.00388041
-0.00125095
0.00138709
0.00404245
0.00672955
0.00946713
0.012272
0.0151528
0.0180987
0.021056
0.0239146
0.0262578
0.0280946
-0.023268
-0.0217231
-0.0195783
-0.0167756
-0.0137967
-0.010762
-0.0077469
-0.00477695
-0.00185081
0.00104948
0.0039511
0.00688544
0.00989464
0.0130225
0.0163131
0.0197991
0.0234746
0.0273329
0.0305884
0.0340032
-0.0317321
-0.0270531
-0.0238525
-0.0199065
-0.0160977
-0.0124428
-0.00896241
-0.00563652
-0.00242777
0.000709864
0.00382953
0.00696693
0.0102056
0.013617
0.0172947
0.021368
0.0259722
0.0314639
0.0363503
0.0436609
-0.0378
-0.0326385
-0.0282561
-0.0230677
-0.018342
-0.0140151
-0.0100624
-0.00640086
-0.00294668
0.000378205
0.00364547
0.00694882
0.0103451
0.0139386
0.0178467
0.0222269
0.0271155
0.0339527
0.0384798
0.0517572
-0.0676393
-0.038392
-0.0326819
-0.0254317
-0.0196331
-0.0148487
-0.0106249
-0.00678525
-0.00320858
0.00020711
0.00355171
0.00691398
0.0103889
0.0141063
0.0182752
0.023339
0.0296988
0.0402974
0.0509293
0.0888998
1.32496e-07
6.75323e-05
0.000229069
0.000476383
0.000803111
0.00120096
0.00165989
0.00216839
0.00271378
0.00328249
0.00386034
0.00443279
0.0049853
0.00550361
0.00597408
0.00638408
0.00672233
0.00697937
0.00714782
0.00721865
-6.60788e-05
2.46833e-06
0.000167025
0.000418857
0.000751515
0.00115655
0.00162372
0.00214134
0.00269653
0.00327549
0.00386383
0.00444681
0.00500965
0.00553782
0.00601744
0.00643556
0.00678066
0.007043
0.00721503
0.00728727
-0.000230882
-0.000159353
1.26954e-05
0.000275926
0.000623525
0.00104659
0.00153441
0.00207476
0.00265427
0.00325864
0.00387296
0.00448195
0.00507026
0.0056228
0.00612498
0.00656322
0.00692526
0.00720071
0.00738147
0.0074573
-0.000493208
-0.000416725
-0.000232674
4.8791e-05
0.00042024
0.00087204
0.00139267
0.00196912
0.0025872
0.00323182
0.00388727
0.00453747
0.00516621
0.00575744
0.00629557
0.00676589
0.00715503
0.00745152
0.00764631
0.0077281
-0.000860039
-0.000776499
-0.000575494
-0.000268344
0.000136601
0.000628629
0.00119508
0.0018218
0.00249349
0.003194
0.0039066
0.0046141
0.00529917
0.00594446
0.00653299
0.00704851
0.007476
0.00780239
0.00801718
0.00810756
-0.00134118
-0.00124821
-0.00102465
-0.000683461
-0.000234316
0.000310567
0.000936971
0.00162924
0.00237068
0.00314382
0.00393065
0.00471272
0.00547128
0.00618744
0.00684238
0.0074178
0.00789645
0.00826295
0.00850475
0.00860681
-0.00194965
-0.00184443
-0.00159179
-0.00120693
-0.00070141
-8.95145e-05
0.000612478
0.001387
0.00221565
0.00307944
0.00395893
0.00483424
0.00568507
0.00649069
0.00723008
0.0078823
0.0084271
0.00884593
0.00912323
0.0092408
-0.00270229
-0.00258139
-0.00229176
-0.00185179
-0.00127569
-0.000580587
0.00021454
0.00108976
0.00202465
0.00299856
0.0039906
0.00497945
0.00594318
0.00685907
0.00770353
0.00845236
0.00908138
0.00956762
0.00989116
0.0100292
-0.00362062
-0.00347959
-0.00314307
-0.00263398
-0.00197033
-0.00117316
-0.000264963
0.000731426
0.00179334
0.00289841
0.00402438
0.00514873
0.00624804
0.0072976
0.00827099
0.00914009
0.00987559
0.0104484
0.0108323
0.0109975
-0.00473208
-0.00456489
-0.00416862
-0.00357269
-0.0028007
-0.00187909
-0.000834925
0.000305468
0.00151699
0.0027757
0.00405836
0.00534171
0.00660135
0.00781085
0.00894094
0.00995894
0.010829
0.0115137
0.0119771
0.0121792
-0.00607199
-0.00586997
-0.00539651
-0.00469061
-0.00378415
-0.00271112
-0.00150448
-0.000194648
0.0011908
0.00262679
0.00408979
0.00555672
0.00700318
0.00840188
0.00972098
0.0109229
0.0119637
0.0127943
0.0133647
0.0136184
-0.00768663
-0.00743647
-0.00686121
-0.00601412
-0.00493958
-0.00368206
-0.002282
-0.000774529
0.000810555
0.00244788
0.00411494
0.00579024
0.00745102
0.00907069
0.0106161
0.0120449
0.0133037
0.0143278
0.0150455
0.0153749
-0.00963819
-0.00931837
-0.00860517
-0.0075732
-0.00628631
-0.00480311
-0.00317347
-0.00143756
0.000373502
0.00223553
0.00412894
0.00603607
0.00793819
0.00981207
0.0116258
0.0133341
0.0148731
0.0161585
0.0170854
0.0175322
-0.0120142
-0.0115869
-0.0106806
-0.00940056
-0.00784176
-0.0060813
-0.00418032
-0.0021831
-0.000120349
0.00198729
0.00412583
0.00628443
0.00845197
0.0106125
0.0127398
0.0147897
0.0166911
0.0183367
0.0195673
0.0202159
-0.0149455
-0.0143316
-0.0131506
-0.0115288
-0.00961727
-0.00751562
-0.0052957
-0.00300356
-0.000666172
0.00170291
0.0040988
0.00652128
0.00897136
0.011446
0.0139316
0.0163935
0.0187614
0.0209132
0.0225915
0.0236273
-0.0187195
-0.0176836
-0.016092
-0.013984
-0.0116117
-0.0090903
-0.00649927
-0.00388058
-0.0012516
0.00138609
0.0040411
0.00672782
0.00946489
0.0122691
0.0151494
0.0180951
0.0210533
0.0239183
0.0262605
0.0281133
-0.023144
-0.0216685
-0.0195603
-0.0167692
-0.013797
-0.0107646
-0.00775007
-0.00478017
-0.00185396
0.00104624
0.00394746
0.00688126
0.00988933
0.0130154
0.0163036
0.0197867
0.0234587
0.027328
0.0305698
0.0340431
-0.0316416
-0.0269971
-0.0238642
-0.0199207
-0.0161145
-0.0124577
-0.00897456
-0.00564635
-0.00243608
0.000702166
0.00382101
0.00695777
0.0101939
0.0136009
0.0172727
0.02134
0.0259373
0.0314673
0.0363348
0.0437807
-0.0374625
-0.0326552
-0.0283402
-0.023155
-0.0184137
-0.0140662
-0.0100985
-0.00642719
-0.00296721
0.000360531
0.00362882
0.00692933
0.0103194
0.0139009
0.0177861
0.0221284
0.0269261
0.0337894
0.0380665
0.0517821
-0.0672412
-0.0380813
-0.0327237
-0.0255101
-0.0196994
-0.0149042
-0.0106667
-0.00681638
-0.00323345
0.000184902
0.00352908
0.0068871
0.010353
0.0140546
0.0181947
0.0232325
0.0295093
0.0402485
0.0509649
0.0896788
3.31397e-07
6.75452e-05
0.000228997
0.000476257
0.000802964
0.00120082
0.00165977
0.00216831
0.00271376
0.00328253
0.00386043
0.00443295
0.00498553
0.0055039
0.00597442
0.00638445
0.00672271
0.00697971
0.00714808
0.00721871
-6.56547e-05
2.6789e-06
0.000167145
0.000418907
0.000751525
0.00115654
0.00162371
0.00214135
0.00269655
0.00327554
0.00386392
0.00444693
0.0050098
0.00553801
0.00601765
0.00643579
0.00678087
0.00704316
0.0072151
0.00728714
-0.000230306
-0.000159009
1.2926e-05
0.000276075
0.000623622
0.00104666
0.00153446
0.00207482
0.00265433
0.00325871
0.00387304
0.00448205
0.00507039
0.00562295
0.00612515
0.00656338
0.00692539
0.00720078
0.00738144
0.00745705
-0.000492478
-0.000416248
-0.000232328
4.90402e-05
0.000420424
0.000872181
0.00139279
0.00196922
0.00258729
0.0032319
0.00388736
0.00453757
0.00516633
0.00575756
0.00629569
0.006766
0.00715511
0.00745153
0.00764621
0.00772777
-0.000859139
-0.000775882
-0.000575026
-0.00026799
0.000136875
0.000628845
0.00119525
0.00182194
0.00249361
0.00319412
0.00390671
0.00461421
0.00529928
0.00594457
0.0065331
0.0070486
0.00747606
0.00780236
0.00801704
0.00810715
-0.00134008
-0.00124742
-0.00102404
-0.000682988
-0.000233941
0.000310868
0.000937216
0.00162944
0.00237084
0.00314396
0.00393078
0.00471284
0.0054714
0.00618755
0.00684249
0.00741789
0.00789649
0.0082629
0.00850457
0.00860634
-0.00194829
-0.00184344
-0.001591
-0.00120631
-0.000700911
-8.9111e-05
0.000612806
0.00138727
0.00221587
0.00307961
0.00395908
0.00483437
0.00568519
0.0064908
0.00723018
0.00788238
0.00842713
0.00884588
0.00912305
0.00924027
-0.00270059
-0.00258012
-0.00229073
-0.00185097
-0.00127503
-0.000580056
0.000214966
0.00109009
0.00202491
0.00299877
0.00399076
0.00497958
0.00594329
0.00685917
0.00770362
0.00845244
0.00908141
0.00956757
0.00989097
0.0100286
-0.00361845
-0.00347794
-0.00314174
-0.00263291
-0.00196947
-0.00117247
-0.000264421
0.000731844
0.00179365
0.00289864
0.00402455
0.00514885
0.00624813
0.00729768
0.00827107
0.00914016
0.00987563
0.0104484
0.0108321
0.0109969
-0.00472925
-0.00456271
-0.00416684
-0.00357127
-0.00279956
-0.00187821
-0.000834251
0.000305966
0.00151734
0.00277594
0.0040585
0.00534179
0.00660137
0.00781086
0.00894095
0.00995895
0.010829
0.0115137
0.011977
0.0121785
-0.00606824
-0.00586703
-0.00539411
-0.00468872
-0.00378268
-0.00271001
-0.00150367
-0.000194085
0.00119116
0.00262699
0.00408986
0.00555671
0.00700312
0.0084018
0.00972091
0.0109228
0.0119637
0.0127943
0.0133646
0.0136178
-0.00768153
-0.0074324
-0.00685796
-0.00601161
-0.0049377
-0.00368071
-0.00228108
-0.000773949
0.000810866
0.00244798
0.00411487
0.00579007
0.00745078
0.00907043
0.0106159
0.0120448
0.0133036
0.0143278
0.0150455
0.0153744
-0.00963109
-0.00931265
-0.00860072
-0.0075699
-0.00628399
-0.00480156
-0.00317252
-0.00143706
0.000373649
0.00223541
0.00412863
0.00603561
0.00793764
0.00981149
0.0116253
0.0133337
0.0148729
0.0161586
0.0170855
0.0175321
-0.012004
-0.0115788
-0.0106745
-0.00939635
-0.00783903
-0.00607969
-0.00417952
-0.00218288
-0.000120554
0.00198679
0.00412509
0.00628349
0.00845088
0.0106113
0.0127386
0.0147887
0.0166904
0.0183366
0.0195677
0.0202166
-0.0149303
-0.01432
-0.0131426
-0.0115237
-0.00961442
-0.00751432
-0.00529543
-0.00300396
-0.000667
0.00170175
0.00409736
0.00651954
0.00896931
0.0114437
0.0139291
0.0163912
0.0187596
0.0209128
0.0225922
0.0236298
-0.0186973
-0.0176675
-0.016082
-0.0139785
-0.0116094
-0.00909002
-0.00650018
-0.00388209
-0.00125349
0.00138387
0.0040385
0.00672474
0.00946122
0.0122648
0.0151446
0.0180902
0.021049
0.0239166
0.0262609
0.0281196
-0.0231037
-0.0216445
-0.0195483
-0.0167643
-0.0137967
-0.0107666
-0.00775311
-0.00478363
-0.00185764
0.00104232
0.0039431
0.00687615
0.00988314
0.0130079
0.0162945
0.0197766
0.0234484
0.0273226
0.0305652
0.0340539
-0.031596
-0.0269694
-0.0238554
-0.0199198
-0.0161187
-0.0124639
-0.00898128
-0.0056529
-0.0024424
0.000695824
0.00381438
0.0069498
0.010184
0.0135885
0.0172576
0.0213232
0.0259206
0.031463
0.0363347
0.0438104
-0.0373816
-0.0326311
-0.0283369
-0.0231637
-0.0184272
-0.0140799
-0.010111
-0.00643822
-0.00297722
0.000350814
0.00361836
0.00691755
0.0103048
0.0138816
0.0177601
0.0220942
0.0268779
0.0337553
0.0380096
0.0518016
-0.0671307
-0.0380114
-0.0327121
-0.0255157
-0.0197124
-0.0149193
-0.010681
-0.00682913
-0.00324506
0.000173582
0.00351695
0.00687287
0.010335
0.0140309
0.0181635
0.0231959
0.0294661
0.0402378
0.0509841
0.0898095
5.50848e-07
6.76036e-05
0.000228965
0.000476171
0.000802854
0.00120071
0.00165968
0.00216826
0.00271375
0.00328257
0.00386053
0.00443311
0.00498574
0.00550416
0.00597472
0.00638477
0.00672303
0.00697999
0.00714829
0.00721877
-6.52644e-05
2.91126e-06
0.000167277
0.000418972
0.000751548
0.00115654
0.00162372
0.00214136
0.00269658
0.0032756
0.00386401
0.00444706
0.00500996
0.0055382
0.00601786
0.006436
0.00678106
0.0070433
0.00721517
0.00728704
-0.000229775
-0.000158646
1.31842e-05
0.000276255
0.000623748
0.00104675
0.00153454
0.00207488
0.0026544
0.00325879
0.00387314
0.00448216
0.00507052
0.00562309
0.0061253
0.00656352
0.00692551
0.00720085
0.00738141
0.00745685
-0.0004918
-0.000415753
-0.000231949
4.93276e-05
0.000420644
0.000872353
0.00139292
0.00196934
0.00258739
0.003232
0.00388746
0.00453768
0.00516644
0.00575768
0.00629581
0.00676611
0.00715519
0.00745154
0.00764612
0.00772749
-0.000858297
-0.000775242
-0.000574519
-0.00026759
0.000137192
0.000629099
0.00119546
0.00182211
0.00249375
0.00319424
0.00390682
0.00461432
0.00529938
0.00594467
0.0065332
0.00704869
0.0074761
0.00780233
0.00801689
0.00810681
-0.00133904
-0.00124661
-0.00102338
-0.000682457
-0.000233514
0.000311212
0.000937492
0.00162966
0.00237102
0.00314411
0.0039309
0.00471295
0.0054715
0.00618764
0.00684257
0.00741796
0.00789651
0.00826285
0.0085044
0.00860594
-0.00194699
-0.00184241
-0.00159015
-0.00120562
-0.00070035
-8.866e-05
0.000613164
0.00138755
0.00221609
0.00307978
0.00395921
0.00483448
0.00568528
0.00649088
0.00723025
0.00788244
0.00842715
0.00884581
0.00912284
0.00923982
-0.00269896
-0.00257879
-0.00228963
-0.00185007
-0.0012743
-0.000579475
0.000215421
0.00109044
0.00202518
0.00299896
0.0039909
0.00497968
0.00594337
0.00685924
0.00770368
0.00845249
0.00908142
0.00956749
0.00989074
0.0100281
-0.00361636
-0.00347622
-0.0031403
-0.00263174
-0.00196852
-0.00117173
-0.000263854
0.000732266
0.00179396
0.00289884
0.00402468
0.00514893
0.00624818
0.00729771
0.00827109
0.00914018
0.00987563
0.0104483
0.0108319
0.0109964
-0.00472655
-0.00456045
-0.00416496
-0.00356974
-0.00279836
-0.00187728
-0.000833562
0.000306455
0.00151767
0.00277613
0.00405859
0.0053418
0.00660135
0.00781082
0.00894091
0.00995893
0.010829
0.0115136
0.0119768
0.012178
-0.00606466
-0.00586401
-0.00539161
-0.00468672
-0.00378114
-0.00270887
-0.00150286
-0.000193549
0.00119148
0.00262713
0.00408986
0.00555661
0.00700295
0.0084016
0.00972073
0.0109227
0.0119636
0.0127942
0.0133644
0.0136172
-0.0076767
-0.00742832
-0.00685462
-0.00600901
-0.00493577
-0.00367934
-0.00228018
-0.000773415
0.000811106
0.00244799
0.00411469
0.00578974
0.00745035
0.00906996
0.0106155
0.0120444
0.0133034
0.0143277
0.0150453
0.015374
-0.00962444
-0.00930703
-0.00859626
-0.00756656
-0.00628162
-0.0048
-0.0031716
-0.00143663
0.000373705
0.00223516
0.00412813
0.0060349
0.00793678
0.00981055
0.0116243
0.0133329
0.0148724
0.0161584
0.0170855
0.017532
-0.0119947
-0.011571
-0.0106686
-0.00939214
-0.00783628
-0.00607808
-0.00417875
-0.00218274
-0.000120875
0.00198608
0.00412406
0.00628219
0.00844933
0.0106096
0.0127368
0.0147871
0.0166893
0.0183362
0.0195679
0.0202171
-0.0149167
-0.0143091
-0.0131349
-0.0115187
-0.00961151
-0.00751296
-0.00529514
-0.00300441
-0.000667994
0.00170032
0.00409553
0.00651731
0.0089667
0.0114408
0.013926
0.0163883
0.0187573
0.0209118
0.0225923
0.0236316
-0.0186776
-0.0176523
-0.0160723
-0.0139729
-0.011607
-0.00908955
-0.00650092
-0.00388363
-0.00125558
0.00138133
0.00403549
0.00672118
0.00945701
0.0122599
0.0151392
0.0180847
0.0210441
0.023914
0.0262601
0.0281243
-0.0230697
-0.0216223
-0.0195367
-0.0167593
-0.0137959
-0.0107681
-0.00775582
-0.00478696
-0.00186136
0.00103822
0.00393849
0.00687072
0.00987664
0.0130001
0.0162856
0.0197667
0.0234387
0.0273165
0.03056
0.0340618
-0.03156
-0.0269435
-0.0238462
-0.0199183
-0.0161219
-0.0124691
-0.00898703
-0.00565876
-0.0024483
0.000689747
0.00380803
0.00694202
0.0101744
0.0135767
0.0172435
0.0213077
0.0259053
0.0314569
0.0363318
0.0438352
-0.0373135
-0.0325979
-0.0283295
-0.0231682
-0.018437
-0.0140907
-0.0101212
-0.00644755
-0.00298598
0.000342044
0.00360866
0.00690676
0.0102916
0.0138647
0.0177377
0.0220652
0.0268385
0.0337263
0.037963
0.0518183
-0.0670481
-0.0379486
-0.0326966
-0.0255192
-0.0197229
-0.0149318
-0.010693
-0.00684006
-0.00325523
0.000163497
0.00350608
0.00686029
0.0103195
0.0140111
0.0181379
0.023166
0.0294317
0.0402279
0.0509863
0.0899071
7.86613e-07
6.77831e-05
0.000229096
0.00047626
0.000802918
0.00120076
0.00165972
0.0021683
0.0027138
0.00328264
0.00386062
0.00443322
0.00498588
0.00550432
0.0059749
0.00638495
0.00672319
0.00698013
0.00714838
0.00721881
-6.49507e-05
3.1608e-06
0.00016747
0.000419117
0.000751658
0.00115663
0.00162379
0.00214142
0.00269665
0.00327567
0.0038641
0.00444716
0.00501008
0.00553833
0.00601799
0.00643613
0.00678118
0.00704338
0.0072152
0.00728702
-0.000229366
-0.000158308
1.34581e-05
0.000276471
0.000623918
0.00104689
0.00153464
0.00207498
0.00265449
0.00325887
0.00387323
0.00448226
0.00507062
0.0056232
0.0061254
0.00656362
0.00692559
0.00720088
0.0073814
0.00745678
-0.000491275
-0.000415306
-0.000231577
4.96308e-05
0.000420888
0.000872549
0.00139308
0.00196947
0.0025875
0.0032321
0.00388756
0.00453777
0.00516653
0.00575777
0.00629589
0.00676618
0.00715522
0.00745154
0.00764606
0.00772736
-0.00085763
-0.000774664
-0.000574029
-0.000267184
0.000137523
0.000629367
0.00119568
0.00182228
0.00249389
0.00319436
0.00390692
0.0046144
0.00529946
0.00594475
0.00653326
0.00704872
0.00747611
0.00780229
0.00801679
0.00810663
-0.00133819
-0.00124587
-0.00102274
-0.000681926
-0.000233078
0.000311564
0.000937773
0.00162989
0.0023712
0.00314424
0.00393101
0.00471303
0.00547156
0.0061877
0.00684261
0.00741797
0.00789649
0.00826278
0.00850426
0.00860572
-0.00194592
-0.00184146
-0.00158933
-0.00120493
-0.000699786
-8.82071e-05
0.000613521
0.00138783
0.00221629
0.00307993
0.00395932
0.00483455
0.00568533
0.00649091
0.00723026
0.00788242
0.0084271
0.00884571
0.00912267
0.00923956
-0.00269759
-0.00257758
-0.00228858
-0.00184919
-0.00127358
-0.000578902
0.000215864
0.00109077
0.00202541
0.00299912
0.003991
0.00497973
0.00594339
0.00685923
0.00770366
0.00845244
0.00908135
0.00956737
0.00989055
0.0100278
-0.0036146
-0.00347464
-0.00313893
-0.0026306
-0.00196761
-0.00117102
-0.000263317
0.000732649
0.00179421
0.00289899
0.00402474
0.00514893
0.00624813
0.00729764
0.00827101
0.00914009
0.00987552
0.0104482
0.0108317
0.010996
-0.00472424
-0.00455838
-0.00416318
-0.00356828
-0.0027972
-0.0018764
-0.000832926
0.000306882
0.00151792
0.00277624
0.00405859
0.00534172
0.0066012
0.00781064
0.00894073
0.00995875
0.0108288
0.0115134
0.0119765
0.0121776
-0.00606161
-0.00586128
-0.00538928
-0.00468484
-0.00377969
-0.00270781
-0.00150213
-0.000193105
0.00119169
0.00262715
0.00408973
0.00555637
0.00700263
0.00840125
0.00972037
0.0109224
0.0119633
0.012794
0.0133641
0.0136169
-0.00767262
-0.00742467
-0.00685157
-0.00600661
-0.00493398
-0.0036781
-0.00227939
-0.000773009
0.000811204
0.00244784
0.00411435
0.00578925
0.00744975
0.0090693
0.0106148
0.0120438
0.0133029
0.0143274
0.015045
0.0153737
-0.00961892
-0.00930213
-0.00859227
-0.00756352
-0.00627948
-0.00479862
-0.00317084
-0.00143636
0.000373578
0.00223473
0.00412745
0.00603402
0.00793575
0.00980942
0.0116232
0.0133319
0.0148716
0.0161578
0.0170852
0.0175317
-0.0119871
-0.0115644
-0.0106634
-0.0093884
-0.00783382
-0.00607666
-0.00417815
-0.00218276
-0.000121373
0.00198521
0.00412287
0.00628072
0.00844764
0.0106078
0.012735
0.0147854
0.0166879
0.0183353
0.0195675
0.0202171
-0.0149062
-0.0143002
-0.0131282
-0.0115142
-0.00960887
-0.00751172
-0.00529494
-0.00300495
-0.000669091
0.00169878
0.0040936
0.006515
0.00896403
0.0114378
0.0139229
0.0163853
0.0187549
0.0209103
0.0225917
0.0236321
-0.0186633
-0.0176406
-0.0160641
-0.0139679
-0.0116045
-0.00908887
-0.00650148
-0.00388502
-0.00125756
0.00137886
0.00403256
0.00671772
0.00945299
0.0122554
0.0151343
0.0180799
0.0210399
0.0239114
0.026259
0.028126
-0.0230487
-0.0216065
-0.0195268
-0.0167541
-0.0137941
-0.0107685
-0.0077576
-0.00478958
-0.00186454
0.00103455
0.00393429
0.00686579
0.00987085
0.0129934
0.0162781
0.0197591
0.0234316
0.027312
0.0305573
0.0340647
-0.0315357
-0.0269246
-0.023836
-0.0199136
-0.0161213
-0.0124712
-0.0089905
-0.00566296
-0.00245296
0.000684676
0.00380258
0.00693539
0.0101665
0.0135674
0.0172329
0.0212966
0.0258954
0.031452
0.0363305
0.0438444
-0.0372781
-0.0325743
-0.0283179
-0.0231641
-0.0184382
-0.0140948
-0.0101266
-0.0064535
-0.00299226
0.000335295
0.00360094
0.0068982
0.0102814
0.0138524
0.017723
0.0220482
0.0268196
0.0337137
0.03795
0.051826
-0.067005
-0.037916
-0.0326818
-0.0255141
-0.0197242
-0.0149366
-0.0106993
-0.00684688
-0.00326233
0.000155956
0.0034977
0.00685067
0.010308
0.0139972
0.0181215
0.0231483
0.0294147
0.0402214
0.050987
0.0899361
1.01103e-06
6.79742e-05
0.00022925
0.00047638
0.000803009
0.00120083
0.00165978
0.00216835
0.00271386
0.0032827
0.0038607
0.00443331
0.00498598
0.00550443
0.00597501
0.00638506
0.00672329
0.00698021
0.00714844
0.00721883
-6.46798e-05
3.39799e-06
0.000167668
0.000419277
0.000751785
0.00115673
0.00162387
0.0021415
0.00269672
0.00327575
0.00386417
0.00444724
0.00501017
0.00553843
0.00601809
0.00643622
0.00678125
0.00704344
0.00721523
0.00728701
-0.000229025
-0.000158003
1.37189e-05
0.000276688
0.000624095
0.00104703
0.00153476
0.00207508
0.00265457
0.00325896
0.0038733
0.00448234
0.00507071
0.00562328
0.00612548
0.00656369
0.00692563
0.00720091
0.00738139
0.00745674
-0.00049084
-0.000414913
-0.000231234
4.99199e-05
0.000421128
0.000872745
0.00139324
0.0019696
0.00258761
0.0032322
0.00388764
0.00453784
0.0051666
0.00575783
0.00629595
0.00676622
0.00715524
0.00745153
0.00764601
0.00772728
-0.000857076
-0.000774159
-0.000573584
-0.000266805
0.000137839
0.000629626
0.00119588
0.00182245
0.00249403
0.00319446
0.003907
0.00461447
0.00529952
0.00594479
0.0065333
0.00704874
0.0074761
0.00780225
0.00801671
0.00810652
-0.00133749
-0.00124522
-0.00102217
-0.000681436
-0.000232669
0.000311897
0.000938039
0.00163009
0.00237135
0.00314436
0.00393109
0.00471309
0.00547161
0.00618772
0.00684262
0.00741796
0.00789646
0.00826271
0.00850415
0.00860557
-0.00194502
-0.00184063
-0.0015886
-0.0012043
-0.000699264
-8.77858e-05
0.000613851
0.00138807
0.00221647
0.00308006
0.0039594
0.0048346
0.00568535
0.00649091
0.00723025
0.00788239
0.00842704
0.00884562
0.00912253
0.00923938
-0.00269643
-0.00257651
-0.00228763
-0.00184838
-0.00127292
-0.000578375
0.000216266
0.00109107
0.00202561
0.00299925
0.00399106
0.00497975
0.00594337
0.00685918
0.00770359
0.00845236
0.00908125
0.00956724
0.00989037
0.0100276
-0.00361311
-0.00347326
-0.00313772
-0.00262957
-0.00196677
-0.00117037
-0.000262835
0.000732983
0.00179442
0.0028991
0.00402477
0.00514889
0.00624805
0.00729752
0.00827087
0.00913994
0.00987536
0.010448
0.0108315
0.0109958
-0.0047223
-0.00455659
-0.00416161
-0.00356696
-0.00279615
-0.00187561
-0.000832366
0.000307243
0.00151811
0.0027763
0.00405854
0.00534158
0.00660101
0.00781041
0.00894048
0.00995851
0.0108286
0.0115132
0.0119762
0.0121773
-0.00605906
-0.00585893
-0.00538725
-0.00468317
-0.0037784
-0.00270687
-0.0015015
-0.000192742
0.00119183
0.00262711
0.00408955
0.00555607
0.00700226
0.00840083
0.00971995
0.010922
0.011963
0.0127937
0.0133638
0.0136166
-0.00766925
-0.00742159
-0.00684895
-0.00600451
-0.00493241
-0.00367701
-0.00227873
-0.000772692
0.000811234
0.00244764
0.00411396
0.00578871
0.00744911
0.00906861
0.0106141
0.0120432
0.0133024
0.0143269
0.0150447
0.0153733
-0.00961445
-0.00929808
-0.00858889
-0.00756091
-0.00627761
-0.00479742
-0.00317019
-0.00143617
0.00037341
0.00223427
0.00412674
0.00603312
0.0079347
0.0098083
0.0116221
0.0133308
0.0148707
0.0161572
0.0170847
0.0175314
-0.0119812
-0.0115591
-0.0106591
-0.00938521
-0.00783168
-0.00607542
-0.00417763
-0.0021828
-0.000121869
0.00198435
0.00412171
0.0062793
0.00844601
0.010606
0.0127332
0.0147837
0.0166865
0.0183343
0.0195669
0.0202168
-0.0148983
-0.0142933
-0.0131228
-0.0115104
-0.00960655
-0.00751058
-0.0052947
-0.00300541
-0.000670076
0.00169737
0.00409181
0.00651288
0.00896161
0.0114352
0.0139202
0.0163827
0.0187526
0.0209088
0.0225908
0.023632
-0.0186529
-0.0176316
-0.0160575
-0.0139636
-0.0116021
-0.00908804
-0.00650176
-0.00388609
-0.00125922
0.00137671
0.00402997
0.00671467
0.00944951
0.0122515
0.0151302
0.0180759
0.0210365
0.023909
0.0262578
0.0281264
-0.0230344
-0.021595
-0.019519
-0.0167494
-0.013792
-0.0107682
-0.00775865
-0.00479149
-0.00186707
0.00103151
0.00393076
0.00686165
0.00986606
0.0129881
0.0162724
0.0197533
0.0234264
0.0273084
0.0305552
0.0340657
-0.0315191
-0.0269109
-0.0238274
-0.0199091
-0.0161199
-0.0124717
-0.00899252
-0.00566586
-0.00245647
0.000680661
0.00379815
0.00693005
0.0101603
0.0135603
0.0172251
0.0212887
0.0258884
0.031448
0.0363289
0.0438485
-0.0372555
-0.0325573
-0.028308
-0.0231597
-0.0184376
-0.0140965
-0.0101297
-0.00645742
-0.00299676
0.000330205
0.003595
0.0068916
0.0102738
0.0138435
0.0177128
0.0220372
0.0268082
0.0337059
0.0379427
0.0518292
-0.0669789
-0.0378948
-0.0326701
-0.0255092
-0.0197238
-0.0149388
-0.0107029
-0.00685134
-0.00326735
0.00015036
0.00349137
0.00684343
0.0102996
0.0139874
0.0181105
0.0231369
0.0294041
0.0402164
0.0509857
0.0899493
1.21105e-06
6.8157e-05
0.000229409
0.000476514
0.000803119
0.00120092
0.00165986
0.00216842
0.00271392
0.00328277
0.00386076
0.00443338
0.00498605
0.0055045
0.00597508
0.00638513
0.00672335
0.00698025
0.00714847
0.00721885
-6.44506e-05
3.60895e-06
0.000167854
0.000419434
0.000751917
0.00115684
0.00162396
0.00214158
0.00269679
0.00327582
0.00386424
0.00444731
0.00501024
0.00553849
0.00601816
0.00643628
0.0067813
0.00704347
0.00721524
0.00728701
-0.000228744
-0.000157743
1.395e-05
0.000276886
0.000624262
0.00104717
0.00153488
0.00207517
0.00265466
0.00325903
0.00387337
0.0044824
0.00507077
0.00562333
0.00612553
0.00656373
0.00692566
0.00720092
0.00738139
0.00745672
-0.000490486
-0.000414583
-0.000230939
5.01754e-05
0.000421343
0.000872924
0.00139339
0.00196972
0.00258771
0.00323228
0.00388771
0.0045379
0.00516665
0.00575788
0.00629598
0.00676624
0.00715525
0.00745152
0.00764598
0.00772724
-0.000856627
-0.000773738
-0.000573205
-0.000266476
0.000138117
0.000629855
0.00119607
0.0018226
0.00249414
0.00319455
0.00390707
0.00461453
0.00529956
0.00594482
0.00653331
0.00704875
0.00747608
0.00780222
0.00801666
0.00810645
-0.00133692
-0.00124468
-0.00102169
-0.000681014
-0.000232314
0.000312188
0.00093827
0.00163027
0.00237149
0.00314446
0.00393116
0.00471314
0.00547163
0.00618773
0.00684262
0.00741794
0.00789642
0.00826265
0.00850407
0.00860547
-0.00194429
-0.00183994
-0.00158798
-0.00120376
-0.000698814
-8.74218e-05
0.000614135
0.00138829
0.00221663
0.00308016
0.00395946
0.00483463
0.00568535
0.00649089
0.00723021
0.00788233
0.00842697
0.00884552
0.00912242
0.00923924
-0.00269549
-0.00257562
-0.00228684
-0.0018477
-0.00127235
-0.000577925
0.000216609
0.00109131
0.00202578
0.00299934
0.0039911
0.00497974
0.00594333
0.00685912
0.00770351
0.00845227
0.00908114
0.00956711
0.00989022
0.0100274
-0.00361189
-0.00347212
-0.0031367
-0.0026287
-0.00196606
-0.00116982
-0.000262431
0.000733258
0.00179458
0.00289917
0.00402476
0.00514883
0.00624794
0.00729738
0.00827072
0.00913978
0.00987519
0.0104478
0.0108313
0.0109956
-0.00472072
-0.00455511
-0.0041603
-0.00356587
-0.00279528
-0.00187494
-0.0008319
0.000307536
0.00151826
0.00277632
0.00405846
0.00534142
0.0066008
0.00781017
0.00894022
0.00995825
0.0108283
0.0115129
0.011976
0.0121771
-0.00605701
-0.00585702
-0.00538558
-0.00468179
-0.00377732
-0.00270608
-0.00150099
-0.000192455
0.00119192
0.00262704
0.00408935
0.00555578
0.0070019
0.00840042
0.00971953
0.0109216
0.0119626
0.0127933
0.0133635
0.0136162
-0.00766659
-0.00741912
-0.00684682
-0.00600279
-0.00493111
-0.00367611
-0.00227818
-0.000772449
0.000811227
0.00244743
0.00411358
0.0057882
0.00744851
0.00906795
0.0106134
0.0120426
0.0133018
0.0143264
0.0150443
0.0153729
-0.00961098
-0.00929489
-0.00858619
-0.00755879
-0.00627608
-0.00479642
-0.00316966
-0.00143602
0.000373235
0.00223383
0.0041261
0.00603231
0.00793377
0.00980729
0.0116211
0.0133298
0.0148698
0.0161565
0.0170842
0.017531
-0.0119767
-0.011555
-0.0106557
-0.00938265
-0.00782992
-0.00607438
-0.00417719
-0.00218285
-0.000122304
0.0019836
0.00412069
0.00627807
0.00844461
0.0106045
0.0127316
0.0147822
0.0166853
0.0183334
0.0195662
0.0202163
-0.0148925
-0.0142881
-0.0131187
-0.0115074
-0.00960461
-0.00750958
-0.00529445
-0.00300575
-0.000670881
0.00169618
0.00409031
0.00651109
0.00895959
0.011433
0.013918
0.0163806
0.0187508
0.0209074
0.0225899
0.0236315
-0.0186454
-0.0176251
-0.0160524
-0.0139601
-0.0116001
-0.00908719
-0.00650182
-0.00388685
-0.00126052
0.00137499
0.00402786
0.0067122
0.00944671
0.0122485
0.0151271
0.0180728
0.0210339
0.0239071
0.0262566
0.028126
-0.0230248
-0.0215868
-0.019513
-0.0167456
-0.01379
-0.0107677
-0.00775917
-0.00479279
-0.00186895
0.00102915
0.00392797
0.00685839
0.00986235
0.012984
0.0162681
0.0197491
0.0234227
0.0273058
0.0305535
0.0340655
-0.0315079
-0.0269013
-0.0238207
-0.019905
-0.0161181
-0.0124716
-0.00899359
-0.00566776
-0.00245899
0.00067765
0.00379475
0.00692598
0.0101556
0.013555
0.0172195
0.0212833
0.0258836
0.0314449
0.0363273
0.0438492
-0.0372414
-0.0325457
-0.0283003
-0.0231553
-0.0184359
-0.0140967
-0.0101312
-0.00645988
-0.00299988
0.000326507
0.00359061
0.00688672
0.0102683
0.0138373
0.017706
0.0220301
0.0268015
0.0337012
0.0379392
0.0518297
-0.0669631
-0.0378816
-0.0326616
-0.0255045
-0.0197221
-0.0149392
-0.0107047
-0.0068541
-0.00327078
0.000146346
0.00348673
0.00683815
0.0102936
0.0139807
0.0181031
0.0231296
0.0293976
0.0402127
0.050984
0.0899529
1.37291e-06
6.83087e-05
0.000229545
0.000476632
0.000803219
0.001201
0.00165993
0.00216848
0.00271398
0.00328282
0.00386081
0.00443343
0.0049861
0.00550455
0.00597513
0.00638517
0.00672338
0.00698028
0.00714848
0.00721886
-6.42695e-05
3.7793e-06
0.000168007
0.000419568
0.000752031
0.00115694
0.00162405
0.00214165
0.00269685
0.00327587
0.00386429
0.00444736
0.00501029
0.00553854
0.0060182
0.00643632
0.00678133
0.00704349
0.00721525
0.00728701
-0.000228527
-0.000157537
1.41362e-05
0.000277049
0.000624401
0.00104729
0.00153498
0.00207526
0.00265473
0.00325909
0.00387342
0.00448245
0.00507081
0.00562337
0.00612557
0.00656376
0.00692568
0.00720092
0.00738138
0.0074567
-0.000490215
-0.000414326
-0.000230705
5.03808e-05
0.000421519
0.000873071
0.00139351
0.00196982
0.00258779
0.00323234
0.00388776
0.00453795
0.00516669
0.0057579
0.006296
0.00676625
0.00715525
0.00745151
0.00764596
0.0077272
-0.000856284
-0.000773412
-0.000572908
-0.000266215
0.00013834
0.00063004
0.00119622
0.00182272
0.00249424
0.00319462
0.00390712
0.00461457
0.00529958
0.00594484
0.00653332
0.00704874
0.00747607
0.00780219
0.00801662
0.00810639
-0.00133648
-0.00124427
-0.00102131
-0.000680682
-0.000232032
0.000312419
0.000938455
0.00163041
0.00237159
0.00314453
0.00393121
0.00471317
0.00547164
0.00618773
0.0068426
0.00741792
0.00789638
0.0082626
0.008504
0.00860539
-0.00194373
-0.00183941
-0.00158749
-0.00120334
-0.000698459
-8.7134e-05
0.000614359
0.00138845
0.00221674
0.00308023
0.0039595
0.00483464
0.00568534
0.00649086
0.00723017
0.00788228
0.0084269
0.00884545
0.00912233
0.00923914
-0.00269478
-0.00257494
-0.00228622
-0.00184716
-0.00127191
-0.000577571
0.000216877
0.0010915
0.0020259
0.00299941
0.00399112
0.00497972
0.00594328
0.00685905
0.00770343
0.00845217
0.00908104
0.009567
0.0098901
0.0100273
-0.00361097
-0.00347125
-0.00313591
-0.00262802
-0.00196551
-0.00116939
-0.000262117
0.000733468
0.0017947
0.00289921
0.00402474
0.00514876
0.00624784
0.00729726
0.00827058
0.00913963
0.00987504
0.0104477
0.0108311
0.0109954
-0.00471954
-0.00455399
-0.0041593
-0.00356502
-0.0027946
-0.00187443
-0.000831541
0.000307756
0.00151836
0.00277632
0.00405838
0.00534128
0.00660061
0.00780995
0.00893999
0.00995802
0.0108281
0.0115127
0.0119758
0.0121769
-0.00605548
-0.00585559
-0.00538431
-0.00468074
-0.0037765
-0.00270548
-0.00150059
-0.000192241
0.00119198
0.00262697
0.00408918
0.00555552
0.00700158
0.00840008
0.00971917
0.0109212
0.0119622
0.012793
0.0133632
0.013616
-0.00766462
-0.00741728
-0.00684521
-0.00600148
-0.00493012
-0.00367542
-0.00227777
-0.00077227
0.000811207
0.00244724
0.00411326
0.00578778
0.00744801
0.00906741
0.0106129
0.012042
0.0133013
0.014326
0.0150439
0.0153726
-0.00960845
-0.00929254
-0.00858418
-0.0075572
-0.00627491
-0.00479566
-0.00316926
-0.00143592
0.000373087
0.00223348
0.00412557
0.00603165
0.00793301
0.00980648
0.0116202
0.0133291
0.0148691
0.0161559
0.0170837
0.0175306
-0.0119734
-0.011552
-0.0106532
-0.00938073
-0.00782859
-0.00607357
-0.00417684
-0.00218288
-0.000122641
0.00198301
0.00411989
0.0062771
0.00844351
0.0106033
0.0127305
0.0147811
0.0166843
0.0183326
0.0195656
0.0202158
-0.0148884
-0.0142844
-0.0131156
-0.0115051
-0.00960313
-0.00750878
-0.00529422
-0.00300597
-0.000671477
0.00169529
0.00408915
0.00650972
0.00895804
0.0114313
0.0139163
0.016379
0.0187494
0.0209063
0.0225891
0.023631
-0.0186403
-0.0176205
-0.0160488
-0.0139575
-0.0115985
-0.00908646
-0.00650178
-0.00388735
-0.00126144
0.00137371
0.00402629
0.00671035
0.00944463
0.0122462
0.0151248
0.0180706
0.0210319
0.0239056
0.0262555
0.0281254
-0.0230184
-0.0215813
-0.0195087
-0.0167427
-0.0137884
-0.0107671
-0.00775938
-0.00479362
-0.00187026
0.00102746
0.00392594
0.00685601
0.00985966
0.012981
0.016265
0.0197461
0.0234202
0.0273038
0.0305522
0.0340649
-0.0315005
-0.0268948
-0.0238159
-0.0199019
-0.0161165
-0.0124712
-0.0089941
-0.00566895
-0.00246069
0.00067553
0.00379232
0.00692308
0.0101523
0.0135514
0.0172158
0.0212796
0.0258805
0.0314426
0.036326
0.0438492
-0.0372326
-0.0325382
-0.0282949
-0.0231519
-0.0184343
-0.0140965
-0.010132
-0.00646139
-0.00300194
0.000323957
0.00358754
0.00688331
0.0102644
0.0138331
0.0177016
0.0220256
0.0267973
0.0336982
0.037937
0.0518295
-0.0669533
-0.0378732
-0.0326556
-0.0255009
-0.0197205
-0.014939
-0.0107057
-0.00685578
-0.00327303
0.000143603
0.00348352
0.00683449
0.0102895
0.0139761
0.0180984
0.0231249
0.0293935
0.04021
0.0509824
0.0899539
1.48653e-06
6.84166e-05
0.000229643
0.000476719
0.000803294
0.00120107
0.00165998
0.00216853
0.00271402
0.00328286
0.00386085
0.00443346
0.00498613
0.00550458
0.00597516
0.0063852
0.0067234
0.00698029
0.00714849
0.00721886
-6.41439e-05
3.89871e-06
0.000168116
0.000419664
0.000752114
0.00115701
0.00162411
0.0021417
0.0026969
0.00327591
0.00386433
0.00444739
0.00501032
0.00553857
0.00601822
0.00643634
0.00678134
0.0070435
0.00721525
0.00728701
-0.000228378
-0.000157395
1.42665e-05
0.000277165
0.000624501
0.00104737
0.00153505
0.00207531
0.00265478
0.00325913
0.00387346
0.00448248
0.00507084
0.0056234
0.00612559
0.00656377
0.00692569
0.00720092
0.00738138
0.0074567
-0.00049003
-0.000414149
-0.000230544
5.05243e-05
0.000421643
0.000873175
0.0013936
0.00196989
0.00258785
0.00323239
0.0038878
0.00453798
0.00516671
0.00575792
0.00629601
0.00676626
0.00715525
0.0074515
0.00764594
0.00772718
-0.000856051
-0.000773189
-0.000572704
-0.000266034
0.000138495
0.00063017
0.00119633
0.0018228
0.0024943
0.00319467
0.00390716
0.00461459
0.0052996
0.00594485
0.00653332
0.00704874
0.00747605
0.00780217
0.00801659
0.00810636
-0.00133618
-0.00124399
-0.00102105
-0.000680453
-0.000231837
0.00031258
0.000938583
0.00163051
0.00237167
0.00314458
0.00393124
0.00471318
0.00547165
0.00618772
0.00684259
0.00741789
0.00789635
0.00826256
0.00850396
0.00860535
-0.00194336
-0.00183905
-0.00158716
-0.00120305
-0.000698214
-8.69353e-05
0.000614514
0.00138857
0.00221682
0.00308028
0.00395952
0.00483464
0.00568533
0.00649084
0.00723013
0.00788224
0.00842685
0.00884539
0.00912227
0.00923908
-0.00269429
-0.00257448
-0.0022858
-0.0018468
-0.0012716
-0.000577328
0.000217061
0.00109163
0.00202598
0.00299945
0.00399113
0.00497971
0.00594324
0.006859
0.00770337
0.0084521
0.00908096
0.00956692
0.00989002
0.0100272
-0.00361035
-0.00347066
-0.00313538
-0.00262757
-0.00196513
-0.00116909
-0.000261902
0.00073361
0.00179478
0.00289924
0.00402473
0.00514871
0.00624776
0.00729716
0.00827048
0.00913952
0.00987493
0.0104476
0.010831
0.0109953
-0.00471874
-0.00455324
-0.00415863
-0.00356444
-0.00279413
-0.00187408
-0.000831298
0.000307904
0.00151842
0.00277631
0.00405832
0.00534118
0.00660048
0.0078098
0.00893983
0.00995785
0.010828
0.0115125
0.0119756
0.0121767
-0.00605447
-0.00585463
-0.00538346
-0.00468002
-0.00377594
-0.00270507
-0.00150032
-0.000192099
0.00119202
0.00262692
0.00408905
0.00555534
0.00700136
0.00839983
0.00971891
0.010921
0.011962
0.0127928
0.013363
0.0136158
-0.00766332
-0.00741606
-0.00684414
-0.0060006
-0.00492945
-0.00367496
-0.00227749
-0.000772152
0.000811188
0.00244711
0.00411303
0.00578748
0.00744766
0.00906703
0.0106125
0.0120416
0.013301
0.0143257
0.0150436
0.0153724
-0.0096068
-0.00929101
-0.00858286
-0.00755613
-0.00627413
-0.00479514
-0.00316898
-0.00143585
0.000372983
0.00223323
0.00412521
0.00603119
0.00793249
0.00980591
0.0116197
0.0133285
0.0148686
0.0161555
0.0170834
0.0175302
-0.0119714
-0.0115501
-0.0106516
-0.00937945
-0.00782769
-0.00607302
-0.00417659
-0.00218289
-0.000122867
0.00198261
0.00411935
0.00627644
0.00844276
0.0106025
0.0127296
0.0147803
0.0166836
0.018332
0.0195651
0.0202155
-0.0148858
-0.014282
-0.0131136
-0.0115036
-0.00960212
-0.00750822
-0.00529404
-0.00300611
-0.000671867
0.00169469
0.00408838
0.0065088
0.00895701
0.0114302
0.0139152
0.0163779
0.0187485
0.0209055
0.0225885
0.0236305
-0.0186371
-0.0176176
-0.0160464
-0.0139558
-0.0115974
-0.00908592
-0.0065017
-0.00388764
-0.00126203
0.00137288
0.00402525
0.00670913
0.00944326
0.0122448
0.0151233
0.0180692
0.0210307
0.0239046
0.0262548
0.0281249
-0.0230145
-0.0215778
-0.0195059
-0.0167408
-0.0137872
-0.0107666
-0.00775944
-0.0047941
-0.00187108
0.00102637
0.00392462
0.00685446
0.00985793
0.0129792
0.0162631
0.0197443
0.0234186
0.0273026
0.0305513
0.0340644
-0.0314961
-0.0268908
-0.0238128
-0.0198998
-0.0161153
-0.0124708
-0.00899431
-0.00566963
-0.00246174
0.000674189
0.00379076
0.00692122
0.0101502
0.0135492
0.0172134
0.0212774
0.0258785
0.0314412
0.036325
0.0438488
-0.0372274
-0.0325336
-0.0282915
-0.0231496
-0.0184331
-0.0140962
-0.0101324
-0.00646224
-0.00300319
0.000322367
0.0035856
0.00688115
0.010262
0.0138305
0.0176988
0.022023
0.0267949
0.0336963
0.0379356
0.051829
-0.0669477
-0.0378682
-0.0326519
-0.0254985
-0.0197192
-0.0149387
-0.0107061
-0.00685672
-0.00327438
0.0001419
0.0034815
0.00683219
0.010287
0.0139734
0.0180955
0.0231221
0.0293911
0.0402082
0.0509812
0.0899537
1.54503e-06
6.84724e-05
0.000229695
0.000476764
0.000803334
0.0012011
0.00166001
0.00216856
0.00271404
0.00328288
0.00386087
0.00443348
0.00498615
0.0055046
0.00597517
0.00638521
0.00672341
0.0069803
0.0071485
0.00721887
-6.40796e-05
3.96013e-06
0.000168173
0.000419715
0.000752158
0.00115705
0.00162414
0.00214173
0.00269692
0.00327593
0.00386434
0.00444741
0.00501033
0.00553858
0.00601823
0.00643635
0.00678135
0.0070435
0.00721525
0.00728701
-0.000228302
-0.000157322
1.43334e-05
0.000277224
0.000624552
0.00104742
0.00153508
0.00207535
0.0026548
0.00325915
0.00387348
0.0044825
0.00507085
0.00562341
0.00612559
0.00656378
0.00692569
0.00720093
0.00738137
0.00745669
-0.000489937
-0.00041406
-0.000230461
5.05979e-05
0.000421706
0.000873229
0.00139364
0.00196993
0.00258788
0.00323241
0.00388781
0.00453799
0.00516672
0.00575793
0.00629602
0.00676626
0.00715525
0.00745149
0.00764593
0.00772718
-0.000855934
-0.000773077
-0.0005726
-0.000265941
0.000138575
0.000630236
0.00119638
0.00182284
0.00249433
0.0031947
0.00390718
0.0046146
0.00529961
0.00594485
0.00653332
0.00704873
0.00747605
0.00780215
0.00801657
0.00810635
-0.00133603
-0.00124384
-0.00102092
-0.000680336
-0.000231737
0.000312663
0.000938649
0.00163056
0.0023717
0.00314461
0.00393126
0.00471319
0.00547165
0.00618772
0.00684258
0.00741788
0.00789634
0.00826254
0.00850394
0.00860532
-0.00194316
-0.00183887
-0.001587
-0.00120291
-0.00069809
-8.68341e-05
0.000614593
0.00138863
0.00221686
0.00308031
0.00395953
0.00483464
0.00568532
0.00649083
0.00723012
0.00788222
0.00842683
0.00884536
0.00912223
0.00923905
-0.00269405
-0.00257425
-0.00228559
-0.00184661
-0.00127145
-0.000577205
0.000217154
0.0010917
0.00202602
0.00299947
0.00399113
0.0049797
0.00594322
0.00685897
0.00770333
0.00845207
0.00908092
0.00956688
0.00988998
0.0100272
-0.00361004
-0.00347036
-0.00313511
-0.00262733
-0.00196494
-0.00116894
-0.000261794
0.000733682
0.00179482
0.00289925
0.00402472
0.00514868
0.00624772
0.00729711
0.00827042
0.00913946
0.00987487
0.0104475
0.0108309
0.0109952
-0.00471834
-0.00455286
-0.00415829
-0.00356416
-0.0027939
-0.00187391
-0.000831175
0.000307978
0.00151845
0.00277631
0.00405829
0.00534112
0.0066004
0.00780971
0.00893974
0.00995776
0.0108279
0.0115125
0.0119756
0.0121767
-0.00605396
-0.00585415
-0.00538303
-0.00467967
-0.00377565
-0.00270487
-0.00150019
-0.000192028
0.00119203
0.00262689
0.00408898
0.00555524
0.00700124
0.0083997
0.00971877
0.0109208
0.0119619
0.0127927
0.0133629
0.0136157
-0.00766267
-0.00741546
-0.00684361
-0.00600016
-0.00492912
-0.00367472
-0.00227734
-0.000772093
0.000811176
0.00244704
0.00411292
0.00578733
0.00744748
0.00906683
0.0106123
0.0120415
0.0133008
0.0143255
0.0150435
0.0153722
-0.00960599
-0.00929025
-0.0085822
-0.0075556
-0.00627373
-0.00479488
-0.00316884
-0.00143582
0.00037293
0.00223311
0.00412502
0.00603096
0.00793222
0.00980563
0.0116194
0.0133282
0.0148684
0.0161553
0.0170832
0.0175301
-0.0119703
-0.0115491
-0.0106508
-0.00937882
-0.00782723
-0.00607274
-0.00417647
-0.00218289
-0.00012298
0.0019824
0.00411907
0.0062761
0.00844238
0.0106021
0.0127292
0.01478
0.0166832
0.0183317
0.0195648
0.0202152
-0.0148845
-0.0142808
-0.0131127
-0.0115029
-0.00960161
-0.00750793
-0.00529394
-0.00300616
-0.000672057
0.00169439
0.00408799
0.00650834
0.00895649
0.0114297
0.0139146
0.0163774
0.018748
0.0209051
0.0225882
0.0236303
-0.0186356
-0.0176162
-0.0160453
-0.013955
-0.0115969
-0.00908564
-0.00650165
-0.00388778
-0.00126232
0.00137247
0.00402473
0.00670853
0.00944258
0.0122441
0.0151226
0.0180685
0.0210301
0.0239041
0.0262544
0.0281246
-0.0230127
-0.0215762
-0.0195046
-0.0167398
-0.0137866
-0.0107664
-0.00775945
-0.00479432
-0.00187147
0.00102583
0.00392397
0.00685371
0.00985708
0.0129783
0.0162622
0.0197434
0.0234178
0.027302
0.0305508
0.0340641
-0.031494
-0.0268889
-0.0238114
-0.0198987
-0.0161147
-0.0124706
-0.00899438
-0.00566993
-0.00246223
0.000673541
0.00379
0.00692031
0.0101492
0.0135481
0.0172123
0.0212763
0.0258776
0.0314404
0.0363245
0.0438485
-0.0372249
-0.0325315
-0.0282898
-0.0231485
-0.0184325
-0.014096
-0.0101325
-0.00646263
-0.00300378
0.000321605
0.00358467
0.0068801
0.0102609
0.0138293
0.0176976
0.0220217
0.0267938
0.0336955
0.037935
0.0518286
-0.0669451
-0.0378659
-0.0326502
-0.0254973
-0.0197186
-0.0149385
-0.0107062
-0.00685714
-0.00327502
0.000141087
0.00348052
0.00683108
0.0102857
0.0139721
0.0180941
0.0231208
0.0293899
0.0402074
0.0509806
0.0899535
1.54494e-06
6.84723e-05
0.000229695
0.000476764
0.000803334
0.0012011
0.00166001
0.00216856
0.00271404
0.00328288
0.00386087
0.00443348
0.00498615
0.0055046
0.00597517
0.00638521
0.00672341
0.0069803
0.0071485
0.00721887
-6.40797e-05
3.96004e-06
0.000168172
0.000419715
0.000752158
0.00115705
0.00162414
0.00214173
0.00269692
0.00327593
0.00386434
0.00444741
0.00501033
0.00553858
0.00601823
0.00643635
0.00678135
0.0070435
0.00721525
0.00728701
-0.000228302
-0.000157322
1.43333e-05
0.000277224
0.000624552
0.00104742
0.00153508
0.00207535
0.0026548
0.00325915
0.00387348
0.0044825
0.00507085
0.00562341
0.00612559
0.00656378
0.00692569
0.00720093
0.00738137
0.00745669
-0.000489937
-0.00041406
-0.000230461
5.05978e-05
0.000421706
0.000873229
0.00139364
0.00196993
0.00258788
0.00323241
0.00388781
0.00453799
0.00516672
0.00575793
0.00629602
0.00676626
0.00715525
0.00745149
0.00764593
0.00772718
-0.000855934
-0.000773077
-0.0005726
-0.000265941
0.000138575
0.000630236
0.00119638
0.00182284
0.00249433
0.0031947
0.00390718
0.0046146
0.00529961
0.00594485
0.00653332
0.00704873
0.00747605
0.00780215
0.00801657
0.00810635
-0.00133603
-0.00124384
-0.00102092
-0.000680337
-0.000231738
0.000312663
0.000938649
0.00163056
0.0023717
0.00314461
0.00393126
0.00471319
0.00547165
0.00618772
0.00684258
0.00741788
0.00789634
0.00826254
0.00850394
0.00860532
-0.00194316
-0.00183887
-0.001587
-0.00120291
-0.00069809
-8.68341e-05
0.000614592
0.00138863
0.00221686
0.00308031
0.00395953
0.00483464
0.00568532
0.00649083
0.00723012
0.00788222
0.00842683
0.00884536
0.00912223
0.00923905
-0.00269405
-0.00257425
-0.00228559
-0.00184661
-0.00127145
-0.000577205
0.000217154
0.0010917
0.00202602
0.00299947
0.00399113
0.0049797
0.00594322
0.00685897
0.00770333
0.00845207
0.00908092
0.00956688
0.00988998
0.0100272
-0.00361004
-0.00347036
-0.00313511
-0.00262733
-0.00196494
-0.00116894
-0.000261794
0.000733682
0.00179482
0.00289925
0.00402472
0.00514868
0.00624772
0.00729711
0.00827042
0.00913946
0.00987487
0.0104475
0.0108309
0.0109952
-0.00471834
-0.00455286
-0.00415829
-0.00356416
-0.0027939
-0.0018739
-0.000831175
0.000307978
0.00151845
0.00277631
0.00405829
0.00534112
0.0066004
0.00780971
0.00893974
0.00995776
0.0108279
0.0115125
0.0119756
0.0121767
-0.00605396
-0.00585415
-0.00538303
-0.00467967
-0.00377565
-0.00270487
-0.00150019
-0.000192028
0.00119203
0.00262689
0.00408898
0.00555524
0.00700124
0.0083997
0.00971877
0.0109208
0.0119619
0.0127927
0.0133629
0.0136157
-0.00766267
-0.00741546
-0.00684361
-0.00600016
-0.00492912
-0.00367472
-0.00227734
-0.000772093
0.000811176
0.00244704
0.00411292
0.00578733
0.00744748
0.00906683
0.0106123
0.0120415
0.0133008
0.0143255
0.0150435
0.0153722
-0.00960599
-0.00929025
-0.0085822
-0.0075556
-0.00627373
-0.00479488
-0.00316884
-0.00143582
0.00037293
0.00223311
0.00412502
0.00603096
0.00793222
0.00980563
0.0116194
0.0133282
0.0148684
0.0161553
0.0170832
0.0175301
-0.0119703
-0.0115491
-0.0106508
-0.00937882
-0.00782723
-0.00607274
-0.00417647
-0.00218289
-0.00012298
0.0019824
0.00411907
0.0062761
0.00844238
0.0106021
0.0127292
0.01478
0.0166832
0.0183317
0.0195648
0.0202152
-0.0148845
-0.0142808
-0.0131127
-0.0115029
-0.00960161
-0.00750793
-0.00529394
-0.00300616
-0.000672057
0.00169439
0.00408799
0.00650834
0.00895649
0.0114297
0.0139146
0.0163774
0.018748
0.0209051
0.0225882
0.0236303
-0.0186356
-0.0176162
-0.0160453
-0.013955
-0.0115969
-0.00908564
-0.00650165
-0.00388778
-0.00126232
0.00137247
0.00402473
0.00670853
0.00944258
0.0122441
0.0151226
0.0180685
0.0210301
0.0239041
0.0262544
0.0281246
-0.0230127
-0.0215762
-0.0195046
-0.0167398
-0.0137866
-0.0107664
-0.00775945
-0.00479432
-0.00187147
0.00102583
0.00392397
0.00685371
0.00985708
0.0129783
0.0162622
0.0197434
0.0234178
0.027302
0.0305508
0.0340641
-0.031494
-0.0268889
-0.0238114
-0.0198987
-0.0161147
-0.0124706
-0.00899438
-0.00566993
-0.00246223
0.000673541
0.00379
0.00692031
0.0101492
0.0135481
0.0172123
0.0212763
0.0258776
0.0314404
0.0363245
0.0438485
-0.0372249
-0.0325315
-0.0282898
-0.0231485
-0.0184325
-0.014096
-0.0101325
-0.00646263
-0.00300378
0.000321605
0.00358467
0.0068801
0.0102609
0.0138293
0.0176976
0.0220217
0.0267938
0.0336955
0.037935
0.0518286
-0.0669451
-0.0378659
-0.0326502
-0.0254973
-0.0197186
-0.0149385
-0.0107062
-0.00685714
-0.00327502
0.000141087
0.00348052
0.00683108
0.0102857
0.0139721
0.0180941
0.0231208
0.0293899
0.0402074
0.0509806
0.0899535
1.48625e-06
6.84163e-05
0.000229643
0.000476719
0.000803294
0.00120107
0.00165998
0.00216853
0.00271402
0.00328286
0.00386085
0.00443346
0.00498613
0.00550458
0.00597516
0.0063852
0.0067234
0.00698029
0.00714849
0.00721886
-6.41442e-05
3.89843e-06
0.000168116
0.000419664
0.000752114
0.00115701
0.00162411
0.0021417
0.0026969
0.00327591
0.00386433
0.00444739
0.00501032
0.00553857
0.00601822
0.00643634
0.00678134
0.0070435
0.00721525
0.00728701
-0.000228378
-0.000157395
1.42662e-05
0.000277165
0.000624501
0.00104737
0.00153505
0.00207531
0.00265477
0.00325913
0.00387346
0.00448248
0.00507084
0.0056234
0.00612559
0.00656377
0.00692569
0.00720092
0.00738138
0.0074567
-0.000490031
-0.00041415
-0.000230544
5.0524e-05
0.000421642
0.000873175
0.0013936
0.00196989
0.00258785
0.00323239
0.0038878
0.00453798
0.00516671
0.00575792
0.00629601
0.00676626
0.00715525
0.0074515
0.00764594
0.00772718
-0.000856052
-0.00077319
-0.000572704
-0.000266034
0.000138495
0.000630169
0.00119632
0.0018228
0.0024943
0.00319467
0.00390716
0.00461459
0.0052996
0.00594485
0.00653332
0.00704874
0.00747605
0.00780217
0.00801659
0.00810636
-0.00133618
-0.00124399
-0.00102105
-0.000680453
-0.000231837
0.00031258
0.000938583
0.00163051
0.00237167
0.00314458
0.00393124
0.00471318
0.00547165
0.00618772
0.00684259
0.00741789
0.00789635
0.00826256
0.00850396
0.00860535
-0.00194336
-0.00183905
-0.00158716
-0.00120305
-0.000698215
-8.69354e-05
0.000614514
0.00138857
0.00221682
0.00308028
0.00395952
0.00483464
0.00568533
0.00649084
0.00723013
0.00788224
0.00842686
0.00884539
0.00912227
0.00923908
-0.00269429
-0.00257448
-0.0022858
-0.0018468
-0.0012716
-0.000577328
0.000217061
0.00109163
0.00202598
0.00299945
0.00399113
0.00497971
0.00594324
0.006859
0.00770337
0.0084521
0.00908096
0.00956692
0.00989002
0.0100272
-0.00361035
-0.00347066
-0.00313538
-0.00262757
-0.00196513
-0.00116909
-0.000261902
0.00073361
0.00179478
0.00289924
0.00402473
0.00514871
0.00624776
0.00729716
0.00827048
0.00913952
0.00987493
0.0104476
0.010831
0.0109953
-0.00471874
-0.00455324
-0.00415863
-0.00356444
-0.00279413
-0.00187408
-0.000831298
0.000307904
0.00151842
0.00277631
0.00405832
0.00534118
0.00660048
0.0078098
0.00893983
0.00995785
0.010828
0.0115125
0.0119756
0.0121767
-0.00605447
-0.00585463
-0.00538346
-0.00468002
-0.00377594
-0.00270507
-0.00150032
-0.000192099
0.00119202
0.00262692
0.00408905
0.00555534
0.00700136
0.00839983
0.00971891
0.010921
0.011962
0.0127928
0.013363
0.0136158
-0.00766332
-0.00741606
-0.00684414
-0.0060006
-0.00492945
-0.00367496
-0.00227749
-0.000772152
0.000811187
0.00244711
0.00411303
0.00578748
0.00744766
0.00906703
0.0106125
0.0120416
0.013301
0.0143257
0.0150436
0.0153724
-0.0096068
-0.00929101
-0.00858286
-0.00755613
-0.00627413
-0.00479514
-0.00316898
-0.00143585
0.000372983
0.00223323
0.00412521
0.00603119
0.00793249
0.00980591
0.0116197
0.0133285
0.0148686
0.0161555
0.0170834
0.0175302
-0.0119714
-0.0115501
-0.0106516
-0.00937945
-0.00782769
-0.00607302
-0.00417659
-0.00218289
-0.000122867
0.00198261
0.00411935
0.00627644
0.00844276
0.0106025
0.0127296
0.0147803
0.0166836
0.018332
0.0195651
0.0202155
-0.0148858
-0.014282
-0.0131136
-0.0115036
-0.00960212
-0.00750822
-0.00529404
-0.00300611
-0.000671867
0.00169469
0.00408838
0.0065088
0.00895701
0.0114302
0.0139152
0.0163779
0.0187485
0.0209055
0.0225885
0.0236305
-0.0186371
-0.0176176
-0.0160464
-0.0139558
-0.0115974
-0.00908592
-0.0065017
-0.00388764
-0.00126203
0.00137288
0.00402525
0.00670913
0.00944326
0.0122448
0.0151233
0.0180692
0.0210307
0.0239046
0.0262548
0.0281249
-0.0230145
-0.0215778
-0.0195059
-0.0167408
-0.0137872
-0.0107666
-0.00775944
-0.0047941
-0.00187108
0.00102637
0.00392462
0.00685446
0.00985793
0.0129792
0.0162631
0.0197443
0.0234186
0.0273026
0.0305513
0.0340644
-0.0314961
-0.0268908
-0.0238128
-0.0198998
-0.0161153
-0.0124708
-0.00899431
-0.00566963
-0.00246174
0.000674189
0.00379076
0.00692122
0.0101502
0.0135492
0.0172134
0.0212774
0.0258785
0.0314412
0.036325
0.0438488
-0.0372274
-0.0325336
-0.0282915
-0.0231496
-0.0184331
-0.0140962
-0.0101324
-0.00646224
-0.00300319
0.000322367
0.0035856
0.00688115
0.010262
0.0138305
0.0176988
0.022023
0.0267949
0.0336963
0.0379356
0.051829
-0.0669477
-0.0378682
-0.0326519
-0.0254985
-0.0197192
-0.0149387
-0.0107061
-0.00685672
-0.00327438
0.0001419
0.0034815
0.00683219
0.010287
0.0139734
0.0180955
0.0231221
0.0293911
0.0402082
0.0509812
0.0899537
1.37244e-06
6.83082e-05
0.000229545
0.000476632
0.000803219
0.001201
0.00165993
0.00216848
0.00271398
0.00328282
0.00386081
0.00443343
0.0049861
0.00550455
0.00597513
0.00638517
0.00672338
0.00698028
0.00714848
0.00721886
-6.42699e-05
3.77883e-06
0.000168007
0.000419568
0.000752031
0.00115694
0.00162405
0.00214165
0.00269685
0.00327587
0.00386429
0.00444736
0.00501029
0.00553854
0.0060182
0.00643632
0.00678133
0.00704349
0.00721525
0.00728701
-0.000228527
-0.000157538
1.41358e-05
0.000277049
0.000624401
0.00104729
0.00153498
0.00207526
0.00265473
0.00325909
0.00387342
0.00448245
0.00507081
0.00562337
0.00612557
0.00656376
0.00692568
0.00720092
0.00738138
0.0074567
-0.000490215
-0.000414326
-0.000230706
5.03804e-05
0.000421519
0.000873071
0.00139351
0.00196982
0.00258779
0.00323234
0.00388776
0.00453795
0.00516669
0.0057579
0.006296
0.00676625
0.00715525
0.00745151
0.00764596
0.0077272
-0.000856285
-0.000773412
-0.000572909
-0.000266215
0.000138339
0.00063004
0.00119622
0.00182272
0.00249424
0.00319462
0.00390712
0.00461457
0.00529958
0.00594484
0.00653332
0.00704874
0.00747607
0.00780219
0.00801662
0.00810639
-0.00133648
-0.00124427
-0.00102131
-0.000680682
-0.000232033
0.000312419
0.000938455
0.00163041
0.00237159
0.00314453
0.00393121
0.00471317
0.00547164
0.00618773
0.0068426
0.00741792
0.00789638
0.0082626
0.008504
0.00860539
-0.00194373
-0.00183941
-0.00158749
-0.00120334
-0.000698459
-8.71342e-05
0.000614359
0.00138845
0.00221674
0.00308023
0.0039595
0.00483464
0.00568534
0.00649086
0.00723017
0.00788228
0.0084269
0.00884545
0.00912233
0.00923914
-0.00269478
-0.00257494
-0.00228622
-0.00184716
-0.00127191
-0.000577571
0.000216877
0.0010915
0.0020259
0.0029994
0.00399112
0.00497972
0.00594328
0.00685905
0.00770343
0.00845217
0.00908104
0.009567
0.0098901
0.0100273
-0.00361097
-0.00347125
-0.00313591
-0.00262803
-0.00196551
-0.00116939
-0.000262117
0.000733468
0.0017947
0.00289921
0.00402474
0.00514876
0.00624784
0.00729726
0.00827058
0.00913963
0.00987504
0.0104477
0.0108311
0.0109954
-0.00471954
-0.00455399
-0.0041593
-0.00356502
-0.0027946
-0.00187443
-0.000831541
0.000307756
0.00151836
0.00277632
0.00405838
0.00534128
0.00660061
0.00780995
0.00893999
0.00995802
0.0108281
0.0115127
0.0119758
0.0121769
-0.00605548
-0.00585559
-0.00538431
-0.00468074
-0.0037765
-0.00270548
-0.00150059
-0.000192241
0.00119198
0.00262697
0.00408918
0.00555552
0.00700158
0.00840008
0.00971917
0.0109212
0.0119622
0.012793
0.0133632
0.013616
-0.00766462
-0.00741728
-0.00684521
-0.00600148
-0.00493012
-0.00367542
-0.00227777
-0.00077227
0.000811207
0.00244724
0.00411326
0.00578778
0.00744801
0.00906741
0.0106129
0.012042
0.0133013
0.014326
0.0150439
0.0153726
-0.00960845
-0.00929254
-0.00858418
-0.0075572
-0.00627491
-0.00479566
-0.00316926
-0.00143592
0.000373087
0.00223348
0.00412557
0.00603165
0.00793301
0.00980648
0.0116202
0.0133291
0.0148691
0.0161559
0.0170837
0.0175306
-0.0119734
-0.011552
-0.0106532
-0.00938073
-0.00782859
-0.00607357
-0.00417684
-0.00218288
-0.000122641
0.00198301
0.0041199
0.0062771
0.00844351
0.0106033
0.0127305
0.0147811
0.0166843
0.0183326
0.0195656
0.0202158
-0.0148884
-0.0142844
-0.0131156
-0.0115051
-0.00960313
-0.00750878
-0.00529422
-0.00300597
-0.000671478
0.00169529
0.00408915
0.00650972
0.00895804
0.0114313
0.0139163
0.016379
0.0187494
0.0209063
0.0225891
0.023631
-0.0186403
-0.0176205
-0.0160488
-0.0139575
-0.0115985
-0.00908646
-0.00650178
-0.00388735
-0.00126144
0.00137371
0.00402629
0.00671035
0.00944463
0.0122462
0.0151248
0.0180706
0.0210319
0.0239056
0.0262555
0.0281254
-0.0230184
-0.0215813
-0.0195087
-0.0167427
-0.0137884
-0.0107671
-0.00775938
-0.00479362
-0.00187026
0.00102746
0.00392594
0.00685601
0.00985966
0.012981
0.016265
0.0197461
0.0234202
0.0273038
0.0305522
0.0340649
-0.0315005
-0.0268948
-0.0238159
-0.0199019
-0.0161165
-0.0124712
-0.0089941
-0.00566895
-0.00246069
0.00067553
0.00379232
0.00692308
0.0101523
0.0135514
0.0172158
0.0212796
0.0258805
0.0314426
0.036326
0.0438492
-0.0372326
-0.0325382
-0.0282949
-0.0231519
-0.0184343
-0.0140965
-0.010132
-0.00646139
-0.00300194
0.000323958
0.00358754
0.00688331
0.0102644
0.0138331
0.0177016
0.0220256
0.0267973
0.0336982
0.037937
0.0518295
-0.0669533
-0.0378732
-0.0326556
-0.0255009
-0.0197205
-0.014939
-0.0107057
-0.00685578
-0.00327303
0.000143603
0.00348352
0.00683449
0.0102895
0.0139761
0.0180984
0.0231249
0.0293935
0.04021
0.0509824
0.0899539
1.21035e-06
6.81563e-05
0.000229409
0.000476514
0.000803119
0.00120092
0.00165986
0.00216842
0.00271392
0.00328277
0.00386076
0.00443338
0.00498605
0.0055045
0.00597508
0.00638513
0.00672335
0.00698025
0.00714847
0.00721885
-6.44513e-05
3.60825e-06
0.000167853
0.000419434
0.000751916
0.00115684
0.00162396
0.00214158
0.00269679
0.00327582
0.00386424
0.00444731
0.00501024
0.00553849
0.00601816
0.00643628
0.0067813
0.00704347
0.00721524
0.00728701
-0.000228745
-0.000157744
1.39494e-05
0.000276886
0.000624261
0.00104717
0.00153488
0.00207517
0.00265466
0.00325903
0.00387337
0.0044824
0.00507077
0.00562333
0.00612553
0.00656373
0.00692566
0.00720092
0.00738139
0.00745672
-0.000490487
-0.000414583
-0.00023094
5.01748e-05
0.000421343
0.000872924
0.00139339
0.00196972
0.00258771
0.00323228
0.00388771
0.0045379
0.00516665
0.00575788
0.00629598
0.00676624
0.00715525
0.00745152
0.00764598
0.00772724
-0.000856628
-0.000773739
-0.000573206
-0.000266476
0.000138116
0.000629855
0.00119607
0.0018226
0.00249414
0.00319455
0.00390707
0.00461453
0.00529956
0.00594482
0.00653331
0.00704875
0.00747608
0.00780222
0.00801666
0.00810645
-0.00133692
-0.00124469
-0.00102169
-0.000681015
-0.000232315
0.000312187
0.00093827
0.00163027
0.00237149
0.00314446
0.00393116
0.00471314
0.00547163
0.00618773
0.00684262
0.00741794
0.00789642
0.00826265
0.00850407
0.00860547
-0.00194429
-0.00183994
-0.00158798
-0.00120376
-0.000698814
-8.74221e-05
0.000614134
0.00138829
0.00221663
0.00308016
0.00395946
0.00483463
0.00568535
0.00649089
0.00723021
0.00788233
0.00842697
0.00884552
0.00912242
0.00923924
-0.00269549
-0.00257562
-0.00228684
-0.0018477
-0.00127235
-0.000577925
0.000216609
0.00109131
0.00202578
0.00299934
0.0039911
0.00497974
0.00594333
0.00685912
0.00770351
0.00845227
0.00908114
0.00956711
0.00989022
0.0100274
-0.00361189
-0.00347212
-0.0031367
-0.0026287
-0.00196606
-0.00116982
-0.000262431
0.000733258
0.00179458
0.00289917
0.00402476
0.00514882
0.00624794
0.00729738
0.00827072
0.00913978
0.00987519
0.0104478
0.0108313
0.0109956
-0.00472072
-0.00455511
-0.0041603
-0.00356587
-0.00279528
-0.00187494
-0.0008319
0.000307536
0.00151826
0.00277632
0.00405846
0.00534142
0.0066008
0.00781017
0.00894022
0.00995825
0.0108283
0.0115129
0.011976
0.0121771
-0.00605701
-0.00585702
-0.00538558
-0.00468179
-0.00377732
-0.00270608
-0.00150099
-0.000192455
0.00119192
0.00262704
0.00408935
0.00555578
0.00700189
0.00840042
0.00971953
0.0109216
0.0119626
0.0127933
0.0133635
0.0136162
-0.00766659
-0.00741912
-0.00684682
-0.00600279
-0.00493111
-0.00367611
-0.00227818
-0.000772449
0.000811227
0.00244743
0.00411358
0.0057882
0.00744851
0.00906795
0.0106134
0.0120426
0.0133018
0.0143264
0.0150443
0.0153729
-0.00961098
-0.00929489
-0.00858619
-0.00755879
-0.00627608
-0.00479642
-0.00316966
-0.00143602
0.000373234
0.00223383
0.0041261
0.00603231
0.00793377
0.00980729
0.0116211
0.0133298
0.0148698
0.0161565
0.0170842
0.017531
-0.0119767
-0.011555
-0.0106557
-0.00938265
-0.00782992
-0.00607438
-0.00417719
-0.00218285
-0.000122305
0.0019836
0.00412069
0.00627807
0.00844461
0.0106045
0.0127316
0.0147822
0.0166853
0.0183334
0.0195662
0.0202163
-0.0148925
-0.0142881
-0.0131187
-0.0115074
-0.00960461
-0.00750958
-0.00529445
-0.00300575
-0.000670881
0.00169618
0.00409031
0.00651109
0.00895959
0.011433
0.013918
0.0163806
0.0187508
0.0209074
0.0225899
0.0236315
-0.0186454
-0.0176251
-0.0160524
-0.0139601
-0.0116001
-0.0090872
-0.00650182
-0.00388685
-0.00126052
0.00137499
0.00402786
0.0067122
0.00944671
0.0122485
0.0151271
0.0180728
0.0210339
0.0239071
0.0262566
0.028126
-0.0230248
-0.0215868
-0.019513
-0.0167456
-0.01379
-0.0107677
-0.00775917
-0.00479279
-0.00186896
0.00102915
0.00392797
0.00685839
0.00986235
0.012984
0.0162681
0.0197491
0.0234227
0.0273058
0.0305535
0.0340655
-0.0315079
-0.0269013
-0.0238207
-0.019905
-0.0161181
-0.0124716
-0.00899359
-0.00566776
-0.00245899
0.00067765
0.00379475
0.00692598
0.0101556
0.013555
0.0172195
0.0212833
0.0258836
0.0314449
0.0363273
0.0438492
-0.0372414
-0.0325457
-0.0283003
-0.0231553
-0.0184359
-0.0140967
-0.0101312
-0.00645988
-0.00299988
0.000326507
0.00359061
0.00688672
0.0102683
0.0138373
0.017706
0.0220301
0.0268015
0.0337012
0.0379392
0.0518297
-0.0669631
-0.0378816
-0.0326616
-0.0255045
-0.0197221
-0.0149392
-0.0107047
-0.0068541
-0.00327078
0.000146346
0.00348673
0.00683815
0.0102936
0.0139807
0.0181031
0.0231296
0.0293976
0.0402127
0.050984
0.0899529
1.01001e-06
6.79732e-05
0.000229249
0.000476379
0.000803008
0.00120083
0.00165978
0.00216835
0.00271386
0.0032827
0.0038607
0.00443331
0.00498598
0.00550443
0.00597501
0.00638506
0.00672329
0.00698021
0.00714844
0.00721883
-6.46808e-05
3.39697e-06
0.000167667
0.000419276
0.000751785
0.00115673
0.00162387
0.0021415
0.00269672
0.00327575
0.00386417
0.00444724
0.00501017
0.00553843
0.00601809
0.00643622
0.00678125
0.00704344
0.00721523
0.00728701
-0.000229026
-0.000158004
1.3718e-05
0.000276687
0.000624094
0.00104703
0.00153476
0.00207508
0.00265457
0.00325896
0.0038733
0.00448234
0.00507071
0.00562328
0.00612548
0.00656369
0.00692563
0.00720091
0.00738139
0.00745674
-0.000490841
-0.000414913
-0.000231235
4.99191e-05
0.000421127
0.000872745
0.00139324
0.0019696
0.00258761
0.0032322
0.00388764
0.00453784
0.0051666
0.00575783
0.00629595
0.00676622
0.00715524
0.00745153
0.00764601
0.00772728
-0.000857077
-0.00077416
-0.000573585
-0.000266806
0.000137838
0.000629625
0.00119588
0.00182245
0.00249403
0.00319446
0.003907
0.00461447
0.00529952
0.00594479
0.0065333
0.00704874
0.0074761
0.00780225
0.00801672
0.00810652
-0.00133749
-0.00124522
-0.00102217
-0.000681437
-0.00023267
0.000311896
0.000938038
0.00163009
0.00237135
0.00314436
0.00393109
0.00471309
0.00547161
0.00618772
0.00684262
0.00741796
0.00789646
0.00826271
0.00850415
0.00860557
-0.00194503
-0.00184063
-0.0015886
-0.0012043
-0.000699264
-8.77862e-05
0.00061385
0.00138807
0.00221647
0.00308006
0.0039594
0.0048346
0.00568535
0.00649091
0.00723025
0.00788239
0.00842704
0.00884562
0.00912253
0.00923938
-0.00269644
-0.00257651
-0.00228763
-0.00184838
-0.00127292
-0.000578375
0.000216266
0.00109107
0.00202561
0.00299925
0.00399106
0.00497975
0.00594337
0.00685918
0.00770359
0.00845236
0.00908125
0.00956724
0.00989037
0.0100276
-0.00361311
-0.00347326
-0.00313772
-0.00262957
-0.00196677
-0.00117037
-0.000262836
0.000732983
0.00179442
0.0028991
0.00402477
0.00514889
0.00624805
0.00729752
0.00827087
0.00913994
0.00987536
0.010448
0.0108315
0.0109958
-0.0047223
-0.00455659
-0.00416161
-0.00356696
-0.00279615
-0.00187561
-0.000832366
0.000307243
0.00151811
0.0027763
0.00405854
0.00534158
0.00660101
0.00781041
0.00894048
0.00995851
0.0108286
0.0115132
0.0119762
0.0121773
-0.00605906
-0.00585893
-0.00538725
-0.00468317
-0.0037784
-0.00270687
-0.0015015
-0.000192742
0.00119183
0.00262711
0.00408955
0.00555607
0.00700226
0.00840083
0.00971995
0.010922
0.011963
0.0127937
0.0133638
0.0136166
-0.00766925
-0.00742159
-0.00684895
-0.00600451
-0.00493241
-0.00367701
-0.00227873
-0.000772693
0.000811234
0.00244764
0.00411396
0.00578871
0.00744911
0.00906861
0.0106141
0.0120432
0.0133024
0.0143269
0.0150447
0.0153733
-0.00961445
-0.00929808
-0.00858889
-0.00756091
-0.00627761
-0.00479742
-0.00317019
-0.00143617
0.00037341
0.00223427
0.00412674
0.00603312
0.0079347
0.0098083
0.0116221
0.0133308
0.0148707
0.0161572
0.0170847
0.0175314
-0.0119812
-0.0115591
-0.0106591
-0.00938521
-0.00783168
-0.00607542
-0.00417763
-0.0021828
-0.00012187
0.00198435
0.00412171
0.0062793
0.00844601
0.010606
0.0127332
0.0147837
0.0166865
0.0183343
0.0195669
0.0202168
-0.0148983
-0.0142933
-0.0131228
-0.0115104
-0.00960655
-0.00751058
-0.00529471
-0.00300541
-0.000670077
0.00169737
0.00409181
0.00651288
0.00896161
0.0114352
0.0139202
0.0163827
0.0187526
0.0209088
0.0225908
0.023632
-0.0186529
-0.0176316
-0.0160575
-0.0139636
-0.0116021
-0.00908804
-0.00650176
-0.00388609
-0.00125922
0.00137671
0.00402997
0.00671467
0.00944951
0.0122515
0.0151302
0.0180759
0.0210365
0.023909
0.0262578
0.0281264
-0.0230344
-0.021595
-0.019519
-0.0167494
-0.013792
-0.0107682
-0.00775865
-0.00479149
-0.00186707
0.00103151
0.00393076
0.00686165
0.00986606
0.0129881
0.0162724
0.0197533
0.0234264
0.0273084
0.0305552
0.0340657
-0.0315191
-0.0269109
-0.0238274
-0.0199091
-0.0161199
-0.0124717
-0.00899252
-0.00566586
-0.00245647
0.000680661
0.00379815
0.00693005
0.0101603
0.0135603
0.0172251
0.0212887
0.0258884
0.031448
0.0363289
0.0438485
-0.0372555
-0.0325573
-0.028308
-0.0231597
-0.0184376
-0.0140965
-0.0101297
-0.00645742
-0.00299676
0.000330205
0.003595
0.0068916
0.0102738
0.0138435
0.0177128
0.0220372
0.0268082
0.0337059
0.0379427
0.0518292
-0.0669789
-0.0378948
-0.0326701
-0.0255092
-0.0197238
-0.0149388
-0.0107029
-0.00685134
-0.00326735
0.00015036
0.00349137
0.00684343
0.0102996
0.0139874
0.0181105
0.0231369
0.0294041
0.0402164
0.0509857
0.0899493
7.85179e-07
6.77817e-05
0.000229094
0.000476259
0.000802917
0.00120076
0.00165972
0.0021683
0.00271379
0.00328264
0.00386062
0.00443322
0.00498588
0.00550432
0.0059749
0.00638495
0.00672319
0.00698013
0.00714838
0.00721881
-6.49521e-05
3.15937e-06
0.000167469
0.000419116
0.000751657
0.00115663
0.00162379
0.00214142
0.00269665
0.00327567
0.00386409
0.00444716
0.00501008
0.00553833
0.00601799
0.00643613
0.00678118
0.00704338
0.0072152
0.00728702
-0.000229368
-0.000158309
1.34569e-05
0.00027647
0.000623917
0.00104689
0.00153464
0.00207498
0.00265448
0.00325887
0.00387322
0.00448226
0.00507062
0.0056232
0.0061254
0.00656362
0.00692559
0.00720088
0.0073814
0.00745678
-0.000491276
-0.000415307
-0.000231578
4.96298e-05
0.000420887
0.000872548
0.00139308
0.00196947
0.0025875
0.0032321
0.00388756
0.00453777
0.00516653
0.00575777
0.00629589
0.00676618
0.00715522
0.00745154
0.00764606
0.00772736
-0.000857631
-0.000774665
-0.00057403
-0.000267185
0.000137523
0.000629366
0.00119567
0.00182228
0.00249389
0.00319436
0.00390692
0.0046144
0.00529946
0.00594475
0.00653326
0.00704873
0.00747611
0.00780229
0.00801679
0.00810663
-0.00133819
-0.00124587
-0.00102275
-0.000681927
-0.000233079
0.000311564
0.000937773
0.00162989
0.0023712
0.00314424
0.00393101
0.00471303
0.00547156
0.0061877
0.00684261
0.00741797
0.00789649
0.00826278
0.00850426
0.00860572
-0.00194592
-0.00184146
-0.00158933
-0.00120493
-0.000699787
-8.82075e-05
0.00061352
0.00138782
0.00221629
0.00307993
0.00395932
0.00483455
0.00568533
0.00649091
0.00723026
0.00788242
0.0084271
0.00884571
0.00912267
0.00923956
-0.00269759
-0.00257758
-0.00228858
-0.00184919
-0.00127358
-0.000578902
0.000215863
0.00109077
0.00202541
0.00299912
0.003991
0.00497973
0.00594339
0.00685923
0.00770366
0.00845244
0.00908135
0.00956737
0.00989055
0.0100278
-0.0036146
-0.00347464
-0.00313893
-0.0026306
-0.00196761
-0.00117102
-0.000263317
0.000732649
0.00179421
0.00289899
0.00402474
0.00514893
0.00624813
0.00729764
0.00827101
0.00914009
0.00987552
0.0104482
0.0108317
0.010996
-0.00472424
-0.00455838
-0.00416318
-0.00356828
-0.0027972
-0.0018764
-0.000832926
0.000306882
0.00151792
0.00277624
0.00405859
0.00534172
0.0066012
0.00781064
0.00894073
0.00995875
0.0108288
0.0115134
0.0119765
0.0121776
-0.00606161
-0.00586128
-0.00538928
-0.00468484
-0.00377969
-0.00270781
-0.00150213
-0.000193105
0.00119169
0.00262715
0.00408973
0.00555637
0.00700263
0.00840125
0.00972037
0.0109224
0.0119633
0.012794
0.0133641
0.0136169
-0.00767262
-0.00742467
-0.00685157
-0.00600661
-0.00493398
-0.0036781
-0.00227939
-0.00077301
0.000811204
0.00244784
0.00411435
0.00578925
0.00744975
0.0090693
0.0106148
0.0120438
0.0133029
0.0143274
0.015045
0.0153737
-0.00961892
-0.00930213
-0.00859227
-0.00756352
-0.00627948
-0.00479862
-0.00317084
-0.00143636
0.000373577
0.00223473
0.00412745
0.00603402
0.00793575
0.00980942
0.0116232
0.0133319
0.0148716
0.0161578
0.0170852
0.0175317
-0.0119871
-0.0115644
-0.0106634
-0.0093884
-0.00783382
-0.00607666
-0.00417815
-0.00218276
-0.000121374
0.00198521
0.00412287
0.00628072
0.00844764
0.0106078
0.012735
0.0147854
0.0166879
0.0183353
0.0195675
0.0202171
-0.0149062
-0.0143002
-0.0131282
-0.0115142
-0.00960887
-0.00751172
-0.00529494
-0.00300495
-0.000669091
0.00169878
0.0040936
0.006515
0.00896404
0.0114378
0.0139229
0.0163853
0.0187549
0.0209103
0.0225917
0.0236321
-0.0186633
-0.0176406
-0.0160641
-0.0139679
-0.0116045
-0.00908887
-0.00650148
-0.00388502
-0.00125756
0.00137886
0.00403256
0.00671772
0.00945299
0.0122554
0.0151343
0.0180799
0.0210399
0.0239114
0.026259
0.028126
-0.0230487
-0.0216065
-0.0195268
-0.0167541
-0.0137941
-0.0107685
-0.0077576
-0.00478958
-0.00186454
0.00103455
0.00393429
0.00686579
0.00987085
0.0129934
0.0162781
0.0197591
0.0234316
0.027312
0.0305573
0.0340647
-0.0315357
-0.0269246
-0.023836
-0.0199136
-0.0161213
-0.0124712
-0.0089905
-0.00566296
-0.00245296
0.000684676
0.00380258
0.00693539
0.0101665
0.0135674
0.0172329
0.0212966
0.0258954
0.031452
0.0363305
0.0438444
-0.0372781
-0.0325743
-0.0283179
-0.0231641
-0.0184382
-0.0140948
-0.0101266
-0.0064535
-0.00299226
0.000335295
0.00360094
0.0068982
0.0102814
0.0138524
0.017723
0.0220482
0.0268196
0.0337137
0.03795
0.051826
-0.067005
-0.037916
-0.0326818
-0.0255141
-0.0197242
-0.0149366
-0.0106993
-0.00684688
-0.00326233
0.000155956
0.0034977
0.00685067
0.010308
0.0139972
0.0181215
0.0231483
0.0294147
0.0402214
0.050987
0.0899361
5.48724e-07
6.76015e-05
0.000228963
0.00047617
0.000802853
0.00120071
0.00165968
0.00216825
0.00271375
0.00328257
0.00386053
0.00443311
0.00498574
0.00550416
0.00597472
0.00638477
0.00672303
0.00697999
0.00714829
0.00721877
-6.52664e-05
2.90918e-06
0.000167275
0.00041897
0.000751547
0.00115654
0.00162372
0.00214136
0.00269658
0.0032756
0.00386401
0.00444706
0.00500996
0.0055382
0.00601786
0.006436
0.00678106
0.0070433
0.00721517
0.00728704
-0.000229777
-0.000158648
1.31825e-05
0.000276254
0.000623747
0.00104675
0.00153453
0.00207488
0.0026544
0.00325879
0.00387314
0.00448216
0.00507052
0.00562309
0.0061253
0.00656353
0.00692551
0.00720085
0.00738142
0.00745685
-0.000491802
-0.000415755
-0.000231951
4.93264e-05
0.000420643
0.000872352
0.00139292
0.00196934
0.00258739
0.003232
0.00388746
0.00453768
0.00516644
0.00575768
0.00629581
0.00676611
0.00715519
0.00745154
0.00764612
0.00772749
-0.000858298
-0.000775244
-0.00057452
-0.000267591
0.000137191
0.000629098
0.00119546
0.00182211
0.00249375
0.00319424
0.00390682
0.00461432
0.00529938
0.00594467
0.0065332
0.00704869
0.0074761
0.00780233
0.00801689
0.00810681
-0.00133904
-0.00124661
-0.00102338
-0.000682457
-0.000233514
0.000311211
0.000937491
0.00162966
0.00237102
0.00314411
0.0039309
0.00471295
0.0054715
0.00618764
0.00684257
0.00741796
0.00789651
0.00826285
0.0085044
0.00860594
-0.00194699
-0.00184241
-0.00159015
-0.00120562
-0.00070035
-8.86605e-05
0.000613164
0.00138755
0.00221609
0.00307978
0.00395921
0.00483448
0.00568528
0.00649088
0.00723025
0.00788244
0.00842715
0.00884581
0.00912284
0.00923982
-0.00269896
-0.00257879
-0.00228963
-0.00185007
-0.0012743
-0.000579475
0.000215421
0.00109044
0.00202518
0.00299896
0.0039909
0.00497968
0.00594337
0.00685924
0.00770368
0.00845249
0.00908142
0.0095675
0.00989074
0.0100281
-0.00361636
-0.00347622
-0.0031403
-0.00263174
-0.00196852
-0.00117173
-0.000263854
0.000732265
0.00179395
0.00289884
0.00402468
0.00514893
0.00624818
0.00729771
0.00827109
0.00914018
0.00987563
0.0104483
0.0108319
0.0109964
-0.00472655
-0.00456045
-0.00416496
-0.00356974
-0.00279836
-0.00187728
-0.000833562
0.000306455
0.00151767
0.00277613
0.00405859
0.0053418
0.00660135
0.00781082
0.00894091
0.00995893
0.010829
0.0115136
0.0119768
0.012178
-0.00606466
-0.00586401
-0.00539161
-0.00468672
-0.00378114
-0.00270887
-0.00150286
-0.000193549
0.00119148
0.00262713
0.00408986
0.0055566
0.00700295
0.0084016
0.00972073
0.0109227
0.0119636
0.0127942
0.0133644
0.0136172
-0.0076767
-0.00742832
-0.00685462
-0.00600901
-0.00493577
-0.00367934
-0.00228018
-0.000773416
0.000811105
0.00244799
0.00411469
0.00578974
0.00745035
0.00906996
0.0106155
0.0120444
0.0133034
0.0143277
0.0150453
0.015374
-0.00962444
-0.00930703
-0.00859626
-0.00756656
-0.00628162
-0.0048
-0.0031716
-0.00143663
0.000373704
0.00223516
0.00412813
0.0060349
0.00793678
0.00981055
0.0116243
0.0133329
0.0148724
0.0161584
0.0170855
0.017532
-0.0119947
-0.011571
-0.0106686
-0.00939214
-0.00783628
-0.00607808
-0.00417875
-0.00218274
-0.000120875
0.00198608
0.00412406
0.00628219
0.00844933
0.0106096
0.0127368
0.0147871
0.0166893
0.0183362
0.0195679
0.0202171
-0.0149167
-0.0143091
-0.0131349
-0.0115187
-0.00961151
-0.00751296
-0.00529514
-0.00300441
-0.000667994
0.00170032
0.00409553
0.00651731
0.0089667
0.0114408
0.013926
0.0163883
0.0187573
0.0209118
0.0225923
0.0236316
-0.0186776
-0.0176523
-0.0160723
-0.0139729
-0.011607
-0.00908955
-0.00650092
-0.00388363
-0.00125558
0.00138133
0.00403549
0.00672118
0.00945701
0.0122599
0.0151392
0.0180847
0.0210441
0.023914
0.0262601
0.0281243
-0.0230697
-0.0216223
-0.0195367
-0.0167593
-0.0137959
-0.0107681
-0.00775582
-0.00478696
-0.00186136
0.00103822
0.00393849
0.00687072
0.00987664
0.0130001
0.0162856
0.0197667
0.0234387
0.0273165
0.03056
0.0340618
-0.03156
-0.0269435
-0.0238462
-0.0199183
-0.0161219
-0.0124691
-0.00898704
-0.00565876
-0.0024483
0.000689747
0.00380803
0.00694202
0.0101744
0.0135767
0.0172435
0.0213077
0.0259053
0.0314569
0.0363318
0.0438352
-0.0373135
-0.0325979
-0.0283295
-0.0231682
-0.018437
-0.0140907
-0.0101212
-0.00644755
-0.00298598
0.000342044
0.00360866
0.00690676
0.0102916
0.0138647
0.0177377
0.0220652
0.0268385
0.0337263
0.037963
0.0518183
-0.0670481
-0.0379486
-0.0326966
-0.0255192
-0.0197229
-0.0149318
-0.010693
-0.00684006
-0.00325523
0.000163497
0.00350608
0.00686029
0.0103195
0.0140111
0.0181379
0.023166
0.0294317
0.0402279
0.0509863
0.0899071
3.27934e-07
6.7542e-05
0.000228995
0.000476255
0.000802962
0.00120082
0.00165977
0.00216831
0.00271375
0.00328253
0.00386043
0.00443295
0.00498553
0.0055039
0.00597442
0.00638445
0.00672271
0.00697971
0.00714808
0.00721871
-6.56577e-05
2.67592e-06
0.000167143
0.000418905
0.000751524
0.00115654
0.00162371
0.00214135
0.00269655
0.00327554
0.00386392
0.00444693
0.0050098
0.00553801
0.00601765
0.00643579
0.00678087
0.00704316
0.0072151
0.00728714
-0.000230309
-0.000159011
1.2924e-05
0.000276073
0.000623621
0.00104666
0.00153446
0.00207482
0.00265433
0.00325871
0.00387304
0.00448205
0.00507039
0.00562295
0.00612515
0.00656338
0.00692539
0.00720078
0.00738144
0.00745705
-0.00049248
-0.00041625
-0.00023233
4.90386e-05
0.000420422
0.00087218
0.00139279
0.00196922
0.00258729
0.0032319
0.00388736
0.00453757
0.00516633
0.00575756
0.00629569
0.006766
0.00715511
0.00745153
0.00764621
0.00772777
-0.00085914
-0.000775883
-0.000575028
-0.000267991
0.000136874
0.000628845
0.00119525
0.00182194
0.00249361
0.00319412
0.00390671
0.00461421
0.00529928
0.00594457
0.0065331
0.00704861
0.00747606
0.00780236
0.00801704
0.00810715
-0.00134008
-0.00124742
-0.00102404
-0.000682989
-0.000233942
0.000310867
0.000937215
0.00162944
0.00237084
0.00314396
0.00393078
0.00471284
0.0054714
0.00618755
0.00684249
0.00741789
0.00789649
0.0082629
0.00850458
0.00860634
-0.00194829
-0.00184344
-0.001591
-0.00120631
-0.000700912
-8.91115e-05
0.000612805
0.00138727
0.00221587
0.00307961
0.00395907
0.00483437
0.00568519
0.0064908
0.00723018
0.00788238
0.00842713
0.00884588
0.00912305
0.00924027
-0.00270059
-0.00258012
-0.00229074
-0.00185097
-0.00127503
-0.000580056
0.000214966
0.00109009
0.00202491
0.00299877
0.00399076
0.00497958
0.00594329
0.00685917
0.00770362
0.00845244
0.00908141
0.00956757
0.00989097
0.0100286
-0.00361845
-0.00347794
-0.00314174
-0.00263291
-0.00196947
-0.00117247
-0.000264421
0.000731844
0.00179365
0.00289864
0.00402455
0.00514885
0.00624813
0.00729768
0.00827107
0.00914016
0.00987563
0.0104484
0.0108321
0.0109969
-0.00472926
-0.00456271
-0.00416684
-0.00357127
-0.00279956
-0.00187821
-0.000834252
0.000305966
0.00151734
0.00277594
0.0040585
0.00534179
0.00660137
0.00781086
0.00894095
0.00995895
0.010829
0.0115137
0.011977
0.0121785
-0.00606824
-0.00586703
-0.00539411
-0.00468872
-0.00378268
-0.00271001
-0.00150367
-0.000194085
0.00119116
0.00262699
0.00408986
0.00555671
0.00700312
0.0084018
0.00972091
0.0109228
0.0119637
0.0127943
0.0133646
0.0136178
-0.00768153
-0.0074324
-0.00685796
-0.00601161
-0.0049377
-0.00368071
-0.00228108
-0.000773949
0.000810865
0.00244798
0.00411486
0.00579007
0.00745078
0.00907043
0.0106159
0.0120448
0.0133036
0.0143278
0.0150455
0.0153744
-0.00963109
-0.00931265
-0.00860072
-0.0075699
-0.00628399
-0.00480156
-0.00317252
-0.00143706
0.000373648
0.00223541
0.00412863
0.00603561
0.00793764
0.00981149
0.0116253
0.0133337
0.0148729
0.0161586
0.0170855
0.0175321
-0.012004
-0.0115788
-0.0106745
-0.00939635
-0.00783903
-0.00607969
-0.00417952
-0.00218288
-0.000120554
0.00198679
0.00412509
0.00628349
0.00845088
0.0106113
0.0127386
0.0147887
0.0166904
0.0183366
0.0195677
0.0202166
-0.0149303
-0.01432
-0.0131426
-0.0115237
-0.00961442
-0.00751432
-0.00529543
-0.00300396
-0.000667
0.00170175
0.00409736
0.00651954
0.00896931
0.0114437
0.0139291
0.0163912
0.0187596
0.0209128
0.0225922
0.0236298
-0.0186973
-0.0176675
-0.016082
-0.0139785
-0.0116094
-0.00909002
-0.00650018
-0.00388209
-0.00125349
0.00138387
0.0040385
0.00672474
0.00946122
0.0122648
0.0151446
0.0180902
0.021049
0.0239166
0.0262609
0.0281196
-0.0231037
-0.0216445
-0.0195483
-0.0167643
-0.0137967
-0.0107666
-0.00775311
-0.00478363
-0.00185764
0.00104232
0.0039431
0.00687615
0.00988314
0.0130079
0.0162945
0.0197766
0.0234484
0.0273226
0.0305652
0.0340539
-0.031596
-0.0269694
-0.0238554
-0.0199198
-0.0161187
-0.0124639
-0.00898128
-0.0056529
-0.0024424
0.000695824
0.00381438
0.0069498
0.010184
0.0135885
0.0172576
0.0213232
0.0259206
0.031463
0.0363347
0.0438104
-0.0373816
-0.0326311
-0.0283369
-0.0231637
-0.0184272
-0.0140799
-0.010111
-0.00643822
-0.00297722
0.000350814
0.00361836
0.00691755
0.0103048
0.0138816
0.0177601
0.0220942
0.0268779
0.0337553
0.0380096
0.0518016
-0.0671307
-0.0380114
-0.0327121
-0.0255157
-0.0197124
-0.0149193
-0.010681
-0.00682913
-0.00324506
0.000173582
0.00351695
0.00687287
0.010335
0.0140309
0.0181635
0.0231959
0.0294661
0.0402378
0.0509841
0.0898095
1.26993e-07
6.75274e-05
0.000229066
0.00047638
0.000803109
0.00120096
0.00165989
0.00216839
0.00271378
0.00328249
0.00386034
0.00443279
0.0049853
0.00550361
0.00597408
0.00638408
0.00672233
0.00697937
0.00714782
0.00721865
-6.60831e-05
2.464e-06
0.000167021
0.000418855
0.000751513
0.00115655
0.00162372
0.00214134
0.00269653
0.00327549
0.00386383
0.00444681
0.00500965
0.00553782
0.00601744
0.00643556
0.00678066
0.007043
0.00721503
0.00728727
-0.000230885
-0.000159357
1.26928e-05
0.000275924
0.000623523
0.00104659
0.00153441
0.00207476
0.00265427
0.00325864
0.00387296
0.00448195
0.00507026
0.0056228
0.00612498
0.00656322
0.00692526
0.00720071
0.00738147
0.0074573
-0.00049321
-0.000416727
-0.000232676
4.87892e-05
0.000420239
0.000872039
0.00139267
0.00196912
0.0025872
0.00323182
0.00388727
0.00453747
0.00516621
0.00575744
0.00629557
0.00676589
0.00715503
0.00745152
0.00764631
0.0077281
-0.000860041
-0.000776501
-0.000575496
-0.000268345
0.0001366
0.000628628
0.00119508
0.0018218
0.00249349
0.003194
0.0039066
0.0046141
0.00529917
0.00594446
0.006533
0.00704851
0.00747601
0.00780239
0.00801718
0.00810756
-0.00134118
-0.00124821
-0.00102465
-0.000683463
-0.000234317
0.000310566
0.000936971
0.00162924
0.00237068
0.00314382
0.00393065
0.00471272
0.00547128
0.00618744
0.00684238
0.0074178
0.00789645
0.00826295
0.00850475
0.00860681
-0.00194965
-0.00184444
-0.00159179
-0.00120693
-0.000701411
-8.9515e-05
0.000612478
0.001387
0.00221565
0.00307944
0.00395893
0.00483424
0.00568507
0.00649069
0.00723008
0.0078823
0.0084271
0.00884593
0.00912323
0.0092408
-0.00270229
-0.00258139
-0.00229176
-0.00185179
-0.00127569
-0.000580587
0.00021454
0.00108976
0.00202465
0.00299856
0.0039906
0.00497945
0.00594318
0.00685907
0.00770353
0.00845236
0.00908138
0.00956762
0.00989116
0.0100292
-0.00362062
-0.00347959
-0.00314308
-0.00263398
-0.00197033
-0.00117316
-0.000264963
0.000731426
0.00179334
0.00289841
0.00402438
0.00514873
0.00624804
0.0072976
0.00827099
0.00914009
0.00987559
0.0104484
0.0108323
0.0109975
-0.00473208
-0.00456489
-0.00416862
-0.00357269
-0.0028007
-0.00187909
-0.000834925
0.000305467
0.00151699
0.0027757
0.00405836
0.00534171
0.00660135
0.00781085
0.00894094
0.00995894
0.010829
0.0115137
0.0119771
0.0121792
-0.00607199
-0.00586997
-0.00539651
-0.00469061
-0.00378415
-0.00271112
-0.00150448
-0.000194649
0.0011908
0.00262679
0.00408979
0.00555672
0.00700318
0.00840188
0.00972098
0.0109229
0.0119637
0.0127943
0.0133647
0.0136184
-0.00768663
-0.00743647
-0.00686121
-0.00601412
-0.00493958
-0.00368206
-0.002282
-0.00077453
0.000810554
0.00244788
0.00411494
0.00579024
0.00745102
0.00907069
0.0106161
0.0120449
0.0133037
0.0143278
0.0150455
0.0153749
-0.00963819
-0.00931837
-0.00860517
-0.0075732
-0.00628631
-0.00480311
-0.00317348
-0.00143756
0.000373502
0.00223553
0.00412894
0.00603607
0.00793819
0.00981207
0.0116258
0.0133341
0.0148731
0.0161585
0.0170854
0.0175322
-0.0120142
-0.0115869
-0.0106806
-0.00940056
-0.00784176
-0.0060813
-0.00418032
-0.0021831
-0.000120349
0.00198729
0.00412583
0.00628443
0.00845197
0.0106125
0.0127398
0.0147897
0.0166911
0.0183367
0.0195673
0.0202159
-0.0149455
-0.0143316
-0.0131506
-0.0115288
-0.00961727
-0.00751562
-0.00529571
-0.00300356
-0.000666171
0.00170291
0.00409881
0.00652128
0.00897136
0.011446
0.0139316
0.0163935
0.0187614
0.0209132
0.0225915
0.0236273
-0.0187195
-0.0176836
-0.016092
-0.013984
-0.0116117
-0.00909031
-0.00649927
-0.00388058
-0.0012516
0.00138609
0.0040411
0.00672782
0.00946489
0.0122691
0.0151494
0.0180951
0.0210533
0.0239183
0.0262605
0.0281133
-0.023144
-0.0216685
-0.0195603
-0.0167692
-0.013797
-0.0107646
-0.00775007
-0.00478017
-0.00185396
0.00104624
0.00394746
0.00688125
0.00988933
0.0130154
0.0163036
0.0197867
0.0234587
0.027328
0.0305698
0.0340431
-0.0316416
-0.0269971
-0.0238642
-0.0199207
-0.0161145
-0.0124577
-0.00897456
-0.00564635
-0.00243608
0.000702166
0.00382101
0.00695777
0.0101939
0.0136009
0.0172727
0.02134
0.0259373
0.0314673
0.0363348
0.0437807
-0.0374625
-0.0326552
-0.0283402
-0.023155
-0.0184137
-0.0140662
-0.0100985
-0.00642719
-0.00296721
0.000360531
0.00362882
0.00692933
0.0103194
0.0139009
0.0177861
0.0221284
0.0269261
0.0337894
0.0380665
0.0517821
-0.0672412
-0.0380813
-0.0327237
-0.0255101
-0.0196994
-0.0149042
-0.0106667
-0.00681638
-0.00323345
0.000184902
0.00352908
0.00688709
0.010353
0.0140546
0.0181947
0.0232325
0.0295093
0.0402485
0.0509649
0.0896788
-9.44438e-09
6.85241e-05
0.000230243
0.000477571
0.000804215
0.00120192
0.00166066
0.00216895
0.00271412
0.00328258
0.00386017
0.00443236
0.00498462
0.00550269
0.00597294
0.00638275
0.00672088
0.00697791
0.00714653
0.00721849
-6.73982e-05
2.32953e-06
0.000167125
0.000419057
0.00075174
0.00115676
0.0016239
0.00214147
0.00269659
0.00327548
0.00386375
0.00444664
0.00500939
0.00553748
0.00601702
0.00643509
0.00678017
0.00704258
0.00721483
0.00728827
-0.000232548
-0.000159766
1.25378e-05
0.000275893
0.000623543
0.00104663
0.00153444
0.00207478
0.00265427
0.0032586
0.00387288
0.00448182
0.00507009
0.00562256
0.00612471
0.00656291
0.00692495
0.0072005
0.00738149
0.0074586
-0.000495147
-0.000417315
-0.000232988
4.86174e-05
0.000420133
0.000871963
0.00139261
0.00196907
0.00258714
0.00323174
0.00388717
0.00453735
0.00516605
0.00575724
0.00629533
0.00676564
0.0071548
0.00745139
0.00764644
0.00772961
-0.000862256
-0.000777239
-0.000575932
-0.000268625
0.000136398
0.000628468
0.00119494
0.00182168
0.00249337
0.00319389
0.00390647
0.00461396
0.00529899
0.00594426
0.00653276
0.00704826
0.00747577
0.00780227
0.00801736
0.00810925
-0.00134373
-0.00124911
-0.00102522
-0.000683854
-0.000234619
0.000310316
0.000936754
0.00162905
0.0023705
0.00314365
0.00393048
0.00471254
0.00547108
0.0061872
0.00684212
0.00741752
0.00789618
0.00826281
0.00850493
0.00860869
-0.00195262
-0.00184554
-0.00159252
-0.00120747
-0.000701837
-8.98774e-05
0.000612161
0.00138672
0.0022154
0.0030792
0.0039587
0.00483401
0.00568482
0.00649041
0.00722976
0.00788195
0.00842676
0.00884573
0.0091234
0.00924289
-0.00270582
-0.00258277
-0.00229271
-0.00185251
-0.00127628
-0.000581097
0.000214093
0.00108936
0.0020243
0.00299825
0.0039903
0.00497916
0.00594287
0.00685873
0.00770314
0.00845193
0.00908094
0.00956732
0.00989126
0.0100315
-0.00362488
-0.00348135
-0.00314434
-0.00263497
-0.00197115
-0.00117387
-0.000265582
0.000730886
0.00179287
0.00289799
0.00402401
0.00514837
0.00624767
0.00729719
0.00827052
0.00913955
0.00987502
0.010448
0.0108323
0.0110001
-0.00473734
-0.00456722
-0.00417035
-0.00357406
-0.00280184
-0.00188007
-0.000835767
0.000304747
0.00151637
0.00277517
0.00405789
0.00534128
0.00660091
0.00781037
0.00894037
0.00995825
0.0108282
0.011513
0.0119769
0.012182
-0.00607867
-0.00587315
-0.00539891
-0.00469252
-0.00378574
-0.00271246
-0.0015056
-0.000195583
0.00119003
0.00262614
0.00408924
0.00555624
0.00700271
0.00840136
0.00972034
0.0109221
0.0119627
0.0127933
0.0133641
0.0136213
-0.00769538
-0.00744099
-0.00686466
-0.00601683
-0.00494178
-0.00368385
-0.00228345
-0.000775689
0.000809632
0.00244715
0.00411434
0.00578974
0.00745054
0.00907017
0.0106155
0.012044
0.0133024
0.0143263
0.0150444
0.0153777
-0.00965019
-0.00932516
-0.00861022
-0.00757706
-0.00628931
-0.00480543
-0.00317525
-0.0014389
0.000372489
0.00223478
0.00412839
0.00603565
0.00793786
0.00981172
0.0116253
0.0133331
0.0148716
0.0161564
0.0170835
0.0175343
-0.0120318
-0.0115975
-0.010688
-0.009406
-0.00784568
-0.0060841
-0.0041823
-0.00218448
-0.000121296
0.00198668
0.00412549
0.00628432
0.00845202
0.0106126
0.0127397
0.0147891
0.0166895
0.0183337
0.0195641
0.0202161
-0.0149739
-0.0143488
-0.0131614
-0.0115361
-0.00962192
-0.00751854
-0.0052975
-0.00300461
-0.00066669
0.0017028
0.00409904
0.00652182
0.00897216
0.011447
0.0139326
0.0163941
0.0187606
0.0209092
0.022587
0.0236222
-0.0187625
-0.0177104
-0.0161061
-0.0139924
-0.0116158
-0.00909213
-0.00649985
-0.00388041
-0.00125095
0.00138709
0.00404245
0.00672955
0.00946713
0.012272
0.0151528
0.0180987
0.021056
0.0239146
0.0262578
0.0280946
-0.023268
-0.0217231
-0.0195783
-0.0167756
-0.0137967
-0.010762
-0.0077469
-0.00477695
-0.0018508
0.00104948
0.0039511
0.00688544
0.00989464
0.0130225
0.0163131
0.0197991
0.0234746
0.0273329
0.0305884
0.0340032
-0.0317321
-0.0270531
-0.0238525
-0.0199065
-0.0160977
-0.0124428
-0.00896241
-0.00563652
-0.00242777
0.000709864
0.00382953
0.00696693
0.0102056
0.013617
0.0172947
0.021368
0.0259722
0.0314639
0.0363503
0.0436609
-0.0378
-0.0326385
-0.0282561
-0.0230677
-0.018342
-0.0140151
-0.0100624
-0.00640086
-0.00294668
0.000378205
0.00364547
0.00694882
0.0103451
0.0139386
0.0178467
0.0222269
0.0271155
0.0339527
0.0384798
0.0517572
-0.0676393
-0.038392
-0.0326819
-0.0254317
-0.0196331
-0.0148487
-0.0106249
-0.00678525
-0.00320858
0.00020711
0.00355171
0.00691398
0.0103889
0.0141063
0.0182752
0.023339
0.0296988
0.0402974
0.0509293
0.0888998
)
;

boundaryField
{
    movingWall
    {
        type            zeroGradient;
    }
    fixedWalls
    {
        type            zeroGradient;
    }
}


// ************************************************************************* //
