/*--------------------------------*- C++ -*----------------------------------*\
  =========                 |
  \\      /  F ield         | OpenFOAM: The Open Source CFD Toolbox
   \\    /   O peration     | Website:  https://openfoam.org
    \\  /    A nd           | Version:  10
     \\/     M anipulation  |
\*---------------------------------------------------------------------------*/
FoamFile
{
    format      ascii;
    class       volScalarField;
    location    "7.05";
    object      p;
}
// * * * * * * * * * * * * * * * * * * * * * * * * * * * * * * * * * * * * * //

dimensions      [0 2 -2 0 0 0 0];

internalField   nonuniform List<scalar> 
8000
(
-4.78503e-06
-9.33884e-06
4.02464e-05
0.000129771
0.000265934
0.000450462
0.000685134
0.000971951
0.00131174
0.00170367
0.00214423
0.00262612
0.00313703
0.00365863
0.00416655
0.00463079
0.00501866
0.00529953
0.0054673
0.00547412
-3.95222e-06
-7.99672e-06
4.36193e-05
0.000133143
0.000267681
0.000449392
0.000680568
0.000963288
0.00129868
0.00168625
0.00212295
0.00260203
0.00311139
0.00363314
0.00414305
0.00461136
0.0050042
0.00528945
0.00546221
0.00546296
-7.06168e-05
-7.81379e-05
-2.82715e-05
5.79632e-05
0.000188261
0.000364978
0.000590879
0.000868716
0.00120053
0.00158696
0.00202624
0.00251289
0.00303656
0.0035801
0.00411825
0.00461807
0.00504116
0.00534879
0.00553485
0.00552521
-0.000193208
-0.000203413
-0.000156443
-7.53053e-05
4.83807e-05
0.000217309
0.000434955
0.000705097
0.00103119
0.00141568
0.00185898
0.002358
0.00290424
0.00348156
0.00406473
0.00461768
0.00509396
0.00544301
0.00565467
0.00563245
-0.000378167
-0.000391177
-0.000348625
-0.000274706
-0.000160349
-2.43925e-06
0.000203354
0.000462085
0.000779022
0.00115907
0.00160571
0.00211938
0.00269518
0.00331955
0.00396679
0.00459768
0.00515493
0.00556963
0.00582344
0.00578325
-0.000626005
-0.000642218
-0.000605672
-0.000541425
-0.000439777
-0.000297226
-0.000108585
0.00013256
0.000433511
0.000802099
0.00124581
0.00177005
0.00237543
0.00305328
0.00377914
0.00451627
0.00519057
0.00570699
0.00602958
0.00596435
-0.000935885
-0.000955894
-0.000927051
-0.000875331
-0.000790557
-0.00066905
-0.000504983
-0.000290769
-1.71501e-05
0.000326768
0.000753063
0.00127373
0.00189779
0.00262653
0.00344534
0.00430524
0.00513732
0.00580853
0.00624498
0.00615286
-0.00130617
-0.00133069
-0.00131128
-0.00127519
-0.00121206
-0.00111847
-0.000988501
-0.000813967
-0.000584267
-0.000285972
9.7344e-05
0.000584656
0.00119563
0.00194529
0.00283525
0.0038378
0.00487011
0.00577175
0.00640122
0.00631212
-0.00173454
-0.00176427
-0.00175571
-0.00173818
-0.00170157
-0.00164339
-0.00155849
-0.00143926
-0.0012752
-0.00105196
-0.000750494
-0.000346347
0.000190627
0.000894079
0.00179171
0.00288684
0.00412733
0.00535012
0.0063092
0.00636398
-0.00221829
-0.0022537
-0.00225659
-0.00225961
-0.00225356
-0.00223779
-0.00220917
-0.00216224
-0.00208885
-0.0019771
-0.00180989
-0.00156275
-0.00120155
-0.000680472
5.87039e-05
0.00107881
0.00241915
0.004013
0.00550379
0.0061369
-0.00275508
-0.00279612
-0.00280929
-0.0028328
-0.00285911
-0.00289059
-0.00292757
-0.00296877
-0.00301135
-0.00305032
-0.00307751
-0.00308056
-0.00304024
-0.00292394
-0.00267535
-0.00218779
-0.00121678
0.000567924
0.00302041
0.00504839
-0.00334439
-0.00338981
-0.00340899
-0.00344929
-0.00350557
-0.00358478
-0.00369192
-0.0038318
-0.00401006
-0.00423384
-0.0045128
-0.00486095
-0.0052982
-0.00584587
-0.00650271
-0.00715009
-0.00722916
-0.0052819
-0.00110058
0.00297842
-0.00399105
-0.00403745
-0.00405359
-0.00410158
-0.00417912
-0.00429941
-0.00447321
-0.00471245
-0.00503361
-0.00546024
-0.00602826
-0.00679108
-0.00783227
-0.00925218
-0.0110799
-0.0130459
-0.0138744
-0.0107082
-0.00420333
0.00122827
-0.00470623
-0.00474139
-0.00473459
-0.00477142
-0.00485412
-0.00500193
-0.00522939
-0.00555551
-0.00600725
-0.00662339
-0.00746851
-0.00863296
-0.0102606
-0.0124815
-0.015344
-0.0181088
-0.0193712
-0.0150918
-0.00847623
-0.000748579
-0.00552463
-0.00554408
-0.00549539
-0.0055012
-0.00556037
-0.00570297
-0.00595027
-0.00632751
-0.00687041
-0.0076253
-0.00868112
-0.0101535
-0.0122324
-0.0150277
-0.0186387
-0.0221646
-0.0252934
-0.0224065
-0.0165478
-0.00391538
-0.00661966
-0.00641207
-0.00623004
-0.0061138
-0.00611326
-0.00624046
-0.00650426
-0.00691996
-0.00752453
-0.00835961
-0.00954126
-0.011173
-0.0134968
-0.0165946
-0.0207832
-0.0250376
-0.0312072
-0.0297852
-0.0238799
-0.00519887
-0.00753811
-0.00764163
-0.00731691
-0.00717397
-0.00704871
-0.00705016
-0.00720142
-0.00753011
-0.00807953
-0.00888693
-0.0100642
-0.0116914
-0.0140313
-0.0170949
-0.0214339
-0.025777
-0.0326059
-0.0298808
-0.0226194
0.00302134
-0.0114381
-0.00860541
-0.00794522
-0.0072221
-0.00695592
-0.00693987
-0.00714273
-0.00752268
-0.00811505
-0.00893095
-0.0100959
-0.011644
-0.0138334
-0.0165338
-0.0202378
-0.0232806
-0.027582
-0.0223115
-0.0125281
0.0262672
-0.0110412
-0.0119414
-0.0104478
-0.00992236
-0.00915606
-0.00866414
-0.0084284
-0.00844959
-0.00877238
-0.00937341
-0.0103723
-0.0117442
-0.0138046
-0.0162345
-0.0197297
-0.0218816
-0.0239274
-0.0128635
0.00605376
0.0707285
-0.0357155
-0.0103034
-0.00862033
-0.00712352
-0.00633838
-0.00619665
-0.00643775
-0.0068327
-0.00748144
-0.00828749
-0.00952231
-0.0109634
-0.0130657
-0.0150181
-0.0171638
-0.015795
-0.00998876
0.0165527
0.0645742
0.172076
-1.1008e-06
-1.61308e-05
3.08591e-05
0.000119697
0.000256035
0.0004412
0.000677239
0.000965822
0.001308
0.00170315
0.00214801
0.00263548
0.00315334
0.0036832
0.00419983
0.00467237
0.0050665
0.00534877
0.0055135
0.00550147
1.14749e-05
-3.03123e-06
4.83581e-05
0.000137487
0.00027205
0.000453845
0.000685137
0.000968041
0.00130381
0.00169213
0.00213019
0.00261148
0.00312399
0.00365021
0.00416582
0.00463978
0.0050368
0.00532241
0.00549323
0.00547366
-5.07317e-05
-7.09382e-05
-2.11295e-05
6.46625e-05
0.00019492
0.000371601
0.000597427
0.000875228
0.00120718
0.00159413
0.00203459
0.00252338
0.00305055
0.00359931
0.0041439
0.00465066
0.00507906
0.00538731
0.00557104
0.00553594
-0.000170028
-0.000194192
-0.000147137
-6.64212e-05
5.72296e-05
0.000226096
0.000443611
0.000713651
0.00103982
0.0014248
0.00186938
0.00237087
0.00292118
0.00350485
0.00409683
0.00465908
0.00514275
0.00549285
0.00570134
0.00564744
-0.000353098
-0.000380958
-0.000338255
-0.000264722
-0.000150309
7.66779e-06
0.000213507
0.000472381
0.000789731
0.00117075
0.00161937
0.00213668
0.00271839
0.00335106
0.00401089
0.0046552
0.0052236
0.00564088
0.00589093
0.00580941
-0.000599695
-0.000631555
-0.000594809
-0.000530872
-0.000429005
-0.000286149
-9.71295e-05
0.000144617
0.000446606
0.000817015
0.00126389
0.0017935
0.00240732
0.00309681
0.00384357
0.00460051
0.00529321
0.00581662
0.00613644
0.00601406
-0.000908512
-0.000945049
-0.000915963
-0.000864463
-0.00077929
-0.000657201
-0.000492352
-0.000276963
-1.50249e-06
0.000345373
0.000776478
0.00130502
0.00194171
0.00268967
0.00353059
0.00442864
0.00529562
0.0059871
0.00642881
0.00625537
-0.00127776
-0.00131987
-0.0013002
-0.00126428
-0.00120062
-0.00110621
-0.000975061
-0.000798746
-0.000566313
-0.00026375
0.000126336
0.000624576
0.00125328
0.00203002
0.0029548
0.00401361
0.0051131
0.00607341
0.00673994
0.00654203
-0.00170502
-0.00175367
-0.00174492
-0.00172761
-0.00169044
-0.00163131
-0.00154495
-0.00142342
-0.00125578
-0.00102697
-0.000716762
-0.000298609
0.00026128
0.00100184
0.00195777
0.00312779
0.00449458
0.00587991
0.00698704
0.0069576
-0.0021875
-0.00224355
-0.00224639
-0.00224983
-0.00224336
-0.00222671
-0.00219655
-0.00214703
-0.00206948
-0.00195121
-0.00177388
-0.0015109
-0.00112407
-0.000560433
0.000248708
0.0013791
0.0028997
0.00487938
0.00685185
0.00754956
-0.0027226
-0.00278662
-0.00280001
-0.00282432
-0.00285059
-0.00288152
-0.00291718
-0.00295584
-0.00299413
-0.00302635
-0.00304361
-0.00303199
-0.00297107
-0.00282957
-0.00255627
-0.00202565
-0.00082209
0.00158107
0.00499856
0.00752524
-0.00330913
-0.00338075
-0.00340036
-0.00344203
-0.00349901
-0.00357837
-0.00368479
-0.0038226
-0.00399692
-0.00421452
-0.00448536
-0.00482449
-0.00526056
-0.00584779
-0.00665295
-0.00758722
-0.00781787
-0.00526756
-0.000214441
0.00513696
-0.00395107
-0.00402928
-0.00404683
-0.00409739
-0.0041765
-0.00429746
-0.00447089
-0.00470861
-0.0050265
-0.00544839
-0.00601237
-0.00677934
-0.00785872
-0.00943941
-0.0117456
-0.0145909
-0.0167051
-0.0140399
-0.00760944
0.000482109
-0.00465392
-0.00472691
-0.00472037
-0.00476074
-0.00484756
-0.00499877
-0.00522817
-0.00555397
-0.00600309
-0.00661582
-0.00745936
-0.0086389
-0.0103405
-0.0128544
-0.0164837
-0.0208902
-0.0249314
-0.0228626
-0.0168887
-0.0058847
-0.00545289
-0.00553255
-0.00548595
-0.00550043
-0.00556433
-0.00570955
-0.00595708
-0.00633217
-0.00686953
-0.00761948
-0.00867072
-0.0101487
-0.0123101
-0.0154268
-0.0200274
-0.0256234
-0.0325223
-0.0318494
-0.0279391
-0.0127346
-0.00648057
-0.00634006
-0.00616796
-0.00606506
-0.00608063
-0.00622046
-0.00649174
-0.0069096
-0.00750781
-0.00833689
-0.00950052
-0.0111089
-0.0135098
-0.0167827
-0.0219486
-0.027828
-0.0373523
-0.0373149
-0.0349624
-0.0142249
-0.00722037
-0.00754996
-0.00723314
-0.00714653
-0.00703916
-0.00705232
-0.00720561
-0.00752918
-0.00806216
-0.00884418
-0.00998412
-0.0115377
-0.0138795
-0.0170346
-0.0219655
-0.0273372
-0.0354465
-0.0350915
-0.0320225
-0.00185393
-0.0109371
-0.00827818
-0.00765418
-0.00697276
-0.00679189
-0.00683983
-0.00708182
-0.00747864
-0.00806275
-0.00883713
-0.00994412
-0.0114068
-0.0135383
-0.0162677
-0.0202951
-0.0240651
-0.0289028
-0.0262894
-0.0180239
0.0272433
-0.00837081
-0.0109696
-0.00985731
-0.0096984
-0.00910654
-0.00871672
-0.00852198
-0.00853964
-0.00882864
-0.00935969
-0.0102626
-0.0115158
-0.0134976
-0.0159169
-0.0197835
-0.0227496
-0.0256449
-0.015726
0.0058741
0.0790531
-0.0334801
-0.00843603
-0.00701974
-0.00608436
-0.00565675
-0.00568639
-0.00604718
-0.00650158
-0.00719192
-0.00797211
-0.00917532
-0.0105458
-0.0126088
-0.0146501
-0.0169285
-0.0160191
-0.0099544
0.0183692
0.0783725
0.202956
1.07113e-05
-9.34561e-06
3.69278e-05
0.000125146
0.000261929
0.00044828
0.000686053
0.000977269
0.00132317
0.00172339
0.0021749
0.00267079
0.00319888
0.00374056
0.00426984
0.00475429
0.00515717
0.00544244
0.00560489
0.00557965
3.06541e-05
1.02632e-05
6.15139e-05
0.0001503
0.000285066
0.000467464
0.000699833
0.000984493
0.00132293
0.00171509
0.00215845
0.0026467
0.00316776
0.0037049
0.0042322
0.00471733
0.00512275
0.00541145
0.00558093
0.00554841
-2.69867e-05
-5.43667e-05
-4.61609e-06
8.07516e-05
0.000211082
0.000388186
0.000614905
0.000894303
0.00122885
0.00161976
0.00206592
0.00256254
0.00310011
0.00366155
0.00422036
0.00474119
0.00518054
0.00549307
0.00567521
0.0056229
-0.000142097
-0.000174265
-0.000127168
-4.69207e-05
7.67483e-05
0.000245975
0.000464356
0.000736053
0.00106504
0.00145449
0.00190573
0.00241661
0.00297925
0.0035799
0.00419087
0.0047726
0.00527204
0.00562852
0.00583509
0.00575733
-0.000321779
-0.000358308
-0.000315478
-0.000242393
-0.000127897
3.05608e-05
0.000237493
0.000498428
0.000819277
0.00120587
0.00166297
0.0021926
0.00279166
0.00344621
0.00413253
0.00480528
0.00539796
0.00582625
0.00607432
0.00595654
-0.000565294
-0.000606446
-0.000569472
-0.000505907
-0.000403817
-0.000260246
-6.97445e-05
0.000174691
0.000481177
0.000858728
0.00131653
0.00186228
0.00249897
0.00321984
0.00400469
0.0048047
0.00553672
0.00608054
0.0063997
0.0062167
-0.000870921
-0.000917414
-0.000887992
-0.00083679
-0.000751258
-0.000628221
-0.000461483
-0.000242723
3.83481e-05
0.000394157
0.000839049
0.00138831
0.00205493
0.0028425
0.00374165
0.00470716
0.00564054
0.00637296
0.00682084
0.00653836
-0.0012366
-0.00128944
-0.00126935
-0.00123372
-0.00116967
-0.0010742
-0.000940895
-0.000760676
-0.000521675
-0.000208523
0.000198195
0.000722146
0.00138953
0.00222275
0.00322776
0.00438655
0.00559758
0.00664512
0.00733765
0.00694427
-0.00165969
-0.00171997
-0.00171077
-0.00169389
-0.00165648
-0.00159644
-0.00150798
-0.00138243
-0.00120777
-0.000967384
-0.00063859
-0.000191031
0.000414881
0.00122412
0.00226982
0.00359261
0.00513586
0.00670703
0.00787475
0.00753137
-0.00213702
-0.00220579
-0.00220826
-0.00221246
-0.00220622
-0.00218919
-0.00215748
-0.00210447
-0.00202043
-0.00189107
-0.00169558
-0.00140349
-0.000970536
-0.000335512
0.000579039
0.00183294
0.00358869
0.00587699
0.00793665
0.00829818
-0.00266543
-0.00274352
-0.00275676
-0.00278248
-0.00280982
-0.00284139
-0.00287669
-0.00291329
-0.00294692
-0.00297071
-0.00297418
-0.00294215
-0.00285404
-0.0026846
-0.00239978
-0.00187528
-0.000660898
0.00213284
0.0058472
0.00825496
-0.00324267
-0.0033299
-0.00334958
-0.00339363
-0.00345309
-0.0035348
-0.00364281
-0.00378092
-0.00395382
-0.00416801
-0.00443412
-0.00477187
-0.00522485
-0.00589358
-0.00692299
-0.00825043
-0.00869154
-0.00574283
-0.000242492
0.00518841
-0.0038713
-0.00396771
-0.00398619
-0.00404068
-0.0041241
-0.00424943
-0.00442678
-0.00466774
-0.00498836
-0.00541371
-0.00598586
-0.00677967
-0.00793869
-0.00974156
-0.0125332
-0.0161617
-0.0189683
-0.0163701
-0.00995655
-0.00126565
-0.00455171
-0.00464524
-0.00463991
-0.00468616
-0.0047804
-0.0049395
-0.00517644
-0.00550911
-0.00596499
-0.00658677
-0.00744724
-0.0086726
-0.0104994
-0.0133236
-0.0176069
-0.0230083
-0.0283241
-0.0270263
-0.0213055
-0.00954061
-0.00531874
-0.00542598
-0.00538108
-0.00540569
-0.0054803
-0.00563659
-0.00589435
-0.0062787
-0.0068245
-0.00758462
-0.00865052
-0.0101716
-0.0124408
-0.0158604
-0.0210943
-0.0274524
-0.0352925
-0.0352091
-0.0309066
-0.0160666
-0.0062866
-0.00617855
-0.00601036
-0.00592062
-0.00595315
-0.00611069
-0.00639825
-0.00682981
-0.00743775
-0.0082744
-0.00943997
-0.0110667
-0.0135055
-0.0169634
-0.0225863
-0.0285763
-0.0375608
-0.0371802
-0.0339965
-0.0152291
-0.00689621
-0.00728888
-0.00698723
-0.00693669
-0.00685639
-0.00689552
-0.00707009
-0.00741092
-0.00795318
-0.00873678
-0.00986122
-0.0114092
-0.0137398
-0.0169456
-0.0219845
-0.0272489
-0.033781
-0.0329918
-0.0280739
-0.0013679
-0.0105836
-0.00795655
-0.00728959
-0.00661752
-0.00647596
-0.00657127
-0.00685366
-0.0072818
-0.0078809
-0.00866107
-0.00974529
-0.0111673
-0.0132538
-0.016002
-0.0199739
-0.023607
-0.027098
-0.0236327
-0.0132359
0.0287859
-0.00729149
-0.010161
-0.00916842
-0.00912905
-0.00862072
-0.00830871
-0.00816949
-0.00823311
-0.00854624
-0.00908405
-0.0099553
-0.0111807
-0.0131077
-0.0155852
-0.0194949
-0.02255
-0.024811
-0.0138097
0.0100035
0.0827522
-0.0327735
-0.00761738
-0.0061878
-0.00538093
-0.0050722
-0.00517821
-0.00558503
-0.00608058
-0.00678556
-0.00757603
-0.00874005
-0.0101027
-0.0121032
-0.0141963
-0.016426
-0.0154301
-0.0083266
0.0215307
0.0854169
0.211767
2.46327e-05
1.6109e-06
4.7335e-05
0.000135407
0.000272896
0.00046071
0.000700778
0.000995313
0.00134579
0.00175212
0.00221152
0.00271726
0.00325712
0.00381211
0.00435536
0.00485288
0.00526584
0.00555591
0.00571834
0.00568476
4.8667e-05
2.50389e-05
7.61925e-05
0.000164936
0.000300284
0.000483836
0.000718054
0.00100547
0.00134783
0.00174538
0.00219589
0.00269329
0.00322564
0.00377576
0.00431698
0.00481542
0.00523123
0.00552504
0.00569502
0.00565405
-5.74163e-06
-3.70033e-05
1.27176e-05
9.80057e-05
0.000228865
0.000407055
0.000635571
0.000917728
0.00125632
0.00165294
0.00210689
0.00261376
0.00316436
0.00374121
0.00431697
0.00485441
0.0053071
0.00562625
0.00580897
0.0057448
-0.000117551
-0.000154052
-0.000106911
-2.67471e-05
9.74573e-05
0.000267795
0.000488057
0.000762718
0.00109616
0.00149207
0.00195234
0.00247543
0.00305418
0.00367438
0.00430773
0.00491218
0.00543037
0.00579617
0.00600365
0.005908
-0.000294305
-0.000335529
-0.000292592
-0.000219559
-0.000104443
5.52828e-05
0.000264377
0.000528756
0.000854856
0.00124919
0.00171737
0.00226224
0.00288084
0.00356246
0.00427973
0.00498503
0.0056059
0.00604883
0.00629854
0.00615115
-0.000535009
-0.000581197
-0.000544049
-0.000480481
-0.000377641
-0.000232576
-3.95262e-05
0.000208996
0.000521771
0.000908723
0.00138024
0.00194542
0.00260876
0.00336477
0.00419289
0.00504077
0.00581668
0.006385
0.0067075
0.00647218
-0.000837689
-0.000889588
-0.000859935
-0.000808694
-0.000722309
-0.000597584
-0.000427942
-0.000204474
8.39314e-05
0.000450874
0.000912325
0.00148573
0.00218657
0.00301997
0.00397905
0.00501527
0.00601821
0.00679383
0.00724908
0.00687244
-0.00120007
-0.00125876
-0.00123842
-0.0012028
-0.0011379
-0.0010407
-0.000904323
-0.000719029
-0.00047198
-0.000146403
0.000279136
0.00083114
0.00153906
0.00242617
0.00351517
0.00477469
0.00609407
0.00722133
0.00792529
0.00737549
-0.00161927
-0.00168594
-0.00167656
-0.00165985
-0.00162182
-0.00156027
-0.00146894
-0.00133847
-0.00115581
-0.000902804
-0.000554524
-7.70835e-05
0.000574313
0.00145226
0.00258903
0.00403619
0.00573438
0.00745243
0.00862567
0.00807395
-0.00209178
-0.0021676
-0.00217004
-0.00217481
-0.00216843
-0.00215051
-0.00211666
-0.00205964
-0.00196879
-0.00182856
-0.00161621
-0.00129844
-0.000826561
-0.00013512
0.000850737
0.00220879
0.0041258
0.00664407
0.00871487
0.00894382
-0.00261387
-0.00269983
-0.00271336
-0.00274029
-0.00276833
-0.00280006
-0.00283457
-0.00286895
-0.00289843
-0.00291554
-0.0029094
-0.00286508
-0.00276463
-0.00259342
-0.00233807
-0.00187056
-0.000641026
0.00245614
0.00629931
0.00886825
-0.00318234
-0.00327838
-0.00329877
-0.00334495
-0.00340637
-0.0034898
-0.00359896
-0.00373746
-0.00391006
-0.00412398
-0.00439211
-0.00474059
-0.00522942
-0.00600151
-0.00726702
-0.00895347
-0.00963162
-0.00654945
-0.000996127
0.00504186
-0.00379836
-0.00390518
-0.00392517
-0.00398317
-0.00407014
-0.00419902
-0.00437971
-0.00462398
-0.00494862
-0.00538099
-0.00596878
-0.00680092
-0.00805169
-0.0100667
-0.0133009
-0.0176023
-0.0211268
-0.0188993
-0.0126542
-0.0030087
-0.00445898
-0.00456455
-0.00456138
-0.0046128
-0.00471283
-0.00487801
-0.00512093
-0.00545959
-0.0059226
-0.00655565
-0.00743835
-0.00871422
-0.0106553
-0.0137385
-0.0185498
-0.0247127
-0.0310114
-0.0304164
-0.0251253
-0.0125991
-0.0051979
-0.00532104
-0.00527938
-0.00531256
-0.00539559
-0.00556025
-0.0058257
-0.00621712
-0.00676996
-0.0075393
-0.00862087
-0.0101777
-0.012537
-0.0161601
-0.0218132
-0.0286659
-0.0369114
-0.0371121
-0.0336086
-0.0186419
-0.00611738
-0.00602857
-0.00586587
-0.00578758
-0.00583226
-0.00600214
-0.00630085
-0.00674136
-0.00735518
-0.00819525
-0.00936014
-0.010995
-0.0134653
-0.0170039
-0.0227669
-0.0290247
-0.036967
-0.0368435
-0.0349394
-0.0158928
-0.00664651
-0.00708121
-0.00678453
-0.0067595
-0.00669733
-0.00675316
-0.0069405
-0.00728978
-0.00783418
-0.00861337
-0.00972053
-0.0112464
-0.013562
-0.0167606
-0.0217626
-0.0268937
-0.0325841
-0.0316376
-0.0280634
-0.000383707
-0.010258
-0.00767011
-0.00699839
-0.00634726
-0.00622763
-0.0063482
-0.00665233
-0.00709631
-0.00770071
-0.00847648
-0.00954182
-0.0109161
-0.0129643
-0.0156876
-0.0195916
-0.0230886
-0.0260623
-0.022597
-0.0130724
0.0308093
-0.00670879
-0.00974514
-0.00877134
-0.00879657
-0.00832018
-0.00803884
-0.00792119
-0.00799823
-0.00831489
-0.00884449
-0.00969115
-0.0108794
-0.0127738
-0.0152499
-0.0191824
-0.0222347
-0.0243077
-0.0131891
0.0104909
0.0862623
-0.0322099
-0.00704857
-0.00562118
-0.00487587
-0.00462947
-0.00478696
-0.00523121
-0.00575364
-0.00647184
-0.00726295
-0.00840679
-0.00974828
-0.011713
-0.0137793
-0.0159687
-0.0148131
-0.00739482
0.0233057
0.0878574
0.21797
3.95267e-05
1.5481e-05
6.12318e-05
0.000149641
0.000288139
0.000477683
0.000720348
0.00101856
0.00137405
0.00178699
0.00225485
0.00277103
0.00332326
0.00389212
0.00444981
0.00496092
0.00538468
0.00568085
0.00584495
0.00580623
6.5348e-05
4.04692e-05
9.17822e-05
0.000180885
0.000317196
0.000502368
0.000739026
0.00102993
0.00137708
0.00178104
0.00223984
0.00274758
0.00329242
0.00385666
0.00441284
0.00492552
0.00535277
0.00565309
0.00582506
0.00577899
1.30203e-05
-1.97601e-05
3.0155e-05
0.000115794
0.000247619
0.000427446
0.000658462
0.000944248
0.00128793
0.00169147
0.00215455
0.00267309
0.00323811
0.00383169
0.00442557
0.00498065
0.00544782
0.0057751
0.00596006
0.00588806
-9.63761e-05
-0.000134586
-8.72034e-05
-6.67074e-06
0.000118548
0.000290613
0.000513551
0.000792164
0.00113125
0.00153501
0.00200588
0.00254283
0.00313922
0.00378059
0.00443761
0.00506587
0.00560396
0.00598076
0.00619094
0.00608202
-0.000270717
-0.000313808
-0.000270582
-0.00019714
-8.09088e-05
8.07241e-05
0.000292808
0.000561672
0.000894288
0.00129785
0.00177877
0.00234071
0.00298151
0.00369096
0.00444039
0.00517921
0.00582924
0.00628819
0.00654128
0.00636951
-0.000508937
-0.000557136
-0.000519658
-0.000455631
-0.000351559
-0.000204374
-7.96247e-06
0.000245671
0.000565991
0.000963824
0.00145069
0.00203677
0.00272622
0.00352102
0.00439345
0.00528948
0.00610935
0.00670253
0.00702917
0.00674733
-0.000808937
-0.000863003
-0.000832999
-0.000781283
-0.000693595
-0.000566596
-0.000393292
-0.000164171
0.000132719
0.00051214
0.000991661
0.00159086
0.00232865
0.0032071
0.00422522
0.00533017
0.00640012
0.00721629
0.00767605
0.00721152
-0.00116829
-0.00122933
-0.00120867
-0.00117264
-0.00110648
-0.00100702
-0.00086692
-0.000675752
-0.000419727
-8.07089e-05
0.000364646
0.000945466
0.00169454
0.00263881
0.0038027
0.00515594
0.00657534
0.00777249
0.00847533
0.00777506
-0.0015839
-0.00165314
-0.00164355
-0.00162664
-0.00158759
-0.00152407
-0.00142935
-0.00129337
-0.00110214
-0.000836099
-0.000468321
3.80437e-05
0.000731656
0.00166789
0.00288891
0.00444629
0.00627933
0.00812071
0.0092706
0.00850816
-0.00205193
-0.00213061
-0.00213305
-0.002138
-0.00213111
-0.00211188
-0.00207549
-0.00201413
-0.00191639
-0.00176564
-0.00153775
-0.00119741
-0.000693167
4.23126e-05
0.00108157
0.00251375
0.0045532
0.00725519
0.00928184
0.00935611
-0.00256816
-0.00265733
-0.00267121
-0.0026989
-0.00272724
-0.00275872
-0.00279212
-0.00282422
-0.00284993
-0.00286165
-0.00284872
-0.00279766
-0.00269493
-0.00253935
-0.00234246
-0.00197789
-0.000808495
0.00248401
0.00639977
0.00909437
-0.00312861
-0.00322827
-0.00324943
-0.00329719
-0.00336
-0.00344459
-0.00355456
-0.00369352
-0.00386661
-0.00408229
-0.00435653
-0.0047229
-0.00525869
-0.00614895
-0.0076798
-0.00979566
-0.0108279
-0.00759815
-0.00180732
0.00470546
-0.00373342
-0.00384452
-0.00386595
-0.00392661
-0.00401628
-0.00414793
-0.00433148
-0.00457907
-0.00490865
-0.00535033
-0.00595809
-0.00683506
-0.00818552
-0.0104198
-0.014117
-0.0191276
-0.0233237
-0.0211293
-0.0146064
-0.00424917
-0.00437767
-0.00448821
-0.00448716
-0.00454249
-0.00464672
-0.0048164
-0.00506409
-0.00540828
-0.00587901
-0.00652534
-0.00743414
-0.00876553
-0.010826
-0.0141591
-0.0194814
-0.0263361
-0.0332165
-0.0326778
-0.0270384
-0.0142542
-0.00509458
-0.00522407
-0.00518518
-0.00522428
-0.00531317
-0.00548384
-0.0057552
-0.00615271
-0.00671284
-0.00749319
-0.00859457
-0.0101936
-0.0126463
-0.0164476
-0.0224815
-0.0296691
-0.037864
-0.0376857
-0.0338901
-0.0194852
-0.00597929
-0.00589873
-0.00574063
-0.00567042
-0.00572271
-0.0059003
-0.00620619
-0.00665296
-0.00727204
-0.0081173
-0.00929001
-0.0109386
-0.0134507
-0.0170429
-0.0229305
-0.0292003
-0.036166
-0.0356158
-0.0335503
-0.015574
-0.00646996
-0.00692015
-0.00662282
-0.00661137
-0.00655891
-0.0066241
-0.00681856
-0.00717237
-0.00771817
-0.00849528
-0.0095968
-0.0111116
-0.0134211
-0.016606
-0.0215503
-0.0264936
-0.031516
-0.0298869
-0.0260364
0.000646988
-0.0100113
-0.00745067
-0.00678449
-0.00614994
-0.00603989
-0.00617149
-0.00648493
-0.00693505
-0.00754087
-0.00831245
-0.00936565
-0.0107147
-0.0127369
-0.0154203
-0.0192509
-0.0225689
-0.025078
-0.0211198
-0.0111644
0.0322874
-0.00644764
-0.00952272
-0.0085344
-0.00857936
-0.00810963
-0.00783764
-0.00772693
-0.00780671
-0.00812201
-0.00864327
-0.00947554
-0.0106403
-0.0125172
-0.0149726
-0.0188686
-0.0217979
-0.0234815
-0.0119793
0.0121486
0.0884103
-0.0319135
-0.00675329
-0.00531811
-0.00458347
-0.00435706
-0.00453469
-0.00499474
-0.00552624
-0.00624785
-0.00703493
-0.00816534
-0.00948948
-0.0114265
-0.0134584
-0.0155737
-0.0142726
-0.00649177
0.024771
0.0899955
0.220965
5.37846e-05
2.94741e-05
7.55007e-05
0.00016452
0.000304218
0.000495654
0.000741068
0.0010431
0.00140371
0.00182332
0.00229961
0.00282609
0.0033904
0.00397269
0.00454432
0.00506858
0.005503
0.0058057
0.00597227
0.00593005
8.03715e-05
5.51044e-05
0.000106733
0.00019646
0.000333968
0.000521007
0.000760375
0.00105505
0.00140728
0.0018179
0.00228517
0.00280332
0.00336056
0.00393869
0.00450945
0.00503602
0.00547459
0.00578181
0.00595646
0.00590691
2.93803e-05
-3.86677e-06
4.63912e-05
0.000132672
0.000265733
0.000447493
0.000681337
0.000971103
0.00132022
0.00173098
0.00220342
0.00273371
0.00331299
0.0039229
0.0045343
0.00510641
0.00558767
0.00592334
0.00611124
0.00603348
-7.82937e-05
-0.000117035
-6.9273e-05
1.19397e-05
0.000138468
0.000312594
0.00053858
0.000821541
0.00116666
0.0015786
0.00206028
0.00261112
0.00322486
0.00388665
0.00456627
0.00521712
0.0057742
0.00616198
0.00637552
0.00625611
-0.000250746
-0.000294419
-0.000250778
-0.000176604
-5.8957e-05
0.000104922
0.00032037
0.000594104
0.000933596
0.00134666
0.00184042
0.00241926
0.00308173
0.00381755
0.00459716
0.00536723
0.00604442
0.00651868
0.00677552
0.00658347
-0.00048691
-0.000535739
-0.000497817
-0.000433012
-0.000327419
-0.000177795
2.23176e-05
0.00028139
0.000609519
0.00101835
0.00152043
0.00212718
0.00284438
0.00367265
0.00458559
0.00552561
0.00638551
0.00700132
0.00733163
0.00700989
-0.000784634
-0.000839386
-0.000808935
-0.000756434
-0.000667175
-0.000537619
-0.000360374
-0.000125372
0.000180102
0.000571842
0.00106878
0.00169205
0.00246152
0.00338389
0.00445589
0.0056225
0.00675227
0.00760399
0.00806542
0.00752419
-0.00114139
-0.00120318
-0.00118213
-0.00114539
-0.00107773
-0.000975761
-0.000831718
-0.000634569
-0.00036967
-1.76951e-05
0.00044633
0.00105373
0.00184004
0.00283532
0.00406544
0.00550089
0.00700823
0.00826561
0.00895982
0.00812592
-0.00155391
-0.00162401
-0.00161413
-0.00159671
-0.00155641
-0.0014907
-0.00139242
-0.00125095
-0.00105146
-0.00077324
-0.000387725
0.000144272
0.000874472
0.0018609
0.00315283
0.00480493
0.00675544
0.00870433
0.00981733
0.00886023
-0.00201811
-0.00209776
-0.00210013
-0.00210491
-0.00209725
-0.00207646
-0.0020374
-0.00197179
-0.00186764
-0.00170753
-0.00146632
-0.00110736
-0.000577355
0.00019215
0.00127265
0.00276272
0.00490833
0.00777982
0.00973811
0.00965105
-0.00252939
-0.00261966
-0.0026338
-0.00266184
-0.00269011
-0.002721
-0.00275311
-0.00278301
-0.00280551
-0.00281307
-0.00279569
-0.00274168
-0.00264218
-0.00250888
-0.00237619
-0.00211576
-0.00098702
0.00251741
0.00645593
0.00923064
-0.00308319
-0.00318412
-0.00320595
-0.00325472
-0.00331836
-0.00340361
-0.00351402
-0.00365337
-0.00382738
-0.00404588
-0.00432817
-0.0047151
-0.00530003
-0.00630622
-0.00809295
-0.0106167
-0.011956
-0.00850365
-0.00247126
0.00444544
-0.00367899
-0.00379164
-0.00381427
-0.00387676
-0.0039683
-0.00410192
-0.00428768
-0.00453827
-0.0048729
-0.00532456
-0.00595342
-0.00687622
-0.00832569
-0.0107711
-0.0149155
-0.0206124
-0.0253758
-0.0229908
-0.0160571
-0.00516291
-0.0043108
-0.00442314
-0.00442385
-0.00448191
-0.00458903
-0.00476189
-0.00501323
-0.00536218
-0.00584038
-0.00650038
-0.00743631
-0.00882396
-0.0110044
-0.0145801
-0.020397
-0.0279283
-0.0352479
-0.0344332
-0.0284458
-0.015418
-0.00501201
-0.00514383
-0.00510711
-0.00515007
-0.0052428
-0.00541752
-0.00569313
-0.00609558
-0.0066626
-0.0074546
-0.00857863
-0.0102221
-0.0127762
-0.0167574
-0.0231639
-0.0307419
-0.0389425
-0.0382315
-0.0342531
-0.0199821
-0.00587278
-0.00579551
-0.00564101
-0.00557619
-0.00563329
-0.00581565
-0.00612609
-0.00657712
-0.00720065
-0.00805185
-0.009236
-0.0109052
-0.0134819
-0.0171717
-0.0231275
-0.0295088
-0.0359924
-0.0349976
-0.0328243
-0.0151509
-0.00634764
-0.00680316
-0.00650399
-0.00649918
-0.00645136
-0.00652128
-0.00671934
-0.00707516
-0.00762144
-0.00839734
-0.00949834
-0.0110113
-0.0133305
-0.0165207
-0.0214399
-0.0262774
-0.030921
-0.0287284
-0.0249602
0.00163279
-0.00983496
-0.00729147
-0.00663388
-0.00601101
-0.00590599
-0.00604192
-0.0063585
-0.00680979
-0.00741463
-0.00818132
-0.00922786
-0.0105615
-0.0125728
-0.0152218
-0.0190028
-0.0221824
-0.0243651
-0.0200565
-0.0100472
0.0335545
-0.00631853
-0.00940029
-0.00839301
-0.00844377
-0.00797256
-0.00770055
-0.00758939
-0.00766633
-0.00797807
-0.00849135
-0.00931551
-0.0104643
-0.0123366
-0.0147607
-0.0186267
-0.0214357
-0.0228674
-0.0110356
0.013325
0.0900555
-0.031732
-0.00658062
-0.00514024
-0.00440593
-0.00418653
-0.00437083
-0.0048373
-0.00536962
-0.006092
-0.00687254
-0.00799779
-0.0093057
-0.0112309
-0.0132224
-0.0152757
-0.0138186
-0.00578808
0.0259453
0.0914635
0.222939
6.64186e-05
4.2162e-05
8.85821e-05
0.00017833
0.000319264
0.000512556
0.000760609
0.00106625
0.00143165
0.00185742
0.00234144
0.00287726
0.00345247
0.00404681
0.00463091
0.00516694
0.00561102
0.00591987
0.00608907
0.00604433
9.33271e-05
6.80205e-05
0.000120045
0.000210508
0.000349265
0.000538172
0.000780189
0.00107848
0.00143554
0.00185238
0.00232749
0.00285516
0.00342365
0.00401429
0.00459812
0.00513711
0.00558592
0.00589961
0.00607703
0.006025
4.32103e-05
9.90622e-06
6.05807e-05
0.000147627
0.000281987
0.000465698
0.000702327
0.000995935
0.00135021
0.00176774
0.00224881
0.00278984
0.00338199
0.0040065
0.00463349
0.00522068
0.00571448
0.00605787
0.00624877
0.0061667
-6.32518e-05
-0.000102063
-5.38556e-05
2.81666e-05
0.000156075
0.000332286
0.000561277
0.000848432
0.00119927
0.00161884
0.00211045
0.00267389
0.00330317
0.00398304
0.00468249
0.00535305
0.00592673
0.00632434
0.00654117
0.00641364
-0.000234272
-0.000278022
-0.000233906
-0.000158871
-3.97442e-05
0.000126391
0.000345128
0.000623521
0.000969468
0.00139131
0.00189675
0.00249076
0.00317238
0.00393128
0.004737
0.00553388
0.00623431
0.00672179
0.00698207
0.00677396
-0.000468811
-0.000517723
-0.000479306
-0.000413599
-0.000306436
-0.000154394
4.92918e-05
0.000313499
0.000648864
0.00106772
0.00158346
0.00220849
0.00294963
0.00380696
0.00475442
0.00573157
0.00662504
0.0072597
0.00759288
0.00723921
-0.0007647
-0.000819546
-0.000788606
-0.0007352
-0.000644338
-0.000512277
-0.00033128
-9.08068e-05
0.000222498
0.000625276
0.00113756
0.00178174
0.00257866
0.00353798
0.00465517
0.00587311
0.0070524
0.00793305
0.00839428
0.00779128
-0.00111935
-0.00118125
-0.00115976
-0.00112218
-0.001053
-0.000948595
-0.000800847
-0.000598216
-0.000325357
3.80221e-05
0.000518201
0.00114826
0.0019659
0.00300348
0.00428839
0.00579157
0.00737152
0.00867807
0.009361
0.00841758
-0.00152936
-0.0015996
-0.0015894
-0.00157132
-0.00152972
-0.00146187
-0.00136029
-0.00121386
-0.00100711
-0.000718404
-0.000317935
0.000235287
0.000995392
0.00202281
0.00337217
0.00510258
0.00715205
0.00919167
0.010266
0.00914286
-0.00199048
-0.0020703
-0.00207255
-0.00207696
-0.00206842
-0.00204607
-0.00200451
-0.00193513
-0.00182548
-0.00165761
-0.00140565
-0.00103199
-0.000481978
0.000314068
0.00142831
0.00296939
0.00521401
0.00824153
0.010126
0.00987546
-0.00249781
-0.00258831
-0.00260259
-0.00263069
-0.00265867
-0.00268885
-0.00271969
-0.00274768
-0.00276759
-0.00277211
-0.0027519
-0.00269689
-0.00260194
-0.00248837
-0.00240663
-0.00222043
-0.001085
0.00264627
0.00657473
0.00934743
-0.00304645
-0.00314765
-0.00316996
-0.00321931
-0.0032834
-0.00336895
-0.00347958
-0.00361929
-0.00379437
-0.00401601
-0.00430635
-0.00471229
-0.00533985
-0.00644214
-0.00843391
-0.0112763
-0.0127986
-0.00906335
-0.00280954
0.00434424
-0.00363545
-0.00374845
-0.00377196
-0.00383564
-0.0039284
-0.00406338
-0.00425083
-0.00450399
-0.00484328
-0.00530426
-0.00595243
-0.00691571
-0.00845049
-0.0110743
-0.0155916
-0.0218534
-0.0270038
-0.0242936
-0.0168752
-0.00563523
-0.00425826
-0.004371
-0.00437303
-0.0044329
-0.00454195
-0.00471702
-0.0049711
-0.00532402
-0.00580894
-0.00648153
-0.00744241
-0.00888028
-0.0111671
-0.0149553
-0.0212024
-0.0293322
-0.0369791
-0.0357219
-0.0291761
-0.0160318
-0.00494885
-0.00508126
-0.00504607
-0.00509144
-0.0051866
-0.00536397
-0.00564261
-0.00604903
-0.00662224
-0.0074253
-0.00857106
-0.0102559
-0.0129021
-0.0170533
-0.0238131
-0.0318147
-0.0400796
-0.0387476
-0.034276
-0.0201904
-0.00579363
-0.00571759
-0.00556564
-0.00550423
-0.00556426
-0.00574952
-0.00606282
-0.00651692
-0.0071444
-0.00800189
-0.00919897
-0.0108886
-0.013515
-0.0172942
-0.0234293
-0.0299717
-0.0362258
-0.0346615
-0.0321721
-0.0147903
-0.0062627
-0.00671977
-0.00641915
-0.00641761
-0.00637182
-0.00644386
-0.00664344
-0.00700003
-0.00754673
-0.00832288
-0.0094272
-0.0109432
-0.0132763
-0.0164892
-0.0214389
-0.026253
-0.0306993
-0.0279434
-0.0239701
0.00240822
-0.00971386
-0.00717972
-0.00652952
-0.00591406
-0.0058119
-0.00594963
-0.00626694
-0.00671759
-0.00732096
-0.00808433
-0.00912977
-0.0104535
-0.0124642
-0.0150951
-0.0188537
-0.021944
-0.0239041
-0.0192307
-0.00897179
0.0345752
-0.00624753
-0.00932524
-0.00830348
-0.00835508
-0.00788107
-0.00760716
-0.0074939
-0.00756713
-0.0078753
-0.00838284
-0.00920321
-0.0103432
-0.0122184
-0.014621
-0.0184629
-0.0211735
-0.0223955
-0.01023
0.0144492
0.0913077
-0.0316197
-0.00647771
-0.00503444
-0.00429766
-0.00407974
-0.00426524
-0.00473338
-0.00526393
-0.00598529
-0.0067609
-0.00788377
-0.00918259
-0.0111018
-0.0130665
-0.0150665
-0.013493
-0.00525613
0.0268383
0.0926525
0.224291
7.66175e-05
5.24995e-05
9.93098e-05
0.000189747
0.000331781
0.000526689
0.000777001
0.0010857
0.00145511
0.00188603
0.00237644
0.00291996
0.00350409
0.00410823
0.00470248
0.00524807
0.00570005
0.00601404
0.00618555
0.00613903
0.000103668
7.84317e-05
0.000130841
0.000221999
0.000361872
0.000552413
0.000796713
0.00109809
0.00145921
0.00188127
0.00236288
0.0028984
0.0034761
0.00407693
0.00467138
0.00522045
0.0056776
0.00599666
0.00617651
0.00612272
5.41271e-05
2.08909e-05
7.19667e-05
0.000159736
0.000295262
0.000480685
0.000719718
0.0010166
0.00137523
0.00179841
0.00228664
0.00283648
0.00343912
0.00407547
0.00471501
0.00531431
0.00581821
0.00616791
0.00636139
0.00627623
-5.15001e-05
-9.02416e-05
-4.16111e-05
4.11757e-05
0.000170321
0.00034836
0.000579941
0.000870666
0.00122632
0.00165223
0.00215203
0.00272575
0.00336759
0.00406197
0.00477723
0.0054634
0.00605023
0.0064557
0.0066753
0.00654188
-0.000221487
-0.000265161
-0.000220599
-0.000144753
-2.43068e-05
0.000143796
0.000365353
0.000647685
0.000999024
0.00142811
0.00194309
0.00254937
0.00324633
0.00402354
0.00484979
0.0056676
0.00638605
0.00688382
0.00714688
0.00692714
-0.000454818
-0.000503648
-0.000464769
-0.000398218
-0.000289666
-0.000135532
7.11911e-05
0.000339701
0.000681052
0.0011081
0.00163489
0.00227455
0.00303454
0.0039147
0.00488893
0.00589462
0.00681364
0.00746249
0.00779774
0.00742111
-0.000749325
-0.000804084
-0.00077269
-0.000718441
-0.00062617
-0.000491959
-0.000307802
-6.27897e-05
0.000256922
0.000668616
0.00119315
0.00185384
0.0026723
0.00366006
0.00481182
0.00606864
0.00728502
0.00818688
0.00864722
0.00800022
-0.00110238
-0.0011642
-0.00114229
-0.00110393
-0.0010334
-0.000926926
-0.000776083
-0.000568954
-0.000289661
8.28061e-05
0.000575692
0.00122336
0.00206511
0.00313484
0.00446113
0.00601509
0.00764904
0.00899133
0.00966421
0.00864276
-0.0015105
-0.00158066
-0.00157015
-0.00155142
-0.00150867
-0.001439
-0.00133467
-0.00118422
-0.000971675
-0.000674762
-0.000262751
0.000306634
0.00108928
0.0021475
0.00353968
0.00532894
0.00745309
0.00956042
0.0106035
0.00935955
-0.00196931
-0.00204905
-0.00205114
-0.00205514
-0.00204578
-0.00202208
-0.00197846
-0.00190605
-0.00179211
-0.00161831
-0.00135831
-0.000973835
-0.000409219
0.000406338
0.0015465
0.00312922
0.00545612
0.0086086
0.010431
0.0100492
-0.00247372
-0.00256415
-0.00257848
-0.00260649
-0.00263413
-0.00266364
-0.00269341
-0.00271988
-0.00273788
-0.0027403
-0.00271837
-0.00266323
-0.00257235
-0.00247339
-0.00242625
-0.00228383
-0.00111432
0.00281109
0.00671226
0.00945996
-0.00301861
-0.00311975
-0.00314236
-0.00319201
-0.00325631
-0.00334199
-0.00345272
-0.00359273
-0.00376883
-0.00399328
-0.00429044
-0.00471162
-0.00537183
-0.00654493
-0.00868324
-0.0117442
-0.0133563
-0.00936448
-0.00296084
0.00433671
-0.00360281
-0.00371575
-0.00373986
-0.00380427
-0.00389781
-0.00403368
-0.00422238
-0.00447757
-0.00482073
-0.00528941
-0.0059532
-0.00694831
-0.00854866
-0.0113067
-0.0161022
-0.022784
-0.0281831
-0.0251525
-0.0173613
-0.00587833
-0.00421949
-0.00433214
-0.00433506
-0.00439608
-0.00450639
-0.00468296
-0.00493904
-0.00529507
-0.00578548
-0.00646849
-0.0074498
-0.00892792
-0.0112991
-0.0152537
-0.0218373
-0.0304488
-0.0383523
-0.0366783
-0.0297103
-0.0164013
-0.00490322
-0.00503562
-0.00500145
-0.00504827
-0.00514491
-0.005324
-0.00560478
-0.00601428
-0.00659263
-0.00740518
-0.00856948
-0.010289
-0.013012
-0.017305
-0.0243566
-0.0327452
-0.0411357
-0.039279
-0.0344565
-0.0203335
-0.00573781
-0.0056621
-0.00551183
-0.0054525
-0.00551434
-0.00570138
-0.00601655
-0.0064729
-0.00710376
-0.00796713
-0.00917656
-0.0108856
-0.0135603
-0.0174225
-0.0237173
-0.0304588
-0.0366488
-0.0346138
-0.0319062
-0.014557
-0.00620523
-0.00666245
-0.00636089
-0.00636091
-0.00631598
-0.00638899
-0.00658926
-0.00694626
-0.00749362
-0.00827108
-0.00938047
-0.0109021
-0.0132522
-0.0164932
-0.0214907
-0.0263237
-0.0305896
-0.027498
-0.0233766
0.00295404
-0.00963404
-0.00710463
-0.00645972
-0.00584859
-0.00574808
-0.00588652
-0.00620382
-0.00665364
-0.00725611
-0.00801796
-0.00906538
-0.0103821
-0.0123991
-0.0150245
-0.0187835
-0.0218348
-0.0237593
-0.0186746
-0.00820709
0.0353263
-0.00620495
-0.00927729
-0.00824613
-0.00829715
-0.00782076
-0.00754494
-0.00742968
-0.00749994
-0.00780563
-0.00830979
-0.00912913
-0.0102649
-0.0121468
-0.0145365
-0.0183674
-0.0210052
-0.022061
-0.00961706
0.0153361
0.0922231
-0.0315492
-0.00641461
-0.00496992
-0.00423085
-0.00401296
-0.00419807
-0.00466633
-0.00519476
-0.00591511
-0.00668748
-0.00781018
-0.00910426
-0.0110229
-0.0129717
-0.0149376
-0.0132816
-0.00489222
0.0274937
0.0935617
0.225226
8.3767e-05
5.9775e-05
0.00010689
0.000197855
0.000340712
0.000536808
0.000788768
0.00109968
0.00147199
0.00190658
0.00240154
0.00295053
0.00354096
0.00415202
0.0047534
0.00530571
0.00576327
0.00608092
0.00625414
0.00620645
0.000110883
8.57261e-05
0.000138434
0.000230125
0.000370832
0.000562578
0.000808546
0.00111217
0.00147621
0.00190201
0.00238826
0.00292934
0.00351356
0.00412157
0.00472347
0.00527961
0.00574262
0.00606551
0.00624712
0.0061922
6.16955e-05
2.854e-05
7.99271e-05
0.000168251
0.000304648
0.000491333
0.000732123
0.00103138
0.00139315
0.00182038
0.00231369
0.00286977
0.00347979
0.00412443
0.00477273
0.00538048
0.00589141
0.00624554
0.0064409
0.00635374
-4.3404e-05
-8.20615e-05
-3.31039e-05
5.02679e-05
0.000180337
0.000359722
0.000593193
0.000886501
0.00124561
0.00167605
0.00218164
0.0027626
0.00341322
0.0041177
0.00484389
0.00554083
0.00613669
0.00654761
0.0067692
0.00663198
-0.000212719
-0.000256301
-0.000211395
-0.000134932
-1.35039e-05
0.000156043
0.00037965
0.000664819
0.00102001
0.00145423
0.00197593
0.0025908
0.00329839
0.00408823
0.00492854
0.0057606
0.00649125
0.00699601
0.00726101
0.00703385
-0.000445251
-0.00049398
-0.000454749
-0.000387557
-0.000277976
-0.000122313
8.66051e-05
0.000358196
0.000703795
0.00113662
0.00167112
0.00232093
0.00309386
0.00398962
0.004982
0.00600688
0.00694294
0.0076012
0.00793786
0.00754671
-0.000738834
-0.000793486
-0.000761746
-0.000706857
-0.000613546
-0.000477774
-0.000291346
-4.31078e-05
0.000281116
0.000699036
0.00123206
0.00190408
0.00273726
0.00374422
0.00491915
0.00620184
0.00744266
0.00835831
0.00881802
0.00814345
-0.00109082
-0.00115252
-0.00113031
-0.00109135
-0.00101983
-0.000911854
-0.000758803
-0.000548498
-0.000264712
0.000114042
0.000615637
0.00127527
0.00213326
0.00322451
0.00457833
0.00616583
0.00783525
0.00920074
0.0098672
0.0087967
-0.00149768
-0.00156772
-0.00155696
-0.00153774
-0.00149414
-0.00142316
-0.00131687
-0.0011636
-0.000947056
-0.000644528
-0.000224705
0.000355519
0.00115318
0.0022319
0.00365247
0.00548093
0.0076549
0.00980686
0.0108307
0.00950911
-0.00195495
-0.00203458
-0.00203652
-0.00204019
-0.00203022
-0.00200554
-0.00196045
-0.00188594
-0.00176907
-0.00159129
-0.00132594
-0.000934348
-0.000360128
0.000468446
0.00162669
0.00323957
0.00562538
0.00886357
0.0106469
0.010174
-0.00245744
-0.00254776
-0.00256209
-0.00258999
-0.00261733
-0.00264633
-0.00267533
-0.00270076
-0.0027175
-0.00271861
-0.00269568
-0.00264062
-0.00255242
-0.00246226
-0.0024345
-0.00231247
-0.00110344
0.0029611
0.00684418
0.00955832
-0.00299992
-0.00310093
-0.00312371
-0.0031735
-0.00323788
-0.0033236
-0.00343437
-0.00357461
-0.00375148
-0.003978
-0.00427995
-0.00471143
-0.00539298
-0.00661098
-0.00883901
-0.0120293
-0.0136751
-0.00949303
-0.00298268
0.00438099
-0.00358107
-0.00369388
-0.00371834
-0.00378316
-0.00387716
-0.00401359
-0.0042031
-0.00445972
-0.0048056
-0.0052797
-0.00595426
-0.00697081
-0.00861448
-0.0114601
-0.0164353
-0.0233876
-0.0289307
-0.0256522
-0.0175799
-0.00596098
-0.00419396
-0.00430644
-0.0043099
-0.00437159
-0.00448266
-0.00466017
-0.00491757
-0.00527575
-0.00577005
-0.00646043
-0.007456
-0.00896181
-0.0113905
-0.0154573
-0.0222689
-0.0312142
-0.0392982
-0.0373124
-0.0300149
-0.0165864
-0.00487362
-0.00500588
-0.00497233
-0.00501997
-0.00511748
-0.00529761
-0.00557978
-0.00599142
-0.00657349
-0.00739295
-0.00857064
-0.010315
-0.0130925
-0.0174854
-0.0247431
-0.0334209
-0.0419352
-0.0397179
-0.0345911
-0.0204227
-0.00570227
-0.00562657
-0.00547729
-0.00541914
-0.00548203
-0.00567012
-0.00598648
-0.00644441
-0.00707786
-0.00794602
-0.00916477
-0.010889
-0.0136019
-0.0175238
-0.0239431
-0.0308499
-0.037054
-0.0346932
-0.0317642
-0.0144288
-0.00616944
-0.00662647
-0.0063244
-0.00632513
-0.00628055
-0.00635399
-0.0065546
-0.00691193
-0.00746001
-0.0082389
-0.00935324
-0.0108804
-0.0132452
-0.0165108
-0.0215523
-0.0264224
-0.0306336
-0.0272843
-0.0230134
0.003292
-0.00958566
-0.00705849
-0.00641687
-0.00580807
-0.00570847
-0.00584719
-0.00616434
-0.0066136
-0.00721573
-0.00797737
-0.00902839
-0.0103386
-0.0123643
-0.0149904
-0.0187571
-0.0217878
-0.023668
-0.0183322
-0.00770242
0.0358148
-0.00617951
-0.00924787
-0.00821134
-0.00826168
-0.00778377
-0.00750669
-0.00739006
-0.00745847
-0.00776275
-0.0082653
-0.00908497
-0.0102191
-0.0121077
-0.0144916
-0.0183184
-0.0209108
-0.0218563
-0.00921731
0.0159442
0.0928253
-0.0315073
-0.00637759
-0.00493226
-0.00419173
-0.00397361
-0.00415818
-0.00462618
-0.00515315
-0.00587277
-0.00664353
-0.00776682
-0.00905911
-0.0109792
-0.0129205
-0.0148662
-0.0131582
-0.00466365
0.0279218
0.0941769
0.225825
8.74462e-05
6.35251e-05
0.000110806
0.000202057
0.000345352
0.000542077
0.000794904
0.00110697
0.0014808
0.00191731
0.00241464
0.00296645
0.00356014
0.00417478
0.00477983
0.00533561
0.00579604
0.0061156
0.00628971
0.00624145
0.000114588
8.94792e-05
0.000142351
0.000234329
0.00037548
0.000567864
0.000814711
0.00111951
0.00148508
0.00191283
0.00240149
0.00294545
0.00353304
0.00414475
0.00475049
0.00531028
0.00577631
0.00610117
0.00628371
0.00622824
6.55703e-05
3.24633e-05
8.40195e-05
0.000172643
0.000309503
0.000496857
0.000738574
0.00103908
0.00140248
0.00183182
0.00232777
0.00288708
0.00350091
0.00414981
0.0048026
0.00541467
0.0059292
0.00628561
0.00648195
0.00639381
-3.92729e-05
-7.78797e-05
-2.87448e-05
5.49424e-05
0.000185503
0.000365601
0.000600067
0.000894727
0.00125563
0.00168842
0.00219702
0.0027817
0.00343683
0.00414648
0.00487825
0.00558066
0.00618111
0.00659481
0.00681743
0.00667837
-0.000208256
-0.000251783
-0.000206691
-0.000129896
-7.94582e-06
0.000162363
0.000387046
0.000673697
0.00103089
0.00146777
0.00199293
0.0026122
0.00332523
0.00412149
0.00496894
0.00580818
0.00654496
0.00705323
0.00731925
0.0070885
-0.000440389
-0.000489059
-0.000449637
-0.000382101
-0.000271975
-0.000115507
9.45593e-05
0.000367753
0.000715552
0.00115135
0.00168981
0.0023448
0.00312432
0.00402796
0.00502947
0.00606394
0.00700847
0.0076714
0.00800879
0.00761071
-0.000733511
-0.000788098
-0.000756171
-0.000700939
-0.000607079
-0.000470487
-0.000282877
-3.29657e-05
0.000293584
0.000714696
0.00125204
0.00192983
0.00277045
0.00378704
0.00497355
0.00626908
0.00752195
0.00844433
0.00890378
0.00821615
-0.00108496
-0.0011466
-0.00112421
-0.00108493
-0.0010129
-0.00090413
-0.000749931
-0.000537988
-0.000251897
0.000130063
0.000636075
0.00130175
0.00216789
0.00326986
0.00463736
0.00624142
0.00792824
0.00930498
0.00996852
0.00887479
-0.00149119
-0.00156116
-0.00155027
-0.00153077
-0.00148673
-0.00141506
-0.00130776
-0.00115304
-0.000934453
-0.000629081
-0.000205326
0.000380319
0.00118545
0.00227437
0.003709
0.00555687
0.00775541
0.00992919
0.0109444
0.00958559
-0.0019477
-0.00202726
-0.00202911
-0.0020326
-0.00202229
-0.0019971
-0.00195126
-0.00187567
-0.00175732
-0.00157754
-0.00130954
-0.000914414
-0.000335445
0.000499619
0.00166708
0.00329563
0.00571168
0.00899284
0.0107582
0.0102396
-0.00244924
-0.00253949
-0.0025538
-0.00258163
-0.00260881
-0.00263754
-0.00266614
-0.00269104
-0.00270716
-0.00270762
-0.00268424
-0.00262925
-0.00254237
-0.00245625
-0.00243695
-0.00232248
-0.00108993
0.00304587
0.00692014
0.00961468
-0.00299053
-0.00309146
-0.00311431
-0.00316416
-0.00322857
-0.00331428
-0.00342508
-0.00356544
-0.00374272
-0.00397032
-0.00427473
-0.00471137
-0.00540337
-0.00664285
-0.0089129
-0.0121625
-0.0138183
-0.00953805
-0.00297571
0.0044156
-0.00357021
-0.00368293
-0.00370756
-0.00377257
-0.00386677
-0.00400347
-0.00419339
-0.00445074
-0.00479803
-0.00527491
-0.00595494
-0.00698224
-0.00864735
-0.0115356
-0.016598
-0.0236818
-0.0292919
-0.0258839
-0.0176702
-0.0059854
-0.0041813
-0.00429366
-0.00429738
-0.00435938
-0.0044708
-0.00464877
-0.00490684
-0.00526612
-0.00576243
-0.00645661
-0.00745951
-0.00897938
-0.0114371
-0.01556
-0.0224858
-0.031601
-0.0397802
-0.0376334
-0.0301706
-0.0166688
-0.00485907
-0.00499123
-0.00495796
-0.00500598
-0.0051039
-0.00528452
-0.00556738
-0.00598012
-0.00656414
-0.00738725
-0.00857195
-0.0103292
-0.013135
-0.0175791
-0.0249431
-0.0337743
-0.0423642
-0.0399681
-0.0346838
-0.0204702
-0.00568499
-0.00560924
-0.00546042
-0.00540281
-0.00546618
-0.00565477
-0.00597171
-0.00643046
-0.00706533
-0.00793606
-0.00915997
-0.0108924
-0.0136262
-0.0175792
-0.0240661
-0.031065
-0.037294
-0.0347713
-0.0317284
-0.0143763
-0.00615223
-0.00660909
-0.00630681
-0.00630782
-0.00626336
-0.00633697
-0.00653774
-0.00689527
-0.00744395
-0.0082244
-0.00934121
-0.0108713
-0.0132446
-0.0165243
-0.0215915
-0.0264872
-0.030686
-0.0272047
-0.0228512
0.0034519
-0.00956282
-0.00703653
-0.00639647
-0.00578868
-0.00568949
-0.00582831
-0.00614537
-0.00659439
-0.00719652
-0.00795857
-0.00901275
-0.0103175
-0.0123496
-0.0149775
-0.0187502
-0.0217724
-0.0236303
-0.0181714
-0.00745447
0.0360553
-0.00616736
-0.00923372
-0.00819478
-0.00824473
-0.0077661
-0.00748843
-0.00737113
-0.0074387
-0.0077424
-0.00824443
-0.00906462
-0.0101981
-0.0120911
-0.0144728
-0.0182986
-0.0208695
-0.0217608
-0.00902156
0.0162526
0.0931245
-0.0314877
-0.00636032
-0.00491474
-0.00417352
-0.00395525
-0.00413952
-0.00460734
-0.0051336
-0.0058529
-0.00662306
-0.0077469
-0.00903868
-0.0109602
-0.0128986
-0.014835
-0.0131018
-0.00455404
0.0281324
0.0944875
0.226119
8.74399e-05
6.35191e-05
0.000110801
0.000202051
0.000345347
0.000542072
0.0007949
0.00110697
0.00148079
0.00191731
0.00241464
0.00296645
0.00356014
0.00417478
0.00477983
0.00533561
0.00579604
0.0061156
0.00628971
0.00624145
0.000114582
8.94733e-05
0.000142345
0.000234323
0.000375475
0.00056786
0.000814708
0.0011195
0.00148508
0.00191283
0.00240149
0.00294545
0.00353304
0.00414475
0.00475049
0.00531027
0.00577631
0.00610117
0.00628371
0.00622824
6.55643e-05
3.24575e-05
8.40141e-05
0.000172638
0.000309499
0.000496854
0.000738571
0.00103908
0.00140248
0.00183181
0.00232777
0.00288708
0.00350091
0.00414981
0.0048026
0.00541467
0.0059292
0.00628561
0.00648195
0.00639381
-3.92786e-05
-7.78852e-05
-2.87499e-05
5.49379e-05
0.000185499
0.000365598
0.000600065
0.000894725
0.00125563
0.00168842
0.00219702
0.0027817
0.00343683
0.00414648
0.00487825
0.00558066
0.00618111
0.00659481
0.00681743
0.00667837
-0.000208261
-0.000251788
-0.000206696
-0.0001299
-7.94894e-06
0.000162361
0.000387044
0.000673695
0.00103089
0.00146777
0.00199293
0.0026122
0.00332523
0.00412149
0.00496894
0.00580818
0.00654496
0.00705323
0.00731925
0.0070885
-0.000440394
-0.000489063
-0.000449641
-0.000382104
-0.000271977
-0.00011551
9.45571e-05
0.000367751
0.00071555
0.00115135
0.0016898
0.0023448
0.00312432
0.00402796
0.00502947
0.00606394
0.00700847
0.0076714
0.00800879
0.00761071
-0.000733515
-0.000788102
-0.000756174
-0.000700942
-0.000607081
-0.00047049
-0.000282879
-3.29681e-05
0.000293582
0.000714695
0.00125204
0.00192983
0.00277045
0.00378704
0.00497355
0.00626908
0.00752195
0.00844433
0.00890378
0.00821615
-0.00108496
-0.0011466
-0.00112421
-0.00108493
-0.0010129
-0.000904132
-0.000749933
-0.00053799
-0.000251898
0.000130062
0.000636074
0.00130175
0.00216789
0.00326986
0.00463736
0.00624142
0.00792824
0.00930498
0.00996852
0.00887479
-0.00149119
-0.00156117
-0.00155027
-0.00153077
-0.00148673
-0.00141506
-0.00130776
-0.00115304
-0.000934454
-0.000629082
-0.000205328
0.000380318
0.00118545
0.00227437
0.003709
0.00555687
0.00775541
0.00992919
0.0109444
0.00958559
-0.0019477
-0.00202726
-0.00202911
-0.0020326
-0.00202229
-0.00199711
-0.00195126
-0.00187567
-0.00175732
-0.00157754
-0.00130954
-0.000914415
-0.000335446
0.000499619
0.00166708
0.00329563
0.00571168
0.00899284
0.0107582
0.0102396
-0.00244924
-0.00253949
-0.0025538
-0.00258163
-0.00260881
-0.00263754
-0.00266614
-0.00269104
-0.00270716
-0.00270763
-0.00268424
-0.00262925
-0.00254237
-0.00245624
-0.00243695
-0.00232248
-0.00108993
0.00304587
0.00692014
0.00961468
-0.00299053
-0.00309146
-0.00311432
-0.00316417
-0.00322857
-0.00331428
-0.00342508
-0.00356544
-0.00374272
-0.00397032
-0.00427473
-0.00471137
-0.00540337
-0.00664285
-0.0089129
-0.0121625
-0.0138183
-0.00953805
-0.00297571
0.0044156
-0.00357021
-0.00368293
-0.00370756
-0.00377257
-0.00386678
-0.00400347
-0.00419339
-0.00445074
-0.00479803
-0.00527491
-0.00595495
-0.00698224
-0.00864735
-0.0115356
-0.016598
-0.0236818
-0.0292919
-0.0258839
-0.0176702
-0.0059854
-0.0041813
-0.00429366
-0.00429738
-0.00435938
-0.0044708
-0.00464877
-0.00490684
-0.00526612
-0.00576243
-0.00645661
-0.00745951
-0.00897938
-0.0114371
-0.01556
-0.0224858
-0.031601
-0.0397802
-0.0376334
-0.0301706
-0.0166688
-0.00485907
-0.00499123
-0.00495796
-0.00500598
-0.0051039
-0.00528453
-0.00556738
-0.00598012
-0.00656414
-0.00738725
-0.00857195
-0.0103292
-0.013135
-0.0175791
-0.0249431
-0.0337743
-0.0423642
-0.0399681
-0.0346838
-0.0204702
-0.00568499
-0.00560924
-0.00546042
-0.00540281
-0.00546618
-0.00565477
-0.00597171
-0.00643046
-0.00706533
-0.00793606
-0.00915998
-0.0108924
-0.0136262
-0.0175792
-0.0240661
-0.031065
-0.037294
-0.0347713
-0.0317284
-0.0143762
-0.00615223
-0.00660909
-0.00630681
-0.00630782
-0.00626336
-0.00633697
-0.00653774
-0.00689527
-0.00744395
-0.0082244
-0.00934121
-0.0108713
-0.0132446
-0.0165243
-0.0215915
-0.0264872
-0.030686
-0.0272047
-0.0228512
0.0034519
-0.00956282
-0.00703653
-0.00639647
-0.00578868
-0.00568949
-0.00582831
-0.00614537
-0.00659439
-0.00719652
-0.00795857
-0.00901275
-0.0103175
-0.0123496
-0.0149775
-0.0187502
-0.0217724
-0.0236303
-0.0181714
-0.00745448
0.0360553
-0.00616736
-0.00923372
-0.00819478
-0.00824473
-0.0077661
-0.00748843
-0.00737113
-0.0074387
-0.0077424
-0.00824443
-0.00906462
-0.0101981
-0.0120911
-0.0144728
-0.0182986
-0.0208695
-0.0217608
-0.00902156
0.0162526
0.0931244
-0.0314877
-0.00636032
-0.00491474
-0.00417352
-0.00395525
-0.00413952
-0.00460734
-0.00513359
-0.0058529
-0.00662306
-0.0077469
-0.00903868
-0.0109602
-0.0128986
-0.014835
-0.0131018
-0.00455405
0.0281324
0.0944875
0.226119
8.37477e-05
5.97563e-05
0.000106873
0.000197839
0.000340697
0.000536794
0.000788756
0.00109967
0.00147198
0.00190658
0.00240154
0.00295053
0.00354096
0.00415203
0.0047534
0.00530571
0.00576327
0.00608092
0.00625413
0.00620645
0.000110864
8.57078e-05
0.000138417
0.000230109
0.000370817
0.000562565
0.000808535
0.00111216
0.00147621
0.001902
0.00238826
0.00292934
0.00351356
0.00412157
0.00472347
0.00527961
0.00574262
0.00606551
0.00624712
0.0061922
6.16773e-05
2.85223e-05
7.99105e-05
0.000168236
0.000304634
0.000491322
0.000732114
0.00103137
0.00139314
0.00182037
0.00231368
0.00286977
0.00347979
0.00412443
0.00477273
0.00538048
0.00589141
0.00624554
0.0064409
0.00635374
-4.34214e-05
-8.20783e-05
-3.31194e-05
5.02543e-05
0.000180325
0.000359713
0.000593186
0.000886495
0.0012456
0.00167604
0.00218164
0.00276259
0.00341321
0.00411769
0.00484389
0.00554083
0.00613669
0.00654761
0.0067692
0.00663198
-0.000212735
-0.000256317
-0.000211409
-0.000134944
-1.35134e-05
0.000156035
0.000379643
0.000664813
0.00102001
0.00145423
0.00197593
0.00259079
0.00329839
0.00408822
0.00492854
0.0057606
0.00649125
0.00699601
0.00726101
0.00703385
-0.000445265
-0.000493994
-0.00045476
-0.000387567
-0.000277984
-0.00012232
8.65987e-05
0.000358189
0.000703789
0.00113661
0.00167111
0.00232092
0.00309386
0.00398962
0.004982
0.00600688
0.00694294
0.0076012
0.00793786
0.00754671
-0.000738846
-0.000793497
-0.000761756
-0.000706865
-0.000613553
-0.000477781
-0.000291353
-4.31147e-05
0.00028111
0.000699032
0.00123205
0.00190408
0.00273726
0.00374422
0.00491915
0.00620184
0.00744266
0.00835831
0.00881802
0.00814345
-0.00109083
-0.00115253
-0.00113031
-0.00109136
-0.00101984
-0.000911861
-0.00075881
-0.000548505
-0.000264717
0.000114039
0.000615635
0.00127527
0.00213326
0.0032245
0.00457833
0.00616583
0.00783525
0.00920074
0.0098672
0.00879669
-0.00149769
-0.00156773
-0.00155697
-0.00153774
-0.00149415
-0.00142316
-0.00131688
-0.00116361
-0.000947059
-0.000644531
-0.000224707
0.000355516
0.00115318
0.0022319
0.00365247
0.00548093
0.0076549
0.00980685
0.0108307
0.00950911
-0.00195496
-0.00203459
-0.00203653
-0.0020402
-0.00203022
-0.00200555
-0.00196046
-0.00188594
-0.00176907
-0.00159129
-0.00132595
-0.00093435
-0.000360129
0.000468445
0.00162668
0.00323957
0.00562538
0.00886357
0.0106469
0.010174
-0.00245745
-0.00254777
-0.00256209
-0.00258999
-0.00261734
-0.00264634
-0.00267533
-0.00270077
-0.00271751
-0.00271861
-0.00269569
-0.00264062
-0.00255243
-0.00246226
-0.00243451
-0.00231247
-0.00110344
0.0029611
0.00684418
0.00955832
-0.00299992
-0.00310093
-0.00312371
-0.00317351
-0.00323789
-0.0033236
-0.00343437
-0.00357461
-0.00375149
-0.003978
-0.00427995
-0.00471143
-0.00539298
-0.00661098
-0.00883901
-0.0120293
-0.0136751
-0.00949304
-0.00298269
0.00438099
-0.00358107
-0.00369388
-0.00371834
-0.00378317
-0.00387716
-0.00401359
-0.0042031
-0.00445972
-0.00480561
-0.0052797
-0.00595427
-0.00697082
-0.00861449
-0.0114601
-0.0164353
-0.0233876
-0.0289307
-0.0256522
-0.0175799
-0.00596097
-0.00419396
-0.00430644
-0.00430991
-0.00437159
-0.00448266
-0.00466017
-0.00491757
-0.00527576
-0.00577006
-0.00646043
-0.007456
-0.00896181
-0.0113905
-0.0154573
-0.0222689
-0.0312142
-0.0392982
-0.0373124
-0.0300149
-0.0165864
-0.00487362
-0.00500588
-0.00497233
-0.00501997
-0.00511749
-0.00529762
-0.00557978
-0.00599142
-0.00657349
-0.00739296
-0.00857064
-0.010315
-0.0130925
-0.0174854
-0.0247431
-0.0334209
-0.0419352
-0.0397179
-0.0345911
-0.0204227
-0.00570227
-0.00562657
-0.00547729
-0.00541915
-0.00548203
-0.00567013
-0.00598648
-0.00644441
-0.00707786
-0.00794602
-0.00916477
-0.010889
-0.0136019
-0.0175238
-0.023943
-0.0308499
-0.037054
-0.0346932
-0.0317642
-0.0144288
-0.00616944
-0.00662647
-0.0063244
-0.00632513
-0.00628055
-0.00635399
-0.0065546
-0.00691192
-0.00746001
-0.0082389
-0.00935325
-0.0108804
-0.0132452
-0.0165108
-0.0215523
-0.0264224
-0.0306336
-0.0272843
-0.0230134
0.00329201
-0.00958566
-0.00705849
-0.00641687
-0.00580807
-0.00570847
-0.00584719
-0.00616434
-0.0066136
-0.00721573
-0.00797737
-0.0090284
-0.0103386
-0.0123643
-0.0149904
-0.0187571
-0.0217878
-0.023668
-0.0183322
-0.00770243
0.0358148
-0.00617951
-0.00924788
-0.00821135
-0.00826168
-0.00778377
-0.00750669
-0.00739006
-0.00745847
-0.00776275
-0.0082653
-0.00908497
-0.0102191
-0.0121077
-0.0144916
-0.0183184
-0.0209108
-0.0218563
-0.00921731
0.0159441
0.0928253
-0.0315073
-0.0063776
-0.00493226
-0.00419173
-0.00397361
-0.00415818
-0.00462618
-0.00515315
-0.00587277
-0.00664353
-0.00776682
-0.00905911
-0.0109792
-0.0129205
-0.0148662
-0.0131582
-0.00466365
0.0279218
0.0941769
0.225825
7.65832e-05
5.24667e-05
9.92789e-05
0.000189718
0.000331756
0.000526666
0.000776981
0.00108568
0.0014551
0.00188602
0.00237643
0.00291996
0.00350409
0.00410824
0.00470248
0.00524807
0.00570005
0.00601403
0.00618555
0.00613903
0.000103635
7.83997e-05
0.000130811
0.000221971
0.000361847
0.000552391
0.000796694
0.00109808
0.0014592
0.00188126
0.00236288
0.00289839
0.0034761
0.00407693
0.00467138
0.00522045
0.00567759
0.00599666
0.00617651
0.00612272
5.40955e-05
2.08603e-05
7.19381e-05
0.00015971
0.000295239
0.000480665
0.000719702
0.00101659
0.00137522
0.00179841
0.00228663
0.00283648
0.00343912
0.00407547
0.004715
0.00531431
0.00581821
0.00616791
0.00636139
0.00627623
-5.15297e-05
-9.02703e-05
-4.16375e-05
4.11524e-05
0.000170302
0.000348344
0.000579928
0.000870656
0.00122631
0.00165222
0.00215202
0.00272574
0.00336758
0.00406196
0.00477722
0.0054634
0.00605023
0.0064557
0.00667531
0.00654188
-0.000221514
-0.000265188
-0.000220622
-0.000144774
-2.43231e-05
0.000143783
0.000365342
0.000647675
0.000999015
0.0014281
0.00194308
0.00254937
0.00324632
0.00402353
0.00484979
0.0056676
0.00638605
0.00688382
0.00714688
0.00692714
-0.000454842
-0.00050367
-0.000464789
-0.000398235
-0.00028968
-0.000135544
7.11805e-05
0.000339691
0.000681043
0.0011081
0.00163488
0.00227455
0.00303453
0.0039147
0.00488893
0.00589462
0.00681364
0.00746249
0.00779774
0.00742111
-0.000749345
-0.000804102
-0.000772707
-0.000718455
-0.000626182
-0.00049197
-0.000307813
-6.28006e-05
0.000256913
0.000668609
0.00119315
0.00185384
0.0026723
0.00366006
0.00481182
0.00606864
0.00728502
0.00818688
0.00864722
0.00800022
-0.00110239
-0.00116421
-0.0011423
-0.00110394
-0.00103341
-0.000926937
-0.000776095
-0.000568965
-0.000289669
8.28004e-05
0.000575687
0.00122336
0.0020651
0.00313484
0.00446113
0.00601508
0.00764904
0.00899133
0.00966421
0.00864276
-0.00151051
-0.00158067
-0.00157016
-0.00155143
-0.00150868
-0.00143901
-0.00133468
-0.00118423
-0.000971681
-0.000674767
-0.000262757
0.000306629
0.00108928
0.0021475
0.00353968
0.00532894
0.00745309
0.00956041
0.0106035
0.00935955
-0.00196932
-0.00204906
-0.00205114
-0.00205515
-0.00204579
-0.00202209
-0.00197847
-0.00190606
-0.00179211
-0.00161832
-0.00135832
-0.000973841
-0.000409221
0.000406336
0.0015465
0.00312922
0.00545612
0.0086086
0.010431
0.0100492
-0.00247372
-0.00256416
-0.00257848
-0.0026065
-0.00263414
-0.00266365
-0.00269341
-0.00271988
-0.00273788
-0.0027403
-0.00271838
-0.00266323
-0.00257235
-0.00247339
-0.00242625
-0.00228383
-0.00111432
0.00281108
0.00671225
0.00945996
-0.00301861
-0.00311975
-0.00314236
-0.00319202
-0.00325632
-0.00334199
-0.00345272
-0.00359274
-0.00376884
-0.00399329
-0.00429045
-0.00471162
-0.00537184
-0.00654494
-0.00868324
-0.0117442
-0.0133563
-0.00936449
-0.00296085
0.00433671
-0.00360281
-0.00371576
-0.00373986
-0.00380427
-0.00389781
-0.00403369
-0.00422238
-0.00447758
-0.00482073
-0.00528942
-0.00595321
-0.00694832
-0.00854867
-0.0113067
-0.0161022
-0.022784
-0.0281831
-0.0251525
-0.0173613
-0.00587832
-0.00421949
-0.00433215
-0.00433507
-0.00439608
-0.00450639
-0.00468296
-0.00493904
-0.00529507
-0.00578549
-0.0064685
-0.00744981
-0.00892792
-0.0112991
-0.0152537
-0.0218373
-0.0304488
-0.0383523
-0.0366783
-0.0297103
-0.0164013
-0.00490322
-0.00503562
-0.00500146
-0.00504827
-0.00514492
-0.005324
-0.00560478
-0.00601428
-0.00659263
-0.00740518
-0.00856949
-0.010289
-0.0130119
-0.017305
-0.0243566
-0.0327452
-0.0411357
-0.039279
-0.0344565
-0.0203335
-0.00573781
-0.0056621
-0.00551183
-0.00545251
-0.00551434
-0.00570138
-0.00601655
-0.00647291
-0.00710376
-0.00796714
-0.00917657
-0.0108856
-0.0135603
-0.0174225
-0.0237173
-0.0304588
-0.0366488
-0.0346138
-0.0319062
-0.014557
-0.00620523
-0.00666245
-0.0063609
-0.00636091
-0.00631598
-0.00638899
-0.00658926
-0.00694626
-0.00749362
-0.00827109
-0.00938048
-0.0109021
-0.0132522
-0.0164932
-0.0214907
-0.0263237
-0.0305896
-0.027498
-0.0233766
0.00295404
-0.00963404
-0.00710464
-0.00645973
-0.00584859
-0.00574808
-0.00588652
-0.00620382
-0.00665364
-0.00725612
-0.00801797
-0.00906538
-0.0103821
-0.0123991
-0.0150245
-0.0187835
-0.0218348
-0.0237593
-0.0186746
-0.00820709
0.0353263
-0.00620496
-0.0092773
-0.00824614
-0.00829716
-0.00782076
-0.00754494
-0.00742969
-0.00749994
-0.00780563
-0.00830979
-0.00912913
-0.0102649
-0.0121468
-0.0145365
-0.0183674
-0.0210052
-0.022061
-0.00961706
0.0153361
0.0922231
-0.0315492
-0.00641462
-0.00496992
-0.00423085
-0.00401296
-0.00419807
-0.00466634
-0.00519477
-0.00591511
-0.00668748
-0.00781019
-0.00910426
-0.0110229
-0.0129717
-0.0149376
-0.0132816
-0.00489222
0.0274937
0.0935617
0.225226
6.63659e-05
4.2112e-05
8.85359e-05
0.000178289
0.000319227
0.000512524
0.000760581
0.00106622
0.00143163
0.00185741
0.00234143
0.00287726
0.00345247
0.00404681
0.00463092
0.00516694
0.00561102
0.00591987
0.00608906
0.00604433
9.32767e-05
6.79724e-05
0.00012
0.000210468
0.000349229
0.000538141
0.000780163
0.00107846
0.00143552
0.00185237
0.00232748
0.00285515
0.00342365
0.00401429
0.00459812
0.00513711
0.00558592
0.00589961
0.00607703
0.006025
4.31631e-05
9.86089e-06
6.05388e-05
0.000147589
0.000281954
0.000465671
0.000702306
0.000995918
0.0013502
0.00176773
0.0022488
0.00278983
0.00338198
0.0040065
0.00463349
0.00522067
0.00571448
0.00605787
0.00624877
0.00616671
-6.3295e-05
-0.000102104
-5.38939e-05
2.8133e-05
0.000156047
0.000332264
0.000561259
0.000848417
0.00119926
0.00161883
0.00211044
0.00267388
0.00330316
0.00398303
0.00468249
0.00535305
0.00592673
0.00632434
0.00654117
0.00641364
-0.000234311
-0.000278059
-0.00023394
-0.0001589
-3.97678e-05
0.000126372
0.000345113
0.000623507
0.000969456
0.0013913
0.00189674
0.00249075
0.00317237
0.00393127
0.00473699
0.00553388
0.00623431
0.00672179
0.00698207
0.00677396
-0.000468844
-0.000517755
-0.000479335
-0.000413623
-0.000306456
-0.00015441
4.92768e-05
0.000313485
0.000648852
0.00106771
0.00158345
0.00220849
0.00294962
0.00380696
0.00475442
0.00573157
0.00662504
0.0072597
0.00759287
0.0072392
-0.000764728
-0.000819572
-0.00078863
-0.00073522
-0.000644355
-0.000512293
-0.000331296
-9.08211e-05
0.000222486
0.000625268
0.00113756
0.00178174
0.00257866
0.00353798
0.00465517
0.00587311
0.00705239
0.00793305
0.00839428
0.00779128
-0.00111937
-0.00118127
-0.00115978
-0.0011222
-0.00105301
-0.00094861
-0.000800862
-0.00059823
-0.000325367
3.80144e-05
0.000518195
0.00114825
0.0019659
0.00300348
0.00428838
0.00579157
0.00737152
0.00867806
0.009361
0.00841758
-0.00152938
-0.00159962
-0.00158942
-0.00157134
-0.00152974
-0.00146189
-0.0013603
-0.00121387
-0.00100711
-0.000718412
-0.000317943
0.00023528
0.000995387
0.0020228
0.00337217
0.00510257
0.00715205
0.00919167
0.010266
0.00914286
-0.00199049
-0.00207031
-0.00207256
-0.00207698
-0.00206843
-0.00204608
-0.00200452
-0.00193514
-0.00182549
-0.00165762
-0.00140566
-0.001032
-0.000481983
0.000314064
0.00142831
0.00296939
0.005214
0.00824152
0.010126
0.00987546
-0.00249781
-0.00258832
-0.00260259
-0.0026307
-0.00265868
-0.00268886
-0.0027197
-0.00274768
-0.00276759
-0.00277211
-0.00275191
-0.00269689
-0.00260194
-0.00248838
-0.00240663
-0.00222043
-0.00108501
0.00264627
0.00657473
0.00934743
-0.00304645
-0.00314766
-0.00316996
-0.00321932
-0.0032834
-0.00336896
-0.00347959
-0.00361929
-0.00379438
-0.00401601
-0.00430636
-0.0047123
-0.00533986
-0.00644214
-0.00843392
-0.0112763
-0.0127986
-0.00906335
-0.00280954
0.00434423
-0.00363545
-0.00374845
-0.00377196
-0.00383565
-0.00392841
-0.00406338
-0.00425084
-0.00450399
-0.00484329
-0.00530427
-0.00595244
-0.00691571
-0.0084505
-0.0110743
-0.0155916
-0.0218534
-0.0270038
-0.0242936
-0.0168752
-0.00563523
-0.00425826
-0.00437101
-0.00437303
-0.0044329
-0.00454196
-0.00471703
-0.00497111
-0.00532402
-0.00580895
-0.00648154
-0.00744242
-0.00888029
-0.0111671
-0.0149553
-0.0212024
-0.0293322
-0.0369791
-0.0357219
-0.0291761
-0.0160318
-0.00494885
-0.00508127
-0.00504608
-0.00509144
-0.0051866
-0.00536397
-0.00564261
-0.00604903
-0.00662225
-0.00742531
-0.00857106
-0.0102559
-0.0129021
-0.0170533
-0.0238131
-0.0318147
-0.0400796
-0.0387476
-0.034276
-0.0201904
-0.00579363
-0.00571759
-0.00556564
-0.00550424
-0.00556427
-0.00574952
-0.00606283
-0.00651692
-0.0071444
-0.00800189
-0.00919897
-0.0108886
-0.013515
-0.0172942
-0.0234293
-0.0299717
-0.0362258
-0.0346615
-0.0321721
-0.0147903
-0.0062627
-0.00671978
-0.00641916
-0.00641761
-0.00637182
-0.00644386
-0.00664344
-0.00700003
-0.00754673
-0.00832289
-0.0094272
-0.0109432
-0.0132763
-0.0164892
-0.0214389
-0.026253
-0.0306993
-0.0279434
-0.0239701
0.00240822
-0.00971386
-0.00717972
-0.00652953
-0.00591406
-0.0058119
-0.00594963
-0.00626694
-0.00671759
-0.00732097
-0.00808433
-0.00912977
-0.0104535
-0.0124642
-0.0150951
-0.0188537
-0.021944
-0.0239041
-0.0192307
-0.00897179
0.0345752
-0.00624753
-0.00932525
-0.00830348
-0.00835509
-0.00788107
-0.00760716
-0.00749391
-0.00756713
-0.00787531
-0.00838285
-0.00920321
-0.0103432
-0.0122184
-0.014621
-0.0184629
-0.0211735
-0.0223955
-0.01023
0.0144492
0.0913077
-0.0316197
-0.00647772
-0.00503444
-0.00429766
-0.00407975
-0.00426524
-0.00473339
-0.00526393
-0.0059853
-0.00676091
-0.00788377
-0.00918259
-0.0111018
-0.0130665
-0.0150665
-0.013493
-0.00525613
0.0268383
0.0926525
0.224291
5.37072e-05
2.94019e-05
7.54358e-05
0.000164463
0.000304169
0.000495613
0.000741034
0.00104307
0.00140369
0.00182331
0.0022996
0.00282608
0.0033904
0.00397269
0.00454433
0.00506858
0.005503
0.0058057
0.00597227
0.00593005
8.0299e-05
5.5036e-05
0.000106671
0.000196405
0.000333921
0.000520968
0.000760342
0.00105502
0.00140726
0.00181788
0.00228516
0.00280331
0.00336056
0.00393869
0.00450945
0.00503601
0.00547459
0.00578181
0.00595646
0.00590691
2.93142e-05
-3.92957e-06
4.6334e-05
0.000132622
0.00026569
0.000447458
0.000681309
0.000971081
0.0013202
0.00173097
0.0022034
0.0027337
0.00331299
0.00392289
0.0045343
0.00510641
0.00558767
0.00592334
0.00611125
0.00603349
-7.83525e-05
-0.000117091
-6.93242e-05
1.18951e-05
0.000138431
0.000312564
0.000538557
0.000821522
0.00116665
0.00157859
0.00206027
0.00261111
0.00322486
0.00388664
0.00456627
0.00521711
0.0057742
0.00616198
0.00637552
0.00625611
-0.000250797
-0.000294468
-0.000250822
-0.000176642
-5.89885e-05
0.000104897
0.00032035
0.000594087
0.000933581
0.00134665
0.00184041
0.00241926
0.00308172
0.00381755
0.00459716
0.00536723
0.00604442
0.00651868
0.00677552
0.00658347
-0.000486953
-0.00053578
-0.000497854
-0.000433044
-0.000327445
-0.000177818
2.22981e-05
0.000281372
0.000609505
0.00101834
0.00152043
0.00212717
0.00284437
0.00367264
0.00458559
0.00552561
0.00638551
0.00700131
0.00733163
0.00700988
-0.000784669
-0.000839419
-0.000808965
-0.00075646
-0.000667198
-0.000537639
-0.000360393
-0.000125389
0.000180089
0.000571833
0.00106877
0.00169205
0.00246152
0.00338389
0.00445588
0.00562249
0.00675227
0.00760398
0.00806542
0.00752418
-0.00114142
-0.00120321
-0.00118215
-0.00114541
-0.00107775
-0.00097578
-0.000831736
-0.000634585
-0.000369683
-1.77045e-05
0.000446322
0.00105373
0.00184003
0.00283531
0.00406544
0.00550088
0.00700822
0.0082656
0.00895982
0.00812591
-0.00155393
-0.00162403
-0.00161415
-0.00159673
-0.00155643
-0.00149071
-0.00139244
-0.00125097
-0.00105147
-0.00077325
-0.000387735
0.000144263
0.000874464
0.00186089
0.00315282
0.00480492
0.00675544
0.00870432
0.00981733
0.00886023
-0.00201813
-0.00209777
-0.00210015
-0.00210493
-0.00209727
-0.00207647
-0.00203741
-0.0019718
-0.00186765
-0.00170754
-0.00146633
-0.00110737
-0.000577363
0.000192142
0.00127264
0.00276271
0.00490832
0.00777982
0.00973811
0.00965105
-0.0025294
-0.00261967
-0.00263381
-0.00266185
-0.00269012
-0.00272101
-0.00275312
-0.00278302
-0.00280551
-0.00281307
-0.0027957
-0.00274169
-0.00264219
-0.00250889
-0.0023762
-0.00211577
-0.000987028
0.00251741
0.00645593
0.00923064
-0.0030832
-0.00318413
-0.00320596
-0.00325473
-0.00331837
-0.00340362
-0.00351402
-0.00365338
-0.00382738
-0.00404589
-0.00432818
-0.00471511
-0.00530004
-0.00630623
-0.00809295
-0.0106167
-0.011956
-0.00850365
-0.00247127
0.00444543
-0.003679
-0.00379164
-0.00381427
-0.00387677
-0.00396831
-0.00410192
-0.00428769
-0.00453827
-0.0048729
-0.00532456
-0.00595342
-0.00687623
-0.0083257
-0.0107711
-0.0149156
-0.0206124
-0.0253758
-0.0229908
-0.0160571
-0.00516291
-0.0043108
-0.00442314
-0.00442385
-0.00448192
-0.00458904
-0.0047619
-0.00501324
-0.00536218
-0.00584039
-0.00650039
-0.00743631
-0.00882396
-0.0110044
-0.0145801
-0.020397
-0.0279283
-0.0352479
-0.0344332
-0.0284458
-0.015418
-0.00501201
-0.00514384
-0.00510711
-0.00515007
-0.00524281
-0.00541753
-0.00569313
-0.00609558
-0.0066626
-0.0074546
-0.00857863
-0.0102221
-0.0127762
-0.0167574
-0.0231639
-0.0307419
-0.0389425
-0.0382315
-0.0342531
-0.0199821
-0.00587278
-0.00579551
-0.00564101
-0.00557619
-0.00563329
-0.00581566
-0.00612609
-0.00657713
-0.00720066
-0.00805185
-0.00923601
-0.0109052
-0.0134819
-0.0171717
-0.0231275
-0.0295088
-0.0359924
-0.0349976
-0.0328243
-0.0151509
-0.00634764
-0.00680316
-0.00650399
-0.00649918
-0.00645136
-0.00652128
-0.00671935
-0.00707516
-0.00762144
-0.00839734
-0.00949834
-0.0110113
-0.0133305
-0.0165207
-0.0214399
-0.0262774
-0.030921
-0.0287284
-0.0249602
0.00163279
-0.00983496
-0.00729147
-0.00663388
-0.00601102
-0.00590599
-0.00604192
-0.0063585
-0.0068098
-0.00741463
-0.00818133
-0.00922787
-0.0105616
-0.0125728
-0.0152218
-0.0190028
-0.0221824
-0.0243651
-0.0200565
-0.0100472
0.0335545
-0.00631853
-0.00940029
-0.00839301
-0.00844378
-0.00797256
-0.00770055
-0.00758939
-0.00766633
-0.00797808
-0.00849136
-0.00931551
-0.0104643
-0.0123366
-0.0147607
-0.0186267
-0.0214357
-0.0228674
-0.0110356
0.013325
0.0900555
-0.031732
-0.00658062
-0.00514024
-0.00440594
-0.00418653
-0.00437083
-0.0048373
-0.00536962
-0.006092
-0.00687254
-0.00799779
-0.0093057
-0.0112309
-0.0132224
-0.0152757
-0.0138186
-0.00578808
0.0259453
0.0914635
0.222939
3.94137e-05
1.53788e-05
6.11432e-05
0.000149566
0.000288077
0.000477632
0.000720307
0.00101853
0.00137403
0.00178697
0.00225484
0.00277102
0.00332326
0.00389211
0.00444981
0.00496092
0.00538468
0.00568085
0.00584495
0.00580623
6.52453e-05
4.03746e-05
9.16991e-05
0.000180814
0.000317137
0.00050232
0.000738987
0.0010299
0.00137706
0.00178102
0.00223982
0.00274757
0.00329241
0.00385666
0.00441284
0.00492552
0.00535277
0.00565309
0.00582507
0.00577899
1.29304e-05
-1.98442e-05
3.00802e-05
0.000115729
0.000247566
0.000427403
0.000658428
0.000944222
0.00128791
0.00169145
0.00215454
0.00267308
0.0032381
0.00383168
0.00442556
0.00498065
0.00544782
0.0057751
0.00596006
0.00588806
-9.64529e-05
-0.000134659
-8.72687e-05
-6.72699e-06
0.000118502
0.000290576
0.000513522
0.000792141
0.00113123
0.00153499
0.00200587
0.00254282
0.00313921
0.00378058
0.00443761
0.00506587
0.00560396
0.00598076
0.00619094
0.00608202
-0.000270782
-0.000313869
-0.000270638
-0.000197187
-8.09481e-05
8.06925e-05
0.000292782
0.00056165
0.00089427
0.00129784
0.00177876
0.0023407
0.0029815
0.00369095
0.00444038
0.00517921
0.00582924
0.00628819
0.00654128
0.00636951
-0.00050899
-0.000557186
-0.000519704
-0.00045567
-0.000351592
-0.000204402
-7.98645e-06
0.00024565
0.000565975
0.000963813
0.00145068
0.00203676
0.00272622
0.00352101
0.00439344
0.00528948
0.00610934
0.00670253
0.00702916
0.00674733
-0.000808979
-0.000863044
-0.000833035
-0.000781314
-0.000693623
-0.000566621
-0.000393315
-0.000164192
0.000132703
0.00051213
0.000991654
0.00159086
0.00232865
0.00320709
0.00422522
0.00533016
0.00640012
0.00721629
0.00767605
0.00721152
-0.00116832
-0.00122936
-0.0012087
-0.00117266
-0.00110651
-0.00100705
-0.000866942
-0.000675771
-0.000419743
-8.07202e-05
0.000364636
0.000945458
0.00169453
0.0026388
0.00380269
0.00515593
0.00657534
0.00777249
0.00847533
0.00777506
-0.00158392
-0.00165317
-0.00164357
-0.00162666
-0.00158762
-0.00152409
-0.00142937
-0.00129339
-0.00110215
-0.000836111
-0.000468333
3.80329e-05
0.000731648
0.00166788
0.0028889
0.00444629
0.00627933
0.00812071
0.0092706
0.00850816
-0.00205195
-0.00213062
-0.00213306
-0.00213801
-0.00213113
-0.00211189
-0.00207551
-0.00201414
-0.0019164
-0.00176565
-0.00153776
-0.00119742
-0.000693177
4.2303e-05
0.00108156
0.00251375
0.0045532
0.00725519
0.00928184
0.00935611
-0.00256817
-0.00265734
-0.00267122
-0.00269892
-0.00272725
-0.00275873
-0.00279213
-0.00282423
-0.00284994
-0.00286166
-0.00284874
-0.00279767
-0.00269494
-0.00253936
-0.00234247
-0.00197789
-0.000808502
0.00248401
0.00639976
0.00909437
-0.00312862
-0.00322828
-0.00324944
-0.0032972
-0.00336001
-0.0034446
-0.00355457
-0.00369352
-0.00386662
-0.0040823
-0.00435654
-0.00472291
-0.00525871
-0.00614897
-0.00767981
-0.00979566
-0.0108279
-0.00759815
-0.00180732
0.00470546
-0.00373343
-0.00384453
-0.00386596
-0.00392662
-0.00401629
-0.00414794
-0.00433149
-0.00457907
-0.00490866
-0.00535034
-0.0059581
-0.00683507
-0.00818553
-0.0104198
-0.014117
-0.0191276
-0.0233237
-0.0211293
-0.0146064
-0.00424917
-0.00437768
-0.00448822
-0.00448716
-0.0045425
-0.00464673
-0.0048164
-0.0050641
-0.00540829
-0.00587902
-0.00652535
-0.00743415
-0.00876554
-0.010826
-0.0141591
-0.0194814
-0.0263361
-0.0332165
-0.0326778
-0.0270384
-0.0142542
-0.00509458
-0.00522407
-0.00518519
-0.00522429
-0.00531318
-0.00548385
-0.0057552
-0.00615272
-0.00671285
-0.00749319
-0.00859458
-0.0101936
-0.0126463
-0.0164476
-0.0224815
-0.0296691
-0.037864
-0.0376857
-0.0338901
-0.0194852
-0.00597929
-0.00589873
-0.00574064
-0.00567043
-0.00572272
-0.0059003
-0.0062062
-0.00665297
-0.00727204
-0.0081173
-0.00929001
-0.0109387
-0.0134507
-0.0170429
-0.0229305
-0.0292003
-0.036166
-0.0356158
-0.0335503
-0.015574
-0.00646996
-0.00692015
-0.00662282
-0.00661138
-0.00655892
-0.0066241
-0.00681857
-0.00717237
-0.00771817
-0.00849529
-0.0095968
-0.0111116
-0.0134211
-0.016606
-0.0215503
-0.0264936
-0.031516
-0.0298869
-0.0260363
0.000646987
-0.0100113
-0.00745067
-0.00678449
-0.00614995
-0.0060399
-0.00617149
-0.00648493
-0.00693506
-0.00754087
-0.00831245
-0.00936565
-0.0107147
-0.0127369
-0.0154203
-0.0192509
-0.0225689
-0.025078
-0.0211198
-0.0111644
0.0322874
-0.00644764
-0.00952273
-0.0085344
-0.00857937
-0.00810964
-0.00783765
-0.00772693
-0.00780671
-0.00812201
-0.00864327
-0.00947554
-0.0106403
-0.0125172
-0.0149726
-0.0188686
-0.0217979
-0.0234815
-0.0119793
0.0121486
0.0884103
-0.0319135
-0.00675329
-0.00531812
-0.00458348
-0.00435707
-0.00453469
-0.00499474
-0.00552625
-0.00624786
-0.00703493
-0.00816534
-0.00948949
-0.0114265
-0.0134585
-0.0155737
-0.0142726
-0.00649177
0.024771
0.0899955
0.220965
2.44635e-05
1.4664e-06
4.72158e-05
0.000135311
0.00027282
0.00046065
0.000700731
0.000995277
0.00134576
0.0017521
0.00221151
0.00271724
0.00325712
0.00381211
0.00435536
0.00485288
0.00526584
0.00555591
0.00571834
0.00568475
4.85217e-05
2.49098e-05
7.60834e-05
0.000164847
0.000300212
0.000483779
0.00071801
0.00100544
0.0013478
0.00174536
0.00219588
0.00269328
0.00322564
0.00377576
0.00431698
0.00481542
0.00523123
0.00552504
0.00569502
0.00565405
-5.86203e-06
-3.71133e-05
1.26224e-05
9.79262e-05
0.000228801
0.000407005
0.000635532
0.000917698
0.0012563
0.00165292
0.00210688
0.00261375
0.00316435
0.00374121
0.00431697
0.00485441
0.00530711
0.00562626
0.00580897
0.0057448
-0.000117649
-0.000154143
-0.000106992
-2.68154e-05
9.74016e-05
0.000267751
0.000488023
0.000762691
0.00109614
0.00149205
0.00195233
0.00247542
0.00305417
0.00367437
0.00430773
0.00491218
0.00543037
0.00579618
0.00600365
0.005908
-0.000294383
-0.000335603
-0.000292658
-0.000219616
-0.00010449
5.5245e-05
0.000264346
0.000528731
0.000854836
0.00124918
0.00171736
0.00226223
0.00288083
0.00356246
0.00427972
0.00498503
0.0056059
0.00604883
0.00629854
0.00615115
-0.000535071
-0.000581256
-0.000544102
-0.000480528
-0.00037768
-0.000232609
-3.95547e-05
0.000208971
0.000521752
0.00090871
0.00138024
0.00194541
0.00260875
0.00336476
0.00419288
0.00504076
0.00581667
0.00638499
0.0067075
0.00647218
-0.000837738
-0.000889634
-0.000859977
-0.000808731
-0.000722342
-0.000597614
-0.000427969
-0.000204498
8.3913e-05
0.000450861
0.000912316
0.00148572
0.00218656
0.00301997
0.00397904
0.00501527
0.0060182
0.00679383
0.00724908
0.00687244
-0.00120011
-0.00125879
-0.00123845
-0.00120283
-0.00113793
-0.00104072
-0.000904348
-0.000719051
-0.000471998
-0.000146416
0.000279125
0.000831131
0.00153906
0.00242617
0.00351516
0.00477469
0.00609407
0.00722133
0.00792529
0.00737549
-0.0016193
-0.00168596
-0.00167658
-0.00165988
-0.00162184
-0.00156029
-0.00146896
-0.00133849
-0.00115582
-0.000902818
-0.000554537
-7.70949e-05
0.000574305
0.00145225
0.00258902
0.00403619
0.00573438
0.00745242
0.00862567
0.00807394
-0.0020918
-0.00216762
-0.00217006
-0.00217483
-0.00216845
-0.00215053
-0.00211668
-0.00205965
-0.00196881
-0.00182857
-0.00161623
-0.00129845
-0.000826572
-0.00013513
0.000850729
0.00220878
0.00412579
0.00664406
0.00871486
0.00894382
-0.00261389
-0.00269984
-0.00271338
-0.00274031
-0.00276835
-0.00280008
-0.00283458
-0.00286896
-0.00289844
-0.00291556
-0.00290941
-0.00286509
-0.00276464
-0.00259343
-0.00233808
-0.00187057
-0.000641034
0.00245613
0.00629931
0.00886825
-0.00318235
-0.0032784
-0.00329878
-0.00334496
-0.00340638
-0.00348981
-0.00359897
-0.00373747
-0.00391007
-0.00412399
-0.00439212
-0.0047406
-0.00522943
-0.00600151
-0.00726702
-0.00895347
-0.00963163
-0.00654945
-0.00099613
0.00504186
-0.00379837
-0.00390519
-0.00392518
-0.00398318
-0.00407015
-0.00419903
-0.00437972
-0.00462398
-0.00494863
-0.005381
-0.00596878
-0.00680093
-0.0080517
-0.0100667
-0.0133009
-0.0176023
-0.0211268
-0.0188993
-0.0126542
-0.00300871
-0.00445899
-0.00456456
-0.00456138
-0.0046128
-0.00471284
-0.00487802
-0.00512093
-0.0054596
-0.00592261
-0.00655566
-0.00743836
-0.00871422
-0.0106553
-0.0137385
-0.0185499
-0.0247127
-0.0310114
-0.0304165
-0.0251253
-0.0125991
-0.00519791
-0.00532105
-0.00527939
-0.00531256
-0.0053956
-0.00556026
-0.00582571
-0.00621713
-0.00676997
-0.0075393
-0.00862087
-0.0101777
-0.012537
-0.0161601
-0.0218132
-0.0286659
-0.0369114
-0.0371121
-0.0336086
-0.0186419
-0.00611738
-0.00602857
-0.00586588
-0.00578758
-0.00583227
-0.00600215
-0.00630086
-0.00674137
-0.00735519
-0.00819525
-0.00936015
-0.010995
-0.0134653
-0.0170039
-0.0227669
-0.0290247
-0.036967
-0.0368435
-0.0349394
-0.0158928
-0.00664652
-0.00708121
-0.00678454
-0.00675951
-0.00669734
-0.00675317
-0.00694051
-0.00728979
-0.00783418
-0.00861337
-0.00972053
-0.0112464
-0.013562
-0.0167606
-0.0217626
-0.0268937
-0.0325841
-0.0316376
-0.0280634
-0.000383704
-0.010258
-0.00767011
-0.00699839
-0.00634726
-0.00622763
-0.00634821
-0.00665234
-0.00709632
-0.00770071
-0.00847649
-0.00954183
-0.0109161
-0.0129643
-0.0156876
-0.0195916
-0.0230887
-0.0260623
-0.022597
-0.0130724
0.0308093
-0.00670879
-0.00974514
-0.00877135
-0.00879658
-0.00832018
-0.00803884
-0.0079212
-0.00799824
-0.00831489
-0.00884449
-0.00969115
-0.0108794
-0.0127738
-0.0152499
-0.0191824
-0.0222347
-0.0243077
-0.0131891
0.0104909
0.0862623
-0.0322099
-0.00704857
-0.00562119
-0.00487588
-0.00462947
-0.00478696
-0.00523122
-0.00575364
-0.00647185
-0.00726295
-0.0084068
-0.00974828
-0.011713
-0.0137794
-0.0159687
-0.0148131
-0.00739482
0.0233057
0.0878574
0.21797
1.04424e-05
-9.55104e-06
3.67683e-05
0.000125026
0.000261838
0.000448211
0.000686001
0.00097723
0.00132314
0.00172337
0.00217489
0.00267078
0.00319887
0.00374055
0.00426984
0.00475429
0.00515717
0.00544244
0.00560489
0.00557964
3.0446e-05
1.00889e-05
6.13736e-05
0.000150191
0.000284981
0.000467399
0.000699784
0.000984457
0.0013229
0.00171507
0.00215843
0.00264669
0.00316776
0.0037049
0.0042322
0.00471733
0.00512275
0.00541145
0.00558093
0.00554841
-2.71461e-05
-5.45074e-05
-4.73381e-06
8.06565e-05
0.000211007
0.000388128
0.000614862
0.00089427
0.00122883
0.00161974
0.0020659
0.00256253
0.0031001
0.00366155
0.00422036
0.00474119
0.00518054
0.00549308
0.00567521
0.0056229
-0.000142218
-0.000174376
-0.000127264
-4.70006e-05
7.6684e-05
0.000245925
0.000464317
0.000736023
0.00106502
0.00145447
0.00190571
0.0024166
0.00297924
0.00357989
0.00419086
0.0047726
0.00527204
0.00562852
0.00583509
0.00575733
-0.000321872
-0.000358395
-0.000315555
-0.000242458
-0.000127951
3.05176e-05
0.000237458
0.0004984
0.000819254
0.00120585
0.00166296
0.00219259
0.00279165
0.0034462
0.00413252
0.00480527
0.00539796
0.00582625
0.00607432
0.00595654
-0.000565365
-0.000606513
-0.000569533
-0.00050596
-0.000403861
-0.000260284
-6.97769e-05
0.000174663
0.000481155
0.000858712
0.00131652
0.00186227
0.00249896
0.00321984
0.00400468
0.00480469
0.00553672
0.00608054
0.0063997
0.0062167
-0.000870975
-0.000917465
-0.000888039
-0.000836832
-0.000751295
-0.000628255
-0.000461514
-0.000242749
3.83271e-05
0.000394142
0.000839039
0.0013883
0.00205492
0.00284249
0.00374164
0.00470715
0.00564054
0.00637296
0.00682083
0.00653836
-0.00123664
-0.00128948
-0.00126939
-0.00123376
-0.0011697
-0.00107423
-0.000940923
-0.0007607
-0.000521694
-0.000208537
0.000198182
0.000722136
0.00138952
0.00222275
0.00322776
0.00438655
0.00559758
0.00664511
0.00733764
0.00694427
-0.00165972
-0.00172
-0.0017108
-0.00169391
-0.00165651
-0.00159646
-0.001508
-0.00138245
-0.00120779
-0.000967399
-0.000638604
-0.000191044
0.000414872
0.00122411
0.00226982
0.00359261
0.00513586
0.00670702
0.00787475
0.00753137
-0.00213704
-0.00220581
-0.00220828
-0.00221248
-0.00220624
-0.00218921
-0.0021575
-0.00210449
-0.00202045
-0.00189109
-0.00169559
-0.00140351
-0.000970547
-0.000335521
0.000579033
0.00183293
0.00358868
0.00587698
0.00793665
0.00829818
-0.00266545
-0.00274354
-0.00275678
-0.0027825
-0.00280983
-0.00284141
-0.00287671
-0.0029133
-0.00294694
-0.00297073
-0.0029742
-0.00294216
-0.00285405
-0.00268461
-0.00239979
-0.00187529
-0.000660901
0.00213284
0.0058472
0.00825497
-0.00324269
-0.00332991
-0.0033496
-0.00339364
-0.0034531
-0.00353481
-0.00364282
-0.00378093
-0.00395383
-0.00416802
-0.00443413
-0.00477188
-0.00522487
-0.00589359
-0.00692299
-0.00825043
-0.00869154
-0.00574283
-0.000242489
0.00518841
-0.00387131
-0.00396772
-0.0039862
-0.00404069
-0.00412411
-0.00424944
-0.00442679
-0.00466775
-0.00498837
-0.00541372
-0.00598586
-0.00677968
-0.0079387
-0.00974156
-0.0125332
-0.0161617
-0.0189683
-0.0163701
-0.00995656
-0.00126566
-0.00455172
-0.00464525
-0.00463992
-0.00468617
-0.00478041
-0.00493951
-0.00517645
-0.00550912
-0.005965
-0.00658678
-0.00744724
-0.00867261
-0.0104994
-0.0133236
-0.0176069
-0.0230083
-0.0283241
-0.0270263
-0.0213055
-0.00954061
-0.00531874
-0.00542598
-0.00538109
-0.0054057
-0.00548031
-0.0056366
-0.00589435
-0.0062787
-0.00682451
-0.00758463
-0.00865053
-0.0101716
-0.0124408
-0.0158604
-0.0210943
-0.0274524
-0.0352925
-0.0352091
-0.0309066
-0.0160667
-0.00628661
-0.00617855
-0.00601037
-0.00592063
-0.00595316
-0.0061107
-0.00639826
-0.00682981
-0.00743775
-0.00827441
-0.00943997
-0.0110667
-0.0135055
-0.0169635
-0.0225863
-0.0285763
-0.0375608
-0.0371802
-0.0339965
-0.0152291
-0.00689622
-0.00728888
-0.00698723
-0.0069367
-0.0068564
-0.00689553
-0.00707009
-0.00741092
-0.00795318
-0.00873678
-0.00986123
-0.0114092
-0.0137398
-0.0169456
-0.0219845
-0.0272489
-0.033781
-0.0329918
-0.028074
-0.0013679
-0.0105836
-0.00795656
-0.0072896
-0.00661753
-0.00647597
-0.00657127
-0.00685366
-0.00728181
-0.00788091
-0.00866108
-0.00974529
-0.0111673
-0.0132538
-0.016002
-0.0199739
-0.023607
-0.0270981
-0.0236327
-0.0132359
0.0287859
-0.0072915
-0.010161
-0.00916843
-0.00912906
-0.00862073
-0.00830872
-0.00816949
-0.00823312
-0.00854625
-0.00908406
-0.0099553
-0.0111807
-0.0131077
-0.0155852
-0.0194949
-0.02255
-0.024811
-0.0138097
0.0100035
0.0827522
-0.0327735
-0.00761739
-0.00618781
-0.00538094
-0.0050722
-0.00517821
-0.00558503
-0.00608059
-0.00678556
-0.00757604
-0.00874005
-0.0101028
-0.0121032
-0.0141963
-0.016426
-0.0154301
-0.0083266
0.0215307
0.0854169
0.211767
-1.56502e-06
-1.6417e-05
3.06432e-05
0.000119552
0.000255931
0.000441124
0.000677183
0.000965781
0.00130797
0.00170313
0.00214799
0.00263547
0.00315334
0.0036832
0.00419983
0.00467237
0.0050665
0.00534877
0.00551349
0.00550147
1.11757e-05
-3.26112e-06
4.81832e-05
0.000137358
0.000271954
0.000453774
0.000685084
0.000968003
0.00130378
0.00169211
0.00213017
0.00261147
0.00312398
0.00365021
0.00416582
0.00463978
0.00503679
0.0053224
0.00549323
0.00547366
-5.09385e-05
-7.11126e-05
-2.12696e-05
6.45532e-05
0.000194836
0.000371537
0.000597379
0.000875193
0.00120715
0.00159411
0.00203457
0.00252336
0.00305054
0.0035993
0.0041439
0.00465065
0.00507905
0.00538732
0.00557105
0.00553595
-0.000170174
-0.000194323
-0.000147248
-6.65111e-05
5.71584e-05
0.000226041
0.00044357
0.000713619
0.00103979
0.00142478
0.00186936
0.00237086
0.00292116
0.00350484
0.00409682
0.00465908
0.00514275
0.00549286
0.00570134
0.00564745
-0.000353204
-0.000381055
-0.00033834
-0.000264794
-0.000150369
7.62051e-06
0.000213469
0.000472351
0.000789706
0.00117073
0.00161936
0.00213667
0.00271838
0.00335105
0.00401088
0.0046552
0.0052236
0.00564088
0.00589093
0.00580941
-0.000599773
-0.000631629
-0.000594875
-0.000530929
-0.000429054
-0.00028619
-9.71646e-05
0.000144587
0.000446581
0.000816997
0.00126388
0.00179349
0.00240731
0.0030968
0.00384357
0.00460051
0.00529321
0.00581661
0.00613644
0.00601406
-0.00090857
-0.000945104
-0.000916014
-0.000864508
-0.000779331
-0.000657238
-0.000492385
-0.000276992
-1.52569e-06
0.000345356
0.000776465
0.00130501
0.0019417
0.00268966
0.00353058
0.00442863
0.00529562
0.0059871
0.00642881
0.00625537
-0.0012778
-0.00131991
-0.00130024
-0.00126432
-0.00120065
-0.00110624
-0.000975091
-0.000798772
-0.000566334
-0.000263767
0.000126321
0.000624564
0.00125327
0.00203002
0.00295479
0.0040136
0.0051131
0.00607341
0.00673993
0.00654203
-0.00170506
-0.0017537
-0.00174495
-0.00172764
-0.00169046
-0.00163133
-0.00154497
-0.00142345
-0.0012558
-0.00102699
-0.000716778
-0.000298622
0.000261272
0.00100183
0.00195776
0.00312779
0.00449458
0.00587991
0.00698703
0.0069576
-0.00218753
-0.00224358
-0.00224642
-0.00224985
-0.00224338
-0.00222673
-0.00219657
-0.00214705
-0.0020695
-0.00195123
-0.0017739
-0.00151092
-0.00112408
-0.000560441
0.000248701
0.0013791
0.00289969
0.00487938
0.00685185
0.00754956
-0.00272262
-0.00278664
-0.00280003
-0.00282434
-0.00285061
-0.00288153
-0.0029172
-0.00295586
-0.00299415
-0.00302636
-0.00304362
-0.003032
-0.00297108
-0.00282958
-0.00255628
-0.00202565
-0.000822093
0.00158106
0.00499855
0.00752524
-0.00330914
-0.00338077
-0.00340037
-0.00344205
-0.00349902
-0.00357838
-0.0036848
-0.00382261
-0.00399694
-0.00421453
-0.00448537
-0.0048245
-0.00526057
-0.0058478
-0.00665296
-0.00758723
-0.00781787
-0.00526757
-0.00021445
0.00513694
-0.00395109
-0.0040293
-0.00404684
-0.0040974
-0.00417652
-0.00429747
-0.00447091
-0.00470862
-0.00502651
-0.00544841
-0.00601238
-0.00677935
-0.00785873
-0.00943942
-0.0117456
-0.0145909
-0.0167051
-0.0140399
-0.00760945
0.000482091
-0.00465393
-0.00472692
-0.00472038
-0.00476075
-0.00484757
-0.00499878
-0.00522818
-0.00555398
-0.0060031
-0.00661583
-0.00745937
-0.00863891
-0.0103405
-0.0128544
-0.0164837
-0.0208902
-0.0249314
-0.0228626
-0.0168887
-0.00588471
-0.0054529
-0.00553255
-0.00548596
-0.00550044
-0.00556434
-0.00570956
-0.00595709
-0.00633218
-0.00686954
-0.00761949
-0.00867072
-0.0101487
-0.0123101
-0.0154268
-0.0200274
-0.0256234
-0.0325224
-0.0318494
-0.0279391
-0.0127346
-0.00648058
-0.00634007
-0.00616797
-0.00606507
-0.00608064
-0.00622047
-0.00649175
-0.0069096
-0.00750782
-0.0083369
-0.00950052
-0.0111089
-0.0135098
-0.0167827
-0.0219486
-0.027828
-0.0373523
-0.0373149
-0.0349624
-0.0142249
-0.00722038
-0.00754997
-0.00723315
-0.00714654
-0.00703917
-0.00705232
-0.00720561
-0.00752919
-0.00806217
-0.00884418
-0.00998413
-0.0115377
-0.0138795
-0.0170346
-0.0219655
-0.0273372
-0.0354465
-0.0350916
-0.0320225
-0.00185392
-0.0109371
-0.00827818
-0.00765419
-0.00697277
-0.00679189
-0.00683983
-0.00708182
-0.00747865
-0.00806276
-0.00883714
-0.00994413
-0.0114068
-0.0135383
-0.0162677
-0.0202951
-0.0240651
-0.0289028
-0.0262894
-0.0180239
0.0272433
-0.00837082
-0.0109696
-0.00985732
-0.0096984
-0.00910654
-0.00871673
-0.00852199
-0.00853965
-0.00882864
-0.0093597
-0.0102626
-0.0115158
-0.0134977
-0.0159169
-0.0197835
-0.0227496
-0.0256449
-0.015726
0.00587411
0.0790531
-0.0334801
-0.00843603
-0.00701975
-0.00608437
-0.00565676
-0.00568639
-0.00604718
-0.00650159
-0.00719193
-0.00797212
-0.00917533
-0.0105458
-0.0126088
-0.0146501
-0.0169285
-0.0160191
-0.00995441
0.0183692
0.0783725
0.202956
-5.8252e-06
-9.78991e-06
4.00023e-05
0.000129609
0.000265821
0.000450382
0.000685075
0.000971909
0.00131171
0.00170365
0.00214422
0.00262611
0.00313703
0.00365863
0.00416655
0.00463079
0.00501866
0.00529952
0.0054673
0.00547412
-4.38883e-06
-8.28942e-06
4.34187e-05
0.000133
0.000267578
0.000449317
0.000680513
0.000963248
0.00129865
0.00168623
0.00212294
0.00260202
0.00311139
0.00363314
0.00414304
0.00461135
0.0050042
0.00528944
0.00546221
0.00546296
-7.08736e-05
-7.83412e-05
-2.84274e-05
5.78448e-05
0.000188171
0.000364911
0.00059083
0.00086868
0.0012005
0.00158694
0.00202622
0.00251287
0.00303656
0.00358009
0.00411825
0.00461806
0.00504116
0.00534879
0.00553485
0.00552521
-0.000193375
-0.000203557
-0.000156563
-7.54011e-05
4.83056e-05
0.000217251
0.000434911
0.000705063
0.00103116
0.00141566
0.00185896
0.00235799
0.00290422
0.00348155
0.00406472
0.00461768
0.00509396
0.00544301
0.00565467
0.00563246
-0.000378282
-0.000391282
-0.000348716
-0.000274782
-0.000160411
-2.48845e-06
0.000203314
0.000462053
0.000778996
0.00115905
0.00160569
0.00211937
0.00269517
0.00331953
0.00396679
0.00459768
0.00515493
0.00556963
0.00582344
0.00578325
-0.000626088
-0.000642296
-0.000605742
-0.000541485
-0.000439827
-0.000297269
-0.000108622
0.000132529
0.000433486
0.00080208
0.0012458
0.00177004
0.00237542
0.00305327
0.00377913
0.00451627
0.00519056
0.00570699
0.00602957
0.00596434
-0.000935946
-0.000955952
-0.000927104
-0.000875378
-0.000790599
-0.000669088
-0.000505017
-0.000290798
-1.71744e-05
0.000326749
0.000753048
0.00127372
0.00189778
0.00262653
0.00344533
0.00430524
0.00513731
0.00580853
0.00624498
0.00615286
-0.00130622
-0.00133074
-0.00131132
-0.00127523
-0.00121209
-0.00111851
-0.000988532
-0.000813994
-0.00058429
-0.000285991
9.73279e-05
0.000584643
0.00119562
0.00194529
0.00283525
0.00383779
0.0048701
0.00577175
0.00640121
0.00631211
-0.00173457
-0.0017643
-0.00175574
-0.00173821
-0.0017016
-0.00164342
-0.00155852
-0.00143928
-0.00127522
-0.00105198
-0.000750511
-0.000346359
0.000190621
0.000894074
0.0017917
0.00288683
0.00412733
0.00535012
0.0063092
0.00636397
-0.00221831
-0.00225373
-0.00225661
-0.00225964
-0.00225358
-0.00223781
-0.00220919
-0.00216226
-0.00208887
-0.00197712
-0.0018099
-0.00156276
-0.00120155
-0.00068048
5.86959e-05
0.00107881
0.00241915
0.00401299
0.00550378
0.0061369
-0.0027551
-0.00279614
-0.0028093
-0.00283282
-0.00285913
-0.0028906
-0.00292759
-0.00296879
-0.00301137
-0.00305033
-0.00307753
-0.00308057
-0.00304025
-0.00292395
-0.00267536
-0.00218779
-0.00121678
0.000567923
0.00302041
0.00504839
-0.00334441
-0.00338983
-0.003409
-0.0034493
-0.00350559
-0.00358479
-0.00369194
-0.00383181
-0.00401008
-0.00423386
-0.00451282
-0.00486096
-0.00529821
-0.00584588
-0.00650272
-0.0071501
-0.00722916
-0.0052819
-0.00110057
0.00297841
-0.00399106
-0.00403747
-0.0040536
-0.00410159
-0.00417913
-0.00429942
-0.00447322
-0.00471246
-0.00503362
-0.00546025
-0.00602827
-0.00679109
-0.00783227
-0.00925219
-0.0110799
-0.0130459
-0.0138744
-0.0107082
-0.00420333
0.00122827
-0.00470624
-0.0047414
-0.0047346
-0.00477143
-0.00485413
-0.00500194
-0.0052294
-0.00555552
-0.00600726
-0.0066234
-0.00746852
-0.00863297
-0.0102606
-0.0124815
-0.015344
-0.0181088
-0.0193712
-0.0150918
-0.00847624
-0.000748568
-0.00552464
-0.00554409
-0.0054954
-0.00550121
-0.00556039
-0.00570298
-0.00595028
-0.00632752
-0.00687042
-0.00762531
-0.00868112
-0.0101535
-0.0122324
-0.0150277
-0.0186387
-0.0221646
-0.0252934
-0.0224065
-0.0165478
-0.00391539
-0.00661967
-0.00641207
-0.00623005
-0.0061138
-0.00611327
-0.00624046
-0.00650426
-0.00691996
-0.00752454
-0.00835962
-0.00954126
-0.011173
-0.0134968
-0.0165946
-0.0207832
-0.0250376
-0.0312072
-0.0297852
-0.0238799
-0.00519887
-0.00753812
-0.00764164
-0.00731691
-0.00717398
-0.00704872
-0.00705016
-0.00720143
-0.00753012
-0.00807954
-0.00888694
-0.0100642
-0.0116914
-0.0140313
-0.0170949
-0.0214339
-0.025777
-0.0326059
-0.0298808
-0.0226194
0.00302134
-0.0114381
-0.00860541
-0.00794523
-0.00722211
-0.00695592
-0.00693987
-0.00714273
-0.00752269
-0.00811506
-0.00893096
-0.0100959
-0.011644
-0.0138334
-0.0165338
-0.0202378
-0.0232806
-0.027582
-0.0223115
-0.0125281
0.0262672
-0.0110412
-0.0119414
-0.0104478
-0.00992237
-0.00915606
-0.00866414
-0.00842841
-0.0084496
-0.00877239
-0.00937341
-0.0103723
-0.0117442
-0.0138046
-0.0162345
-0.0197297
-0.0218816
-0.0239274
-0.0128635
0.00605375
0.0707284
-0.0357155
-0.0103034
-0.00862034
-0.00712352
-0.00633839
-0.00619666
-0.00643775
-0.00683271
-0.00748144
-0.00828749
-0.00952232
-0.0109634
-0.0130657
-0.0150181
-0.0171638
-0.015795
-0.00998875
0.0165527
0.0645742
0.172076
)
;

boundaryField
{
    movingWall
    {
        type            zeroGradient;
    }
    fixedWalls
    {
        type            zeroGradient;
    }
}


// ************************************************************************* //
