/*--------------------------------*- C++ -*----------------------------------*\
  =========                 |
  \\      /  F ield         | OpenFOAM: The Open Source CFD Toolbox
   \\    /   O peration     | Website:  https://openfoam.org
    \\  /    A nd           | Version:  10
     \\/     M anipulation  |
\*---------------------------------------------------------------------------*/
FoamFile
{
    format      ascii;
    class       volScalarField;
    location    "3.5";
    object      p;
}
// * * * * * * * * * * * * * * * * * * * * * * * * * * * * * * * * * * * * * //

dimensions      [0 2 -2 0 0 0 0];

internalField   nonuniform List<scalar> 
8000
(
-5.15619e-07
-1.76879e-05
8.7576e-06
6.12191e-05
0.000144821
0.000259875
0.00040613
0.000582769
0.000788021
0.00101879
0.00127079
0.00153777
0.00181143
0.00208187
0.00233739
0.00256533
0.00275276
0.00288796
0.00296943
0.00296652
1.31655e-05
-4.42015e-06
2.22987e-05
7.30159e-05
0.000153862
0.000265459
0.000407835
0.000580434
0.000781755
0.00100908
0.00125815
0.00152269
0.00179543
0.00206598
0.00232261
0.00255243
0.00274212
0.00287964
0.00296416
0.0029607
-2.16191e-05
-4.20797e-05
-1.64554e-05
3.26016e-05
0.000111845
0.000222084
0.000363666
0.000536434
0.000739315
0.000970007
0.00122466
0.0014978
0.00178135
0.00206505
0.00233654
0.00258182
0.00278596
0.00293491
0.00302726
0.0030223
-8.90307e-05
-0.000112196
-8.80489e-05
-4.11021e-05
3.61847e-05
0.000144964
0.000286099
0.000460053
0.000666436
0.000903643
0.00116843
0.00145551
0.00175776
0.00206427
0.00236159
0.00263382
0.00286337
0.00303281
0.00313931
0.00313493
-0.000195095
-0.000221479
-0.000199253
-0.000154845
-7.97595e-05
2.76187e-05
0.000168839
0.000345202
0.00055726
0.000804415
0.00108441
0.0013927
0.00172227
0.0020623
0.00239815
0.00271136
0.00298032
0.00318213
0.00331121
0.00330928
-0.000341572
-0.00037197
-0.000352252
-0.000311143
-0.000238997
-0.00013362
7.40266e-06
0.000186444
0.000405303
0.000664757
0.000963988
0.00129999
0.00166536
0.00205075
0.0024399
0.00281119
0.00313756
0.00338784
0.00355146
0.00355464
-0.000530449
-0.000565845
-0.000549446
-0.000512855
-0.000445054
-0.00034318
-0.00020377
-2.31194e-05
0.000202156
0.000474649
0.000795487
0.00116334
0.00157348
0.00201663
0.00247589
0.00292633
0.00333395
0.0036556
0.00387162
0.00388586
-0.000764265
-0.000805826
-0.000793814
-0.000763468
-0.000702188
-0.000606382
-0.000471389
-0.000291922
-6.26491e-05
0.000221353
0.000563894
0.00096653
0.00142772
0.00194046
0.00248832
0.00304357
0.00356417
0.00399071
0.00428653
0.00432413
-0.00104614
-0.00109519
-0.00108883
-0.00106695
-0.00101516
-0.000929172
-0.000803005
-0.000629611
-0.000401391
-0.000110544
0.000250326
0.00068713
0.00120215
0.00179348
0.00244845
0.00313864
0.00381386
0.00439488
0.0048137
0.00490161
-0.00138002
-0.00143795
-0.00143853
-0.00142768
-0.00138909
-0.00131783
-0.00120662
-0.00104657
-0.00082764
-0.000538819
-0.000168407
0.000295151
0.000861853
0.00153388
0.00231097
0.00316831
0.00405062
0.00485829
0.00547022
0.00566845
-0.0017712
-0.00183926
-0.00184772
-0.00185045
-0.00182917
-0.00177855
-0.00169006
-0.00155304
-0.00135514
-0.00108216
-0.000717945
-0.000244421
0.000357117
0.00110343
0.00200638
0.00305834
0.00420788
0.00534368
0.00626297
0.0067012
-0.00222739
-0.00230621
-0.00232234
-0.00234049
-0.0023405
-0.00231687
-0.00226002
-0.00215778
-0.00199594
-0.00175776
-0.0014232
-0.000967802
-0.000361921
0.000429635
0.00143502
0.00268709
0.00415608
0.00575206
0.00715702
0.00811741
-0.00276094
-0.00284901
-0.00287009
-0.00290355
-0.00292763
-0.00293696
-0.00292095
-0.0028663
-0.0027578
-0.00257768
-0.0023043
-0.00190967
-0.00135638
-0.000594544
0.000434592
0.00184998
0.0036454
0.00584774
0.00798712
0.0101098
-0.00339539
-0.00348445
-0.00350163
-0.00354617
-0.00359462
-0.00364124
-0.00367399
-0.00367875
-0.00364051
-0.00354274
-0.00336599
-0.00308422
-0.00265807
-0.00202123
-0.00105549
0.000378384
0.00231568
0.00513858
0.00829563
0.0126599
-0.00416342
-0.00424536
-0.00424368
-0.004291
-0.00435529
-0.00443396
-0.00451614
-0.00458719
-0.00463257
-0.00463931
-0.00459584
-0.00448892
-0.00429725
-0.00397628
-0.0034403
-0.00254613
-0.00075333
0.00259802
0.00687781
0.0151702
-0.00521489
-0.00509028
-0.00501117
-0.00501208
-0.00509478
-0.00523133
-0.00539332
-0.00555467
-0.00569824
-0.00581858
-0.00592077
-0.00601583
-0.00612167
-0.0062438
-0.00636209
-0.00628099
-0.00566561
-0.00244454
0.00199617
0.016162
-0.00627685
-0.00645471
-0.00627176
-0.00629998
-0.00633291
-0.00641964
-0.00655352
-0.00671495
-0.00689452
-0.00708924
-0.00731825
-0.00761906
-0.00807108
-0.00877129
-0.00984897
-0.0111385
-0.0131543
-0.0110548
-0.00696937
0.0160389
-0.0100002
-0.00727055
-0.00687942
-0.00649809
-0.00652715
-0.00673622
-0.00704713
-0.00738337
-0.00772197
-0.00805006
-0.00841276
-0.00885596
-0.0095439
-0.0105852
-0.0125057
-0.0145751
-0.0194071
-0.0181043
-0.0141264
0.0214096
-0.00998876
-0.0108821
-0.00975496
-0.00962339
-0.00923483
-0.00906998
-0.00903143
-0.00908586
-0.00921962
-0.00939584
-0.00965521
-0.010063
-0.0107926
-0.0120345
-0.0146192
-0.0176007
-0.0245091
-0.0224958
-0.0145894
0.0484169
-0.0338269
-0.00868044
-0.0075866
-0.00666185
-0.00638476
-0.00667501
-0.00720427
-0.00772455
-0.008257
-0.00870352
-0.00924105
-0.00977546
-0.0106955
-0.0116713
-0.0135037
-0.0139093
-0.0134197
0.00309844
0.0402664
0.145714
1.88367e-06
-2.40077e-05
1.47196e-06
5.33807e-05
0.000137363
0.000253275
0.000400701
0.000578871
0.000785926
0.00101899
0.00127343
0.00154303
0.00181961
0.00209308
0.0023516
0.00258224
0.00277153
0.00290676
0.00298682
0.00297196
2.59151e-05
-6.8031e-07
2.54932e-05
7.52933e-05
0.000155728
0.00026712
0.000409387
0.000582006
0.000783506
0.00101121
0.00126092
0.00152644
0.0018002
0.00207203
0.00233007
0.00256122
0.00275168
0.00288858
0.00297192
0.00295545
-5.93363e-06
-3.6593e-05
-1.15649e-05
3.64256e-05
0.000115103
0.000224963
0.000366255
0.000538861
0.000741755
0.000972684
0.00122782
0.00150176
0.00178639
0.00207146
0.0023445
0.00259129
0.00279634
0.00294464
0.00303568
0.0030158
-7.06452e-05
-0.000104796
-8.12398e-05
-3.54642e-05
4.11381e-05
0.000149399
0.00029009
0.00046372
0.000669958
0.000907261
0.00117245
0.0014604
0.00176374
0.00207172
0.00237076
0.00264472
0.00287538
0.00304413
0.00314915
0.00312781
-0.000174444
-0.000212627
-0.000190959
-0.000147764
-7.33899e-05
3.34415e-05
0.000174195
0.000350221
0.00056214
0.000809427
0.00108989
0.00139912
0.00173014
0.00207205
0.0024101
0.00272556
0.00299606
0.00319722
0.0033246
0.00330305
-0.000318478
-0.000361651
-0.000342425
-0.000302535
-0.000231082
-0.000126225
1.43717e-05
0.000193143
0.000411963
0.000671687
0.000971543
0.00130837
0.00167615
0.00206414
0.00245633
0.00283081
0.00315953
0.00340944
0.00357116
0.00355173
-0.000504377
-0.000553734
-0.000537726
-0.000502351
-0.000435214
-0.000333818
-0.000194769
-1.42868e-05
0.000211106
0.00048411
0.000805932
0.00117527
0.00158847
0.00203525
0.00249895
0.00295424
0.00336582
0.00368789
0.0039018
0.0038891
-0.000734466
-0.000791431
-0.000779673
-0.000750547
-0.000689913
-0.000594557
-0.00045986
-0.000280443
-5.08532e-05
0.000233999
0.000578076
0.000982739
0.00144837
0.00196634
0.00252092
0.00308397
0.00361163
0.0040406
0.00433444
0.00433986
-0.00101163
-0.00107783
-0.00107156
-0.00105093
-0.000999816
-0.000914292
-0.000788399
-0.000614957
-0.000386203
-9.40909e-05
0.000269167
0.00071052
0.00122985
0.00182898
0.00249449
0.00319759
0.00388585
0.00447416
0.00489229
0.00494365
-0.00133948
-0.00141669
-0.00141716
-0.00140767
-0.00136987
-0.00129921
-0.00118835
-0.00102823
-0.000808605
-0.000518151
-0.00014477
0.000323485
0.000896429
0.00158161
0.00237546
0.00325442
0.00416097
0.00498746
0.00560269
0.00576832
-0.00172276
-0.00181276
-0.00182091
-0.00182525
-0.00180509
-0.0017554
-0.00166754
-0.00153062
-0.001332
-0.00105709
-0.000689183
-0.00020954
0.00040165
0.00116602
0.00209536
0.00318271
0.00437683
0.00555629
0.0064926
0.00693896
-0.00216819
-0.00227247
-0.0022881
-0.00230842
-0.00231023
-0.00228827
-0.00223271
-0.00213108
-0.00196876
-0.00172848
-0.00138937
-0.000925506
-0.000304793
0.000506698
0.00155209
0.00285858
0.00440776
0.00609697
0.00756177
0.00867946
-0.00268614
-0.00280477
-0.00282537
-0.00286223
-0.00288947
-0.00290188
-0.00288848
-0.00283554
-0.00272733
-0.00254546
-0.00226722
-0.00186283
-0.00129238
-0.000505153
0.00058927
0.00206926
0.00399647
0.00636814
0.00867639
0.0114117
-0.00329589
-0.00342284
-0.00343906
-0.0034896
-0.00354476
-0.00359804
-0.00363639
-0.0036452
-0.00360899
-0.00351058
-0.00332942
-0.00303709
-0.00259015
-0.00191535
-0.000916814
0.000536673
0.00267672
0.00576728
0.00917893
0.0149983
-0.00402194
-0.00416492
-0.00416477
-0.00422554
-0.00429995
-0.00438789
-0.0044781
-0.00455578
-0.00460587
-0.00461411
-0.00456843
-0.00445381
-0.00424742
-0.00390499
-0.00335121
-0.00241711
-0.000741183
0.00269976
0.00653733
0.017166
-0.00498607
-0.00491882
-0.00485543
-0.00487997
-0.00499287
-0.00515751
-0.00534356
-0.00552385
-0.00568299
-0.00581219
-0.00591595
-0.00600553
-0.00610305
-0.0062301
-0.00641805
-0.00660314
-0.00667495
-0.0044563
-0.00261281
0.0145041
-0.00583413
-0.00624702
-0.0060799
-0.0061903
-0.00627141
-0.00640194
-0.00656628
-0.00675057
-0.00694687
-0.00715037
-0.00737914
-0.00767282
-0.00812313
-0.00886883
-0.0101872
-0.0121839
-0.0162657
-0.0165677
-0.0168428
0.00915971
-0.00932209
-0.00676062
-0.00643788
-0.00616539
-0.00633564
-0.00665566
-0.0070528
-0.00745026
-0.00783196
-0.00817889
-0.00854199
-0.0089613
-0.00963398
-0.0106992
-0.0129544
-0.0158463
-0.0232159
-0.0254662
-0.026792
0.0166503
-0.00709565
-0.00969339
-0.00903771
-0.00938178
-0.00931989
-0.00931808
-0.00939288
-0.00951031
-0.00967235
-0.00984576
-0.010049
-0.0103778
-0.0110169
-0.0121266
-0.0151111
-0.0185737
-0.0275705
-0.0284652
-0.0181126
0.0534523
-0.0312531
-0.00663657
-0.00595947
-0.00565809
-0.00581182
-0.00634188
-0.00706154
-0.00769756
-0.00833816
-0.00880927
-0.0093885
-0.00984707
-0.01081
-0.0117509
-0.0137673
-0.014517
-0.0133699
0.00421785
0.0531324
0.175046
6.65292e-06
-2.23326e-05
2.52781e-06
5.39734e-05
0.000137862
0.000253988
0.000401889
0.000580653
0.000788602
0.00102275
0.00127862
0.00154994
0.00182849
0.00210402
0.00236454
0.00259691
0.00278732
0.00292261
0.00300196
0.0029824
3.4942e-05
4.72698e-06
3.03917e-05
7.94753e-05
0.000159499
0.000270664
0.000412867
0.000585591
0.000787405
0.00101566
0.00126617
0.00153277
0.00180781
0.00208108
0.00234059
0.00257305
0.00276434
0.00290115
0.00298394
0.00296312
5.08962e-06
-2.96792e-05
-5.19989e-06
4.19468e-05
0.0001201
0.000229616
0.000370721
0.000543318
0.000746421
0.000977819
0.00123372
0.00150873
0.00179471
0.00208135
0.00235605
0.00260437
0.00281045
0.00295876
0.00304927
0.00302441
-5.73985e-05
-9.60361e-05
-7.30673e-05
-2.82377e-05
4.77381e-05
0.000155541
0.000295928
0.000469444
0.000675806
0.000913525
0.00117947
0.00146859
0.00177344
0.00208325
0.00238429
0.00266015
0.0028922
0.00306117
0.00316574
0.00313883
-0.000158983
-0.000202044
-0.000180983
-0.00013881
-6.51299e-05
4.11792e-05
0.000181575
0.000357458
0.000569509
0.000817271
0.00109862
0.00140923
0.00174216
0.00208644
0.00242713
0.00274524
0.0030178
0.00321962
0.00334674
0.00331885
-0.000300487
-0.000348986
-0.000330373
-0.000291579
-0.000220877
-0.000116594
2.36147e-05
0.000202247
0.000421258
0.000681593
0.000982566
0.00132113
0.00169149
0.00208269
0.0024786
0.00285695
0.00318896
0.00344038
0.00360223
0.00357522
-0.000483273
-0.000538491
-0.000523098
-0.000488912
-0.000422609
-0.000321861
-0.000183248
-2.90185e-06
0.000222761
0.000496572
0.0008199
0.00119168
0.00160821
0.00205942
0.0025285
0.00298969
0.00340666
0.0037319
0.00394688
0.00392534
-0.000709421
-0.000772886
-0.000761759
-0.000733965
-0.000674309
-0.00057974
-0.000445585
-0.000266345
-3.64251e-05
0.000249448
0.000595509
0.00100378
0.00147349
0.00199766
0.00256016
0.00313236
0.00366906
0.00410437
0.0044013
0.00439712
-0.000981504
-0.00105497
-0.00104937
-0.00103032
-0.000980442
-0.00089597
-0.000770845
-0.000597725
-0.00036866
-7.53767e-05
0.000290092
0.000734583
0.00126076
0.00186886
0.00254608
0.0032634
0.00396686
0.0045676
0.00499287
0.00503639
-0.00130268
-0.00138809
-0.00138936
-0.00138183
-0.00134573
-0.00127661
-0.00116696
-0.0010075
-0.000787728
-0.000495994
-0.000119725
0.000353579
0.000933934
0.00163112
0.00244179
0.0033425
0.00427435
0.00512481
0.00575527
0.00592288
-0.00167702
-0.00177636
-0.00178553
-0.00179253
-0.00177487
-0.00172757
-0.00164174
-0.00150617
-0.00130792
-0.00103203
-0.00066123
-0.000176136
0.000444461
0.00122446
0.00217705
0.00329636
0.00453127
0.0057552
0.00672425
0.00720195
-0.00211011
-0.00222514
-0.00224227
-0.00226642
-0.00227212
-0.00225404
-0.00220192
-0.00210291
-0.00194207
-0.00170166
-0.00136011
-0.000890818
-0.00026282
0.000569859
0.00164496
0.00299475
0.0046064
0.00637359
0.00790672
0.00913823
-0.00261045
-0.00274172
-0.00276471
-0.00280743
-0.0028409
-0.00285968
-0.00285213
-0.00280405
-0.00269935
-0.00251907
-0.00223969
-0.00182997
-0.00124617
-0.000442991
0.000682103
0.00221083
0.00422333
0.00671879
0.00916348
0.0121693
-0.00319354
-0.00333541
-0.00335544
-0.00341531
-0.00348101
-0.00354529
-0.00359387
-0.00361139
-0.00358212
-0.00348843
-0.00330904
-0.0030145
-0.00255995
-0.00187322
-0.000855932
0.000627804
0.00285286
0.00610016
0.0097154
0.0159949
-0.00387956
-0.00404499
-0.00405173
-0.00412871
-0.00421938
-0.00432409
-0.00443042
-0.00452243
-0.0045846
-0.00460254
-0.0045634
-0.00445277
-0.00424892
-0.00390992
-0.00336645
-0.00247839
-0.000853863
0.00262593
0.00649658
0.0176536
-0.00477714
-0.00473296
-0.00468296
-0.0047305
-0.00487153
-0.00506592
-0.0052815
-0.00548889
-0.00567022
-0.00581691
-0.00593359
-0.0060332
-0.00614306
-0.00629615
-0.00655555
-0.0069116
-0.00738134
-0.0055954
-0.00381467
0.0134277
-0.00549174
-0.00596211
-0.0058205
-0.00598547
-0.006115
-0.0062958
-0.00650926
-0.00673778
-0.00696911
-0.00719767
-0.00744357
-0.00775033
-0.00822057
-0.00901948
-0.0105106
-0.0128743
-0.0179491
-0.0194545
-0.0190368
0.00666004
-0.0089042
-0.00637817
-0.00605847
-0.00584123
-0.00608588
-0.00648908
-0.00696723
-0.00743446
-0.00787279
-0.00825881
-0.00864652
-0.00907423
-0.00976349
-0.0108689
-0.0133313
-0.0166522
-0.0248429
-0.0283036
-0.0275959
0.0157942
-0.0060117
-0.00884485
-0.00832938
-0.00882679
-0.0088786
-0.00905472
-0.00929486
-0.00953905
-0.00979682
-0.0100313
-0.0102578
-0.0105836
-0.0112159
-0.0123051
-0.015519
-0.0193233
-0.0284212
-0.0289922
-0.0141336
0.0589995
-0.0304494
-0.00579063
-0.00514692
-0.00499838
-0.00532824
-0.00601471
-0.006876
-0.0076217
-0.00836099
-0.00887847
-0.00949943
-0.00995335
-0.0109355
-0.0119455
-0.0139687
-0.0147784
-0.0125315
0.00708489
0.0618112
0.187228
1.21068e-05
-1.87481e-05
5.57233e-06
5.64728e-05
0.000140187
0.000256386
0.000404577
0.000583909
0.00079265
0.00102784
0.00128497
0.00155778
0.00183798
0.00211526
0.0023775
0.00261135
0.00280276
0.00293826
0.00301729
0.00299536
4.26821e-05
1.0622e-05
3.57838e-05
8.42475e-05
0.000163915
0.000274918
0.000417141
0.000590084
0.000792337
0.00102127
0.00127272
0.00154052
0.00181695
0.00209175
0.0023528
0.00258662
0.00277881
0.00291578
0.00299829
0.0029749
1.43705e-05
-2.24154e-05
1.52032e-06
4.79729e-05
0.000125687
0.000234949
0.000375978
0.000548704
0.000752171
0.000984201
0.00124102
0.00151727
0.00180475
0.00209308
0.00236955
0.00261947
0.00282669
0.0029753
0.0030656
0.00303783
-4.62161e-05
-8.7012e-05
-6.4621e-05
-2.05666e-05
5.48804e-05
0.000162332
0.000302548
0.000476107
0.000682774
0.000921108
0.00118802
0.00147851
0.0017851
0.00209694
0.00240015
0.0026781
0.00291173
0.0030813
0.00318584
0.0031557
-0.000145751
-0.000191125
-0.000170679
-0.000129357
-5.62779e-05
4.96096e-05
0.000189776
0.00036567
0.000578037
0.000826488
0.00110897
0.00142124
0.00175634
0.00210326
0.00244689
0.00276791
0.00304289
0.00324593
0.00337339
0.00334195
-0.000284849
-0.000335844
-0.000317887
-0.000280028
-0.000210005
-0.000106214
3.37153e-05
0.000212348
0.000431724
0.000692886
0.000995254
0.00133591
0.00170913
0.00210391
0.00250395
0.00288661
0.00322245
0.00347624
0.0036392
0.00360834
-0.000464658
-0.000522594
-0.000507912
-0.000474775
-0.000409262
-0.000309111
-0.000170857
9.45859e-06
0.000235535
0.000510337
0.000835382
0.0012098
0.00163018
0.00208636
0.00256138
0.00302908
0.00345227
0.003782
0.0039996
0.00397426
-0.000687018
-0.000753476
-0.000743145
-0.000716576
-0.00065789
-0.000564102
-0.000430465
-0.000251355
-2.10234e-05
0.000265971
0.000614017
0.00102529
0.00150042
0.00203154
0.00260264
0.00318476
0.00373165
0.00417528
0.00447774
0.00447084
-0.000954191
-0.00103099
-0.00102633
-0.00100878
-0.00096018
-0.000876817
-0.000752516
-0.000579765
-0.000350412
-5.59715e-05
0.000311553
0.00075749
0.00129282
0.00191057
0.00260006
0.00333234
0.00405236
0.00466836
0.00510482
0.00514952
-0.00126889
-0.00135806
-0.00136051
-0.00135493
-0.00132063
-0.00125318
-0.00114491
-0.000986309
-0.000766582
-0.000473674
-9.42847e-05
0.000386536
0.000971991
0.00168079
0.00250826
0.00343099
0.00438923
0.00526715
0.00591978
0.00610001
-0.00163451
-0.00173817
-0.00174892
-0.00175859
-0.00174358
-0.00169891
-0.00161542
-0.00148162
-0.0012842
-0.00100773
-0.000634326
-0.000143786
0.000485185
0.0012799
0.00225461
0.00340492
0.00468048
0.00595214
0.0069653
0.0074845
-0.00205561
-0.00217572
-0.00219507
-0.00222308
-0.00223281
-0.00221891
-0.00217074
-0.00207505
-0.00191644
-0.00167668
-0.00133358
-0.000859797
-0.000223028
0.000625956
0.00172734
0.00311705
0.00478761
0.00663381
0.00825245
0.0095971
-0.00253904
-0.00267648
-0.00270278
-0.00275124
-0.00279099
-0.00281643
-0.0028154
-0.00277314
-0.002673
-0.00249551
-0.00221648
-0.00180376
-0.0012126
-0.000396337
0.000753397
0.00232477
0.00441209
0.00702736
0.00963503
0.0128968
-0.00309747
-0.00324705
-0.00327205
-0.00334071
-0.00341641
-0.00349146
-0.0035507
-0.00357799
-0.00355697
-0.00346957
-0.00329414
-0.00300095
-0.00254455
-0.00185209
-0.000822
0.000688817
0.00297551
0.00636002
0.0102442
0.0170008
-0.00374852
-0.00392562
-0.00394052
-0.00403203
-0.00413785
-0.00425853
-0.00438081
-0.004488
-0.00456371
-0.00459316
-0.00456389
-0.00446238
-0.00426906
-0.00394559
-0.00342716
-0.0025669
-0.00101947
0.00247296
0.00661534
0.0184149
-0.0045911
-0.00455852
-0.00452098
-0.0045885
-0.00475387
-0.00497496
-0.00521765
-0.00545065
-0.00565471
-0.00582112
-0.00595517
-0.00607262
-0.00620755
-0.00640661
-0.00676371
-0.0073253
-0.00813351
-0.00674302
-0.00479533
0.0131172
-0.00521572
-0.00572372
-0.00559934
-0.00580588
-0.00597431
-0.00619539
-0.00644849
-0.00671172
-0.00697428
-0.00722975
-0.00749907
-0.00783051
-0.0083392
-0.00921556
-0.0108952
-0.0136188
-0.0195674
-0.0220691
-0.0213427
0.00531128
-0.00853445
-0.00603809
-0.00573559
-0.00556093
-0.00586079
-0.00632584
-0.00686977
-0.00739103
-0.00787874
-0.00830424
-0.00872353
-0.00917786
-0.00990939
-0.0110918
-0.0137855
-0.0175057
-0.0266403
-0.0309936
-0.0301773
0.0157988
-0.00537336
-0.00835757
-0.0078624
-0.00845935
-0.00861248
-0.00887003
-0.00919573
-0.00951606
-0.00984147
-0.0101274
-0.0103841
-0.010729
-0.0113829
-0.0125116
-0.0159248
-0.0200221
-0.0295917
-0.0304187
-0.0139588
0.0629991
-0.0297508
-0.00509011
-0.00448893
-0.0044384
-0.00489211
-0.00569847
-0.00667417
-0.0075159
-0.00834188
-0.00891814
-0.00958458
-0.0100637
-0.0110772
-0.0121498
-0.0142327
-0.0151428
-0.0127736
0.00768976
0.0646828
0.194896
1.77554e-05
-1.37464e-05
1.02739e-05
6.08186e-05
0.000144346
0.000260524
0.000408866
0.000588541
0.000797826
0.00103377
0.0012919
0.00156591
0.00184748
0.00212622
0.00238992
0.00262506
0.00281741
0.00295334
0.00303243
0.00300966
4.9326e-05
1.65422e-05
4.13943e-05
8.94666e-05
0.00016889
0.000279793
0.000422072
0.000595253
0.000797942
0.00102753
0.00127988
0.0015488
0.00182654
0.00210278
0.00236528
0.0026004
0.00279358
0.00293103
0.00301369
0.0029895
2.2086e-05
-1.5495e-05
8.09929e-06
5.41134e-05
0.000131534
0.000240642
0.000381678
0.000554597
0.000758478
0.00099117
0.00124893
0.00152638
0.00181531
0.00210528
0.00238345
0.00263496
0.00284343
0.00299273
0.00308332
0.0030547
-3.70115e-05
-7.867e-05
-5.66551e-05
-1.31001e-05
6.19894e-05
0.000169221
0.000309381
0.000483089
0.000690153
0.000929178
0.00119711
0.00148899
0.0017973
0.00211115
0.00241651
0.00269654
0.00293192
0.00310259
0.0032077
0.0031767
-0.000134777
-0.000181091
-0.00016106
-0.000120305
-4.76505e-05
5.79517e-05
0.00019801
0.000374028
0.000586812
0.00083604
0.00111972
0.00143367
0.00177094
0.00212047
0.002467
0.00279097
0.00306857
0.00327343
0.00340197
0.0033697
-0.000271715
-0.00032374
-0.000306248
-0.000269039
-0.000199525
-9.61e-05
4.3658e-05
0.000222388
0.000442213
0.000704271
0.00100808
0.00135084
0.00172688
0.00212517
0.00252926
0.00291622
0.0032561
0.00351295
0.00367792
0.00364641
-0.000448821
-0.000507893
-0.000493749
-0.000461381
-0.000396503
-0.000296844
-0.000158867
2.14833e-05
0.00024802
0.000523836
0.000850601
0.00122763
0.0016517
0.00211266
0.00259341
0.00306748
0.00349698
0.00383191
0.00405317
0.00402773
-0.000667739
-0.000735465
-0.000725781
-0.000700161
-0.00064231
-0.000549226
-0.000416062
-0.000237065
-6.33756e-06
0.000281736
0.000631738
0.00104612
0.00152608
0.00206366
0.00264283
0.00323434
0.00379116
0.00424362
0.00455271
0.00454716
-0.000930463
-0.0010087
-0.00100486
-0.000988528
-0.000941092
-0.000858788
-0.00073531
-0.000562977
-0.000333435
-3.79675e-05
0.000331666
0.000781174
0.00132252
0.00194876
0.00264937
0.00339534
0.00413078
0.00476179
0.0052102
0.00525988
-0.00123933
-0.00133014
-0.00133367
-0.00132976
-0.00129713
-0.00123133
-0.00112449
-0.000966864
-0.000747405
-0.000453717
-7.20684e-05
0.000412941
0.00100484
0.00172413
0.0025664
0.00350852
0.00449025
0.00539334
0.00606769
0.00626141
-0.00159718
-0.00170275
-0.001715
-0.00172701
-0.00171449
-0.00167239
-0.00159131
-0.00145946
-0.00126322
-0.000986781
-0.000611816
-0.00011768
0.000517482
0.00132508
0.00231858
0.0034951
0.00480525
0.00611816
0.00717134
0.00772275
-0.00200778
-0.00213017
-0.00215166
-0.00218302
-0.0021965
-0.00218661
-0.00214239
-0.00205023
-0.00189436
-0.00165615
-0.00131299
-0.000837364
-0.000197906
0.000666847
0.00178953
0.00321145
0.00492975
0.00684083
0.00853205
0.00995286
-0.00247688
-0.00261707
-0.00264644
-0.0026998
-0.00274517
-0.00277679
-0.00278205
-0.00274574
-0.00265079
-0.0024773
-0.00220042
-0.00178677
-0.00118872
-0.000368103
0.000797709
0.00240139
0.00454671
0.00725676
0.00999594
0.0134107
-0.00301531
-0.00316836
-0.00319771
-0.0032735
-0.00335765
-0.00344215
-0.0035112
-0.00354804
-0.00353586
-0.00345634
-0.00328734
-0.00299879
-0.0025448
-0.00185325
-0.000817714
0.000711321
0.00304651
0.00653929
0.0106443
0.0176682
-0.00363966
-0.00382192
-0.00384319
-0.00394553
-0.00406342
-0.00419753
-0.00433397
-0.00445546
-0.00454498
-0.00458742
-0.00457063
-0.00448199
-0.00430362
-0.00399976
-0.00350678
-0.00267367
-0.00115882
0.00237393
0.00680698
0.0189663
-0.00444293
-0.00441518
-0.00438616
-0.00446772
-0.00465064
-0.00489201
-0.00515649
-0.0054117
-0.00563728
-0.00582378
-0.00597747
-0.00611652
-0.00628002
-0.0065234
-0.00695755
-0.0076507
-0.00867897
-0.00747841
-0.00515775
0.0131216
-0.00501818
-0.00553935
-0.0054231
-0.00565338
-0.00584641
-0.0060951
-0.00637723
-0.00667132
-0.00696321
-0.00724571
-0.00754105
-0.00790156
-0.00845159
-0.00939815
-0.0112217
-0.0141885
-0.0207021
-0.0237521
-0.0224276
0.00469681
-0.00827371
-0.00578792
-0.00549605
-0.00534395
-0.00567427
-0.00617633
-0.00675578
-0.0073272
-0.00785781
-0.00832067
-0.0087737
-0.00926194
-0.0100413
-0.0113004
-0.0141789
-0.01818
-0.0279529
-0.0330094
-0.0314691
0.0157523
-0.00507007
-0.00807348
-0.00756017
-0.00818718
-0.00837556
-0.00867949
-0.0090591
-0.00944101
-0.00982115
-0.0101537
-0.0104457
-0.0108244
-0.0115163
-0.012705
-0.0162786
-0.0206104
-0.0305674
-0.0316331
-0.0137711
0.0649449
-0.0293798
-0.00469618
-0.00409865
-0.00407656
-0.00458277
-0.00545507
-0.00650252
-0.00741213
-0.00830011
-0.00892677
-0.0096323
-0.0101509
-0.0112029
-0.0123433
-0.0145093
-0.0155287
-0.0131446
0.00774262
0.0663369
0.198288
2.3081e-05
-8.69693e-06
1.51205e-05
6.54386e-05
0.000148837
0.000265003
0.000413473
0.000593437
0.000803187
0.00103979
0.00129876
0.0015738
0.00185654
0.00213655
0.0024015
0.00263779
0.00283104
0.00296753
0.00304688
0.00302385
5.51415e-05
2.20727e-05
4.67208e-05
9.45515e-05
0.000173822
0.00028468
0.000427048
0.000600475
0.000803589
0.0010338
0.00128697
0.00155693
0.00183587
0.00211341
0.00237723
0.00261358
0.00280774
0.00294582
0.00302878
0.00300435
2.87002e-05
-9.18833e-06
1.4184e-05
5.99273e-05
0.000137163
0.000246193
0.000387286
0.00056043
0.000764731
0.000998068
0.00125671
0.0015353
0.00182557
0.00211705
0.00239678
0.00264978
0.0028595
0.00300964
0.00310069
0.00307184
-2.92246e-05
-7.12153e-05
-4.94482e-05
-6.20644e-06
6.86517e-05
0.000175758
0.000315935
0.000489843
0.000697332
0.000937047
0.00120597
0.00149916
0.00180908
0.00212479
0.00243215
0.00271416
0.00295127
0.00312319
0.00322905
0.00319788
-0.000125507
-0.000172181
-0.000152433
-0.000112045
-3.96806e-05
6.57394e-05
0.00020577
0.000381969
0.0005952
0.000845202
0.00113004
0.00144558
0.00178487
0.00213681
0.00248604
0.00281278
0.00309291
0.00329971
0.00342954
0.00339722
-0.000260582
-0.000312998
-0.000295838
-0.000259073
-0.00018993
-8.67673e-05
5.28978e-05
0.000231775
0.000452069
0.000715001
0.00102018
0.00136489
0.00174353
0.00214504
0.00255285
0.00294379
0.00328749
0.00354745
0.00371458
0.00368334
-0.000435336
-0.000494838
-0.000481098
-0.000449284
-0.0003849
-0.000285632
-0.000147862
3.25594e-05
0.000259551
0.000536328
0.000864694
0.00124411
0.00167153
0.00213679
0.0026227
0.00310252
0.00353785
0.0038778
0.00410275
0.00407822
-0.000651251
-0.000719459
-0.000710289
-0.00068539
-0.00062823
-0.000535747
-0.000402993
-0.000224093
6.99612e-06
0.000296051
0.000647843
0.00106505
0.00154924
0.00209249
0.00267875
0.00327856
0.00384424
0.00430487
0.00462026
0.00461697
-0.000910106
-0.000988889
-0.000985731
-0.00097038
-0.000923942
-0.000842583
-0.000719866
-0.000547949
-0.000318292
-2.19595e-05
0.000349529
0.000802107
0.00134862
0.00198212
0.00269227
0.00344998
0.00419877
0.00484303
0.00530225
0.00535708
-0.00121394
-0.00130539
-0.00130985
-0.0013073
-0.00127615
-0.00121184
-0.00110633
-0.000949694
-0.00073062
-0.000436426
-5.30178e-05
0.000435451
0.00103253
0.00176069
0.00261529
0.00357358
0.00457499
0.00549936
0.00619243
0.00639739
-0.00156516
-0.0016715
-0.00168506
-0.001699
-0.00168867
-0.0016489
-0.00157006
-0.00144014
-0.0012452
-0.000969119
-0.000593222
-9.6729e-05
0.000541787
0.00136114
0.00237006
0.00356783
0.00490606
0.00625244
0.00733858
0.00791351
-0.001967
-0.00209031
-0.00211364
-0.00214777
-0.00216448
-0.00215815
-0.00211755
-0.00202877
-0.0018757
-0.00163939
-0.001297
-0.00082219
-0.000196279
0.00069549
0.00183638
0.00328383
0.00503983
0.00700184
0.00875014
0.0102219
-0.00242444
-0.00256578
-0.00259771
-0.00265501
-0.0027051
-0.00274204
-0.0027529
-0.0027221
-0.0026322
-0.0024629
-0.00218882
-0.00177419
-0.00115687
-0.000349438
0.000826671
0.00245495
0.00464553
0.00742839
0.0102672
0.0137802
-0.00294734
-0.00310182
-0.00313465
-0.00321594
-0.00330686
-0.00339918
-0.00347662
-0.00352196
-0.00351801
-0.00344615
-0.00328408
-0.00300107
-0.0025497
-0.00186219
-0.000823615
0.000718319
0.0030935
0.00666997
0.0109402
0.0181361
-0.00355203
-0.00373637
-0.00376235
-0.00387246
-0.0039996
-0.00414442
-0.00429259
-0.00442637
-0.00452822
-0.00458296
-0.00457866
-0.00450325
-0.00433982
-0.00405451
-0.00358341
-0.00276946
-0.0012656
0.00231434
0.0069816
0.0193825
-0.00432755
-0.00430169
-0.00427851
-0.00436967
-0.0045652
-0.00482183
-0.00510345
-0.00537705
-0.00562012
-0.00582467
-0.00599715
-0.00615746
-0.00634815
-0.00662999
-0.00712294
-0.00790348
-0.00906795
-0.00795329
-0.00534597
0.0132326
-0.00487567
-0.00540138
-0.00528923
-0.00553296
-0.00574187
-0.00601016
-0.00631467
-0.00663139
-0.00694636
-0.0072523
-0.00757223
-0.00796124
-0.0085501
-0.00955597
-0.0114862
-0.0146194
-0.0214888
-0.0248438
-0.0231254
0.00438729
-0.0080854
-0.0056038
-0.00532022
-0.00518119
-0.00552963
-0.00605694
-0.0066688
-0.00726849
-0.00783026
-0.00832383
-0.0088077
-0.00932943
-0.0101554
-0.0114828
-0.0145039
-0.0187078
-0.0289076
-0.0344997
-0.0324481
0.0156476
-0.00489382
-0.00789484
-0.00736086
-0.00799791
-0.0082011
-0.00853179
-0.00895023
-0.00936606
-0.00978414
-0.0101533
-0.0104789
-0.0108916
-0.0116263
-0.0128746
-0.0165784
-0.0210853
-0.0313693
-0.0326198
-0.0140488
0.0658257
-0.0291414
-0.00444262
-0.00384151
-0.00382854
-0.00435962
-0.00526925
-0.00636138
-0.00731651
-0.00825007
-0.00891827
-0.00966346
-0.0102165
-0.0113141
-0.0125115
-0.0147719
-0.0158793
-0.0136019
0.00744492
0.0667693
0.199956
2.77566e-05
-4.116e-06
1.9585e-05
6.97723e-05
0.000153094
0.000269264
0.000417844
0.000598044
0.000808176
0.00104532
0.00130499
0.00158088
0.00186461
0.00214568
0.00241171
0.00264899
0.00284306
0.00298012
0.00305979
0.00303674
6.00818e-05
2.69061e-05
5.14331e-05
9.9126e-05
0.000178312
0.000289164
0.000431631
0.000605284
0.000808774
0.00103953
0.00129341
0.00156425
0.00184421
0.00212288
0.00238784
0.00262527
0.00282033
0.00295905
0.00304241
0.00301798
3.42302e-05
-3.77047e-06
1.94677e-05
6.50539e-05
0.000142184
0.000251187
0.000392361
0.000565724
0.000770408
0.00100431
0.00126373
0.00154329
0.00183473
0.00212751
0.0024086
0.00266292
0.00287378
0.00302477
0.00311635
0.00308755
-2.279e-05
-6.49011e-05
-4.32885e-05
-2.34649e-07
7.44837e-05
0.000181529
0.000321761
0.000495876
0.000703761
0.000944097
0.00121389
0.00150822
0.00181954
0.00213686
0.00244596
0.00272971
0.00296838
0.0031415
0.00324817
0.00321713
-0.000117875
-0.00016468
-0.000145116
-0.00010496
-3.27837e-05
7.25282e-05
0.000212577
0.000388967
0.000602616
0.00085331
0.00113916
0.00145608
0.00179712
0.00215114
0.00250269
0.00283183
0.00311422
0.00332283
0.00345391
0.00342189
-0.000251415
-0.000303976
-0.000287044
-0.000250573
-0.00018169
-7.87075e-05
6.09149e-05
0.00023995
0.000460671
0.000724374
0.00103075
0.00137714
0.00175799
0.00216225
0.00257322
0.00296755
0.00331456
0.00357732
0.00374646
0.0037158
-0.000424214
-0.00048388
-0.000470433
-0.000439009
-0.000374995
-0.000276024
-0.000138404
4.2096e-05
0.000269489
0.000547094
0.000876827
0.00125827
0.00168851
0.00215736
0.00264758
0.00313222
0.00357248
0.00391677
0.00414497
0.00412158
-0.000637638
-0.000706036
-0.000697256
-0.000672891
-0.000616274
-0.000524278
-0.000391862
-0.000213044
1.83415e-05
0.000308216
0.000661506
0.00108106
0.00156878
0.00211666
0.00270871
0.0033153
0.00388826
0.00435568
0.00467636
0.00467526
-0.000893298
-0.000972308
-0.000969683
-0.000955082
-0.000909453
-0.000828885
-0.000706821
-0.000535286
-0.000305573
-8.5569e-06
0.000364437
0.000819415
0.00137041
0.00200963
0.0027273
0.00349436
0.00425377
0.00490863
0.00537652
0.00543555
-0.00119301
-0.00128473
-0.00128994
-0.00128846
-0.00125852
-0.00119546
-0.00109112
-0.000935369
-0.000716702
-0.000422156
-3.72422e-05
0.000454541
0.00105622
0.00179051
0.00265429
0.00362502
0.00464163
0.00558239
0.00628984
0.00650289
-0.0015389
-0.00164557
-0.00166017
-0.00167563
-0.0016671
-0.00162928
-0.00155237
-0.00142416
-0.00123046
-0.000954795
-0.000577952
-7.80865e-05
0.000567899
0.00139105
0.00240994
0.00362342
0.00498271
0.00635392
0.0074642
0.00805452
-0.00193379
-0.00205752
-0.0020823
-0.00211858
-0.00213791
-0.00213452
-0.00209697
-0.00201115
-0.00186065
-0.00162616
-0.00128409
-0.000805336
-0.000154171
0.000721673
0.00187098
0.0033366
0.00512016
0.00711867
0.00890685
0.0104091
-0.00238226
-0.0025241
-0.00255801
-0.0026183
-0.0026721
-0.00271334
-0.00272883
-0.00270273
-0.00261738
-0.00245226
-0.00218194
-0.00177259
-0.0011777
-0.000344927
0.000843431
0.00249036
0.00471374
0.00754746
0.0104528
0.0140208
-0.00289363
-0.00304869
-0.00308412
-0.00316947
-0.00326553
-0.00336392
-0.00344806
-0.00350043
-0.00350365
-0.00343885
-0.00328379
-0.00300815
-0.00256524
-0.00187679
-0.00083455
0.000717368
0.00312208
0.00675686
0.0111348
0.018425
-0.00348435
-0.00366951
-0.00369877
-0.00381426
-0.00394812
-0.00410099
-0.00425821
-0.00440165
-0.00451402
-0.00457957
-0.0045866
-0.00452352
-0.00437385
-0.00410279
-0.00364753
-0.00284411
-0.00134045
0.00228138
0.00710745
0.0196479
-0.004241
-0.00421577
-0.00419644
-0.00429398
-0.00449818
-0.00476567
-0.00505965
-0.00534555
-0.0056044
-0.0058243
-0.00601305
-0.00619187
-0.00640529
-0.00671661
-0.00725051
-0.00808495
-0.00932299
-0.00823322
-0.00543224
0.0133304
-0.00477432
-0.00530096
-0.0051908
-0.00544209
-0.00566077
-0.00594193
-0.00626183
-0.00659511
-0.00692837
-0.0072536
-0.00759449
-0.00800802
-0.00862889
-0.00968002
-0.0116837
-0.0149235
-0.0219984
-0.0254951
-0.0235345
0.00420606
-0.00795424
-0.00547348
-0.00519516
-0.00506322
-0.00542232
-0.0059651
-0.00659671
-0.00721771
-0.00780275
-0.00832051
-0.00883013
-0.00938091
-0.0102461
-0.0116276
-0.0147501
-0.0190931
-0.0295693
-0.0354705
-0.0331152
0.0154913
-0.00478648
-0.0077782
-0.00722806
-0.00786685
-0.00807546
-0.00841994
-0.00886063
-0.0093
-0.00974445
-0.0101417
-0.0104955
-0.0109389
-0.0117125
-0.0130127
-0.0168132
-0.0214491
-0.0319669
-0.0333586
-0.0143935
0.0661157
-0.0289943
-0.00428586
-0.0036787
-0.00366572
-0.00420624
-0.00513473
-0.00625344
-0.00723852
-0.00820392
-0.0089032
-0.00968012
-0.0102643
-0.0114031
-0.0126495
-0.0149871
-0.016175
-0.0139965
0.00708413
0.0668259
0.200679
3.15035e-05
-3.9772e-07
2.32374e-05
7.33525e-05
0.000156636
0.000272822
0.000421496
0.000601887
0.00081232
0.00104988
0.00131011
0.00158667
0.00187117
0.00215307
0.00241995
0.00265802
0.00285277
0.00299032
0.00307031
0.00304731
6.39848e-05
3.07708e-05
5.5229e-05
0.000102847
0.000181992
0.000292859
0.000435419
0.000609262
0.000813057
0.00104425
0.00129869
0.00157023
0.00185101
0.00213056
0.00239644
0.00263473
0.00283054
0.00296982
0.00305353
0.00302919
3.85576e-05
5.18014e-07
2.36789e-05
6.91781e-05
0.000146253
0.000255257
0.000396514
0.000570065
0.000775064
0.00100943
0.00126947
0.00154981
0.00184217
0.00213598
0.00241816
0.00267353
0.00288533
0.00303704
0.00312909
0.00310041
-1.7796e-05
-5.99488e-05
-3.84283e-05
4.51714e-06
7.91566e-05
0.00018618
0.000326476
0.000500774
0.000708989
0.000949828
0.00122032
0.00151556
0.00182799
0.00214659
0.00245707
0.0027422
0.00298215
0.00315628
0.00326364
0.0032328
-0.000111975
-0.000158826
-0.000139377
-9.93624e-05
-2.73018e-05
7.79514e-05
0.000218036
0.000394597
0.00060859
0.000859844
0.00114651
0.00146451
0.00180693
0.0021626
0.00251598
0.00284702
0.00313121
0.0033413
0.00347342
0.00344175
-0.000244338
-0.000296952
-0.000280169
-0.000243889
-0.000175179
-7.23134e-05
6.72948e-05
0.00024647
0.000467539
0.000731857
0.00103917
0.00138688
0.00176948
0.00217587
0.0025893
0.00298628
0.0033359
0.00360088
0.00377164
0.00374155
-0.000415634
-0.000475363
-0.000462116
-0.000430957
-0.000367205
-0.000268447
-0.000130932
4.96387e-05
0.00027735
0.000555603
0.000886399
0.00126941
0.00170183
0.00217345
0.00266699
0.00315533
0.00359937
0.00394703
0.00417776
0.00415534
-0.000627144
-0.000695618
-0.000687114
-0.000663127
-0.00060691
-0.000515281
-0.000383126
-0.000204376
2.72327e-05
0.000317729
0.000672155
0.00109348
0.00158391
0.00213531
0.00273173
0.00334342
0.00392185
0.00439439
0.00471906
0.00471966
-0.000880362
-0.000959466
-0.00095723
-0.000943173
-0.000898155
-0.000818195
-0.000696648
-0.000525428
-0.000295699
1.80825e-06
0.000375893
0.000832485
0.00138701
0.00203052
0.00275375
0.00352769
0.0042949
0.00495751
0.00543171
0.00549375
-0.00117695
-0.00126879
-0.00127455
-0.00127385
-0.00124483
-0.00118275
-0.00107932
-0.000924298
-0.000705996
-0.000411234
-2.51948e-05
0.000469197
0.00107394
0.00181273
0.00268312
0.00366278
0.00469027
0.00564261
0.00636014
0.00657853
-0.00151883
-0.00162566
-0.00164103
-0.00165761
-0.00165043
-0.00161412
-0.00153873
-0.0014119
-0.00121923
-0.000943995
-0.000566561
-6.45501e-05
0.000585393
0.00141247
0.00243858
0.00366312
0.0050371
0.00642531
0.00755177
0.00815152
-0.00190861
-0.00203253
-0.00205837
-0.00209623
-0.0021175
-0.00211635
-0.00208118
-0.00199769
-0.00184929
-0.00161636
-0.00127476
-0.000794867
-0.000138352
0.000738403
0.00189464
0.00337292
0.00517526
0.00719804
0.00901193
0.0105316
-0.00235061
-0.00249266
-0.00252799
-0.00259043
-0.00264695
-0.0026914
-0.00271042
-0.00268798
-0.00260625
-0.00244452
-0.00217729
-0.00177099
-0.00117976
-0.000342203
0.000853355
0.0025131
0.00475847
0.00762515
0.0105717
0.0141698
-0.0028539
-0.0030092
-0.00304644
-0.0031346
-0.00323432
-0.00333715
-0.00342628
-0.00348401
-0.00349279
-0.00343365
-0.00328431
-0.00301448
-0.00257697
-0.00188949
-0.00084481
0.000714024
0.00313868
0.00681091
0.0112538
0.0185959
-0.00343517
-0.00362064
-0.00365206
-0.00377111
-0.0039096
-0.00406818
-0.00423205
-0.00438288
-0.00450308
-0.00457702
-0.00459304
-0.00453972
-0.00440058
-0.00414007
-0.0036957
-0.00289756
-0.00139052
0.00226209
0.00718432
0.019807
-0.00417949
-0.00415443
-0.00413755
-0.00423918
-0.00444912
-0.00472401
-0.00502685
-0.00532317
-0.00559212
-0.00582345
-0.00602481
-0.00621799
-0.00644855
-0.00678087
-0.0073416
-0.00820789
-0.00948378
-0.00839628
-0.00548449
0.0133954
-0.00470463
-0.00523111
-0.00512196
-0.0053775
-0.0056021
-0.00589152
-0.00622166
-0.00656676
-0.00691309
-0.00725269
-0.00760968
-0.00804211
-0.00868697
-0.00977005
-0.0118215
-0.015127
-0.0223159
-0.025873
-0.0237931
0.00408118
-0.0078659
-0.00538498
-0.00510989
-0.00498179
-0.00534712
-0.00589918
-0.00654335
-0.00717868
-0.00778004
-0.00831543
-0.00884456
-0.00941777
-0.0103126
-0.0117332
-0.014923
-0.0193563
-0.0300018
-0.0360486
-0.0335459
0.0152762
-0.00471784
-0.00770177
-0.00714113
-0.00777925
-0.00798966
-0.00834153
-0.00879419
-0.00924915
-0.00971167
-0.0101287
-0.010504
-0.0109714
-0.0117758
-0.0131154
-0.0169831
-0.021707
-0.0323801
-0.0338619
-0.0147134
0.0661369
-0.0289015
-0.0041876
-0.00357553
-0.00356054
-0.00410447
-0.00504247
-0.00617654
-0.00718022
-0.0081668
-0.00888798
-0.00968889
-0.0102976
-0.011469
-0.0127526
-0.0151485
-0.016397
-0.0142985
0.00677362
0.0667025
0.200943
3.41152e-05
2.20938e-06
2.58108e-05
7.58901e-05
0.000159157
0.000275363
0.000424107
0.000604633
0.000815274
0.00105313
0.00131373
0.00159076
0.00187578
0.00215827
0.00242573
0.00266436
0.00285959
0.00299751
0.00307773
0.00305479
6.66873e-05
3.3462e-05
5.78846e-05
0.000105466
0.000184595
0.000295481
0.000438112
0.000612092
0.000816102
0.00104759
0.00130243
0.00157446
0.00185579
0.00213596
0.00240247
0.00264137
0.00283771
0.0029774
0.00306138
0.00303712
4.1537e-05
3.48647e-06
2.66065e-05
7.20614e-05
0.000149112
0.000258127
0.00039945
0.000573137
0.000778359
0.00101305
0.00127351
0.0015544
0.0018474
0.00214192
0.00242485
0.00268097
0.00289343
0.00304565
0.00313806
0.00310949
-1.43753e-05
-5.65401e-05
-3.50702e-05
7.81727e-06
8.24164e-05
0.000189436
0.000329787
0.000504219
0.000712668
0.00095386
0.00122484
0.00152071
0.00183391
0.00215339
0.00246483
0.00275093
0.00299176
0.00316661
0.00327446
0.00324379
-0.000107946
-0.000154811
-0.000135428
-9.54929e-05
-2.34977e-05
8.17271e-05
0.000221847
0.000398533
0.000612769
0.000864413
0.00115164
0.0014704
0.00181377
0.00217057
0.00252521
0.00285756
0.00314299
0.00335412
0.00348698
0.00345556
-0.000239514
-0.000292144
-0.00027545
-0.000239283
-0.000170678
-6.78829e-05
7.17238e-05
0.000251
0.000472312
0.000737055
0.00104502
0.00139363
0.00177742
0.00218526
0.00260038
0.00299917
0.00335056
0.00361707
0.00378894
0.00375928
-0.000409791
-0.000469541
-0.000456418
-0.000425424
-0.00036184
-0.000263219
-0.00012577
5.48506e-05
0.00028278
0.000561473
0.000892989
0.00127706
0.00171096
0.00218446
0.00268023
0.00317105
0.00361765
0.00396758
0.00420001
0.00417828
-0.000620005
-0.000688507
-0.00068018
-0.000656435
-0.000600481
-0.000509098
-0.00037712
-0.00019842
3.33344e-05
0.000324242
0.000679414
0.0011019
0.00159416
0.00214793
0.00274727
0.00336234
0.00394439
0.0044203
0.0047476
0.00474933
-0.000871575
-0.000950719
-0.000948736
-0.000935034
-0.000890423
-0.000810877
-0.000689686
-0.00051869
-0.000288968
8.84368e-06
0.000383601
0.000841069
0.00139809
0.00204447
0.00277136
0.00354979
0.00432206
0.00498967
0.00546791
0.00553183
-0.00116607
-0.00125797
-0.00126408
-0.0012639
-0.0012355
-0.00117407
-0.00107128
-0.00091677
-0.000698746
-0.00040388
-1.71242e-05
0.000479084
0.00108553
0.00182728
0.00270199
0.00368739
0.00472179
0.0056814
0.00640518
0.00662672
-0.00150529
-0.00161219
-0.00162806
-0.00164539
-0.00163911
-0.00160382
-0.00152947
-0.0014036
-0.00121169
-0.000936834
-0.000559191
-5.59697e-05
0.000595957
0.00142598
0.00245687
0.00368843
0.00507155
0.00647014
0.0076063
0.00821131
-0.00189172
-0.00201573
-0.00204226
-0.00208114
-0.00210371
-0.00210405
-0.0020705
-0.00198862
-0.00184172
-0.00161002
-0.00126941
-0.000788847
-0.000130792
0.000748188
0.00190917
0.00339536
0.00520917
0.00724637
0.00907512
0.0106039
-0.00232953
-0.00247169
-0.00250793
-0.00257174
-0.00263005
-0.00267662
-0.002698
-0.00267806
-0.00259883
-0.00243951
-0.00217448
-0.00176989
-0.00117968
-0.000340838
0.000858809
0.00252628
0.0047848
0.00767059
0.0106401
0.0142532
-0.00282773
-0.00298313
-0.0030215
-0.00311143
-0.0032135
-0.0033192
-0.00341163
-0.00347296
-0.00348552
-0.00343028
-0.0032849
-0.00301894
-0.00258474
-0.00189845
-0.000852405
0.000710486
0.00314695
0.00684052
0.0113187
0.0186868
-0.00340316
-0.00358874
-0.00362148
-0.0037427
-0.00388408
-0.00404631
-0.00421448
-0.00437018
-0.00449563
-0.00457527
-0.00459744
-0.00455074
-0.00441858
-0.00416502
-0.00372748
-0.00293181
-0.00142169
0.00224965
0.00722436
0.0198914
-0.00414013
-0.00411506
-0.00409962
-0.00420368
-0.00441711
-0.00469658
-0.005005
-0.00530775
-0.00558361
-0.00582259
-0.00603247
-0.00623532
-0.00647719
-0.00682285
-0.0073997
-0.0082837
-0.00957763
-0.00848663
-0.00551779
0.0134318
-0.00466086
-0.00518699
-0.00507834
-0.00533617
-0.00556418
-0.00585848
-0.00619485
-0.00654747
-0.0069022
-0.0072513
-0.0076191
-0.00806421
-0.00872484
-0.0098281
-0.011908
-0.015251
-0.0224988
-0.0260795
-0.0239469
0.00400403
-0.00781148
-0.00533018
-0.00505693
-0.00493079
-0.00529957
-0.00585696
-0.00650843
-0.00715269
-0.00776417
-0.00831101
-0.00885313
-0.00944141
-0.0103558
-0.0118015
-0.0150318
-0.0195191
-0.030258
-0.0363588
-0.0337566
0.0150422
-0.00467607
-0.00765496
-0.00708826
-0.00772541
-0.00793636
-0.00829226
-0.00875086
-0.00921516
-0.00968851
-0.0101184
-0.0105082
-0.0109919
-0.011817
-0.0131828
-0.0170922
-0.0218708
-0.0326366
-0.0341727
-0.0149474
0.0660798
-0.0288467
-0.00412997
-0.00351471
-0.00349783
-0.00404277
-0.00498528
-0.00612749
-0.00714191
-0.00814135
-0.00887647
-0.0096932
-0.0103186
-0.0115119
-0.0128205
-0.0152541
-0.0165433
-0.0144976
0.00655414
0.0665682
0.201038
3.54517e-05
3.54708e-06
2.71348e-05
7.72001e-05
0.000160462
0.000276681
0.000425463
0.000606058
0.000816808
0.00105481
0.00131561
0.00159287
0.00187817
0.00216094
0.0024287
0.00266762
0.0028631
0.00300121
0.00308156
0.00305865
6.80666e-05
3.48392e-05
5.92472e-05
0.000106815
0.000185939
0.000296838
0.000439507
0.000613559
0.000817681
0.00104933
0.00130437
0.00157664
0.00185826
0.00213874
0.00240558
0.00264479
0.00284141
0.00298131
0.00306543
0.00304122
4.3054e-05
5.00166e-06
2.81046e-05
7.35416e-05
0.000150583
0.000259608
0.000400967
0.000574726
0.000780064
0.00101492
0.00127561
0.00155676
0.00185009
0.00214498
0.0024283
0.00268479
0.00289759
0.00305009
0.00314268
0.00311418
-1.26377e-05
-5.48047e-05
-3.33565e-05
9.50633e-06
8.40892e-05
0.00019111
0.000331492
0.000505995
0.000714564
0.000955938
0.00122717
0.00152336
0.00183695
0.00215688
0.00246881
0.0027554
0.00299669
0.00317191
0.00328002
0.00324945
-0.000105903
-0.00015277
-0.000133416
-9.35168e-05
-2.15505e-05
8.36634e-05
0.000223803
0.000400555
0.000614917
0.00086676
0.00115427
0.00147342
0.00181727
0.00217464
0.00252992
0.00286294
0.003149
0.00336067
0.0034939
0.00346263
-0.000237068
-0.000289703
-0.00027305
-0.000236936
-0.00016838
-6.56165e-05
7.39913e-05
0.00025332
0.000474757
0.000739716
0.001048
0.00139708
0.00178147
0.00219005
0.00260602
0.00300572
0.00335801
0.00362529
0.00379773
0.00376829
-0.000406831
-0.000466587
-0.000453524
-0.000422608
-0.000359105
-0.000260551
-0.000123135
5.75108e-05
0.00028555
0.000564466
0.000896343
0.00128094
0.0017156
0.00219004
0.00268693
0.003179
0.00362687
0.00397794
0.00421123
0.00418985
-0.000616392
-0.000684903
-0.000676662
-0.000653034
-0.000597211
-0.000505951
-0.000374063
-0.000195389
3.64358e-05
0.000327546
0.000683083
0.00110612
0.00159933
0.00215428
0.00275507
0.00337182
0.00395567
0.00443326
0.00476184
0.00476413
-0.000867133
-0.000946291
-0.000944432
-0.000930906
-0.000886499
-0.000807161
-0.000686152
-0.000515272
-0.000285559
1.23939e-05
0.000387462
0.000845263
0.0014036
0.00205143
0.00278013
0.00356077
0.00433552
0.00500557
0.00548576
0.00555058
-0.00116058
-0.0012525
-0.00125879
-0.00125887
-0.00123077
-0.00116968
-0.00106721
-0.000912964
-0.000695089
-0.000400182
-1.30707e-05
0.000484091
0.00109125
0.00183445
0.00271128
0.00369949
0.00473723
0.00570032
0.00642707
0.00665005
-0.00149848
-0.00160541
-0.00162153
-0.00163921
-0.0016334
-0.00159861
-0.0015248
-0.00139941
-0.0012079
-0.00093325
-0.000555503
-5.17861e-05
0.000600982
0.0014325
0.00246575
0.0037007
0.00508818
0.00649166
0.00763232
0.00823967
-0.00188324
-0.00200729
-0.00203416
-0.00207354
-0.00209676
-0.00209786
-0.00206512
-0.00198406
-0.00183792
-0.00160683
-0.00126644
-0.000785993
-0.000127416
0.000752746
0.00191607
0.00340604
0.00522522
0.00726909
0.0091046
0.0106373
-0.00231902
-0.00246121
-0.00249789
-0.00256238
-0.00262156
-0.00266919
-0.00269175
-0.00267307
-0.00259512
-0.00243701
-0.00217307
-0.00176935
-0.00117956
-0.000340308
0.000861222
0.00253228
0.00479688
0.00769135
0.0106711
0.0142904
-0.00281475
-0.00297018
-0.0030091
-0.00309988
-0.0032031
-0.00331021
-0.00340427
-0.00346741
-0.00348187
-0.00342861
-0.00328523
-0.0030212
-0.00258862
-0.00190303
-0.0008564
0.000708283
0.00315015
0.00685323
0.0113468
0.0187261
-0.00338741
-0.00357302
-0.00360637
-0.00372862
-0.0038714
-0.00403539
-0.00420567
-0.00436377
-0.00449187
-0.00457438
-0.00459966
-0.00455627
-0.00442759
-0.00417748
-0.00374329
-0.00294873
-0.0014371
0.00224254
0.00724019
0.0199294
-0.00412093
-0.00409584
-0.00408106
-0.00418626
-0.00440134
-0.00468299
-0.00499409
-0.00529996
-0.00557927
-0.00582207
-0.00603623
-0.00624392
-0.00649139
-0.00684353
-0.00742801
-0.00832021
-0.00962239
-0.00853121
-0.00553987
0.0134584
-0.00463973
-0.00516564
-0.00505719
-0.00531603
-0.00554561
-0.00584217
-0.0061815
-0.00653772
-0.0068966
-0.00725041
-0.00762361
-0.00807506
-0.00874347
-0.00985652
-0.0119499
-0.0153109
-0.0225873
-0.02619
-0.0240629
0.00403563
-0.00778552
-0.00530399
-0.00503157
-0.00490627
-0.00527659
-0.0058364
-0.00649122
-0.0071397
-0.00775613
-0.00830856
-0.00885714
-0.00945294
-0.010377
-0.0118349
-0.0150845
-0.0195987
-0.0303884
-0.0365666
-0.0341843
0.0153324
-0.00465613
-0.00763263
-0.0070632
-0.00769977
-0.00791086
-0.00826851
-0.00872967
-0.00919833
-0.00967711
-0.0101131
-0.0105098
-0.0110018
-0.0118373
-0.0132161
-0.0171457
-0.0219513
-0.0327644
-0.0343406
-0.0151155
0.0661026
-0.028821
-0.00410317
-0.00348638
-0.00346848
-0.00401364
-0.00495798
-0.00610371
-0.00712303
-0.00812857
-0.00887041
-0.00969495
-0.0103287
-0.011533
-0.0128541
-0.0153062
-0.0166159
-0.0145976
0.00643716
0.0664809
0.20107
3.54426e-05
3.53853e-06
2.7127e-05
7.7193e-05
0.000160456
0.000276675
0.000425458
0.000606054
0.000816805
0.00105481
0.00131561
0.00159287
0.00187816
0.00216094
0.0024287
0.00266762
0.0028631
0.00300121
0.00308155
0.00305865
6.80584e-05
3.48316e-05
5.92403e-05
0.000106808
0.000185933
0.000296833
0.000439503
0.000613556
0.000817678
0.00104932
0.00130437
0.00157664
0.00185826
0.00213874
0.00240557
0.00264479
0.0028414
0.0029813
0.00306542
0.00304121
4.30472e-05
4.9955e-06
2.80991e-05
7.35367e-05
0.000150579
0.000259604
0.000400964
0.000574723
0.000780062
0.00101492
0.0012756
0.00155676
0.00185009
0.00214498
0.00242829
0.00268479
0.00289759
0.00305009
0.00314267
0.00311417
-1.2643e-05
-5.48093e-05
-3.33604e-05
9.50314e-06
8.40866e-05
0.000191108
0.000331491
0.000505993
0.000714563
0.000955935
0.00122717
0.00152335
0.00183694
0.00215688
0.00246881
0.0027554
0.00299669
0.00317191
0.00328001
0.00324944
-0.000105907
-0.000152773
-0.000133419
-9.35185e-05
-2.15513e-05
8.36629e-05
0.000223803
0.000400554
0.000614915
0.000866758
0.00115427
0.00147341
0.00181727
0.00217464
0.00252992
0.00286293
0.003149
0.00336066
0.0034939
0.00346262
-0.000237072
-0.000289706
-0.000273052
-0.000236936
-0.000168379
-6.56157e-05
7.39917e-05
0.00025332
0.000474756
0.000739715
0.001048
0.00139707
0.00178146
0.00219005
0.00260601
0.00300571
0.003358
0.00362529
0.00379773
0.00376829
-0.000406835
-0.00046659
-0.000453526
-0.000422608
-0.000359104
-0.00026055
-0.000123134
5.75107e-05
0.000285549
0.000564465
0.000896342
0.00128094
0.00171559
0.00219003
0.00268692
0.00317899
0.00362686
0.00397793
0.00421122
0.00418984
-0.000616395
-0.000684906
-0.000676664
-0.000653034
-0.00059721
-0.00050595
-0.000374062
-0.000195389
3.64358e-05
0.000327546
0.000683081
0.00110612
0.00159932
0.00215428
0.00275506
0.00337182
0.00395566
0.00443325
0.00476183
0.00476412
-0.000867137
-0.000946294
-0.000944434
-0.000930906
-0.000886499
-0.000807161
-0.000686152
-0.000515272
-0.00028556
1.23923e-05
0.000387459
0.000845259
0.0014036
0.00205143
0.00278013
0.00356077
0.00433552
0.00500556
0.00548575
0.00555056
-0.00116058
-0.0012525
-0.00125879
-0.00125887
-0.00123077
-0.00116968
-0.00106721
-0.000912965
-0.000695091
-0.000400185
-1.30743e-05
0.000484088
0.00109125
0.00183445
0.00271128
0.00369948
0.00473723
0.00570031
0.00642706
0.00665004
-0.00149848
-0.00160541
-0.00162153
-0.00163922
-0.0016334
-0.00159861
-0.0015248
-0.00139942
-0.0012079
-0.000933254
-0.000555506
-5.17898e-05
0.000600977
0.0014325
0.00246575
0.00370069
0.00508817
0.00649165
0.00763231
0.00823966
-0.00188325
-0.00200729
-0.00203416
-0.00207355
-0.00209676
-0.00209786
-0.00206512
-0.00198407
-0.00183792
-0.00160683
-0.00126644
-0.000785998
-0.000127423
0.00075274
0.00191606
0.00340603
0.00522521
0.00726908
0.00910459
0.0106372
-0.00231902
-0.00246121
-0.00249789
-0.00256238
-0.00262156
-0.00266919
-0.00269175
-0.00267308
-0.00259512
-0.00243702
-0.00217307
-0.00176936
-0.00117956
-0.000340316
0.000861212
0.00253227
0.00479687
0.00769134
0.0106711
0.0142904
-0.00281475
-0.00297018
-0.00300911
-0.00309989
-0.0032031
-0.00331021
-0.00340428
-0.00346741
-0.00348188
-0.00342862
-0.00328524
-0.00302121
-0.00258863
-0.00190304
-0.000856411
0.000708272
0.00315013
0.00685322
0.0113468
0.0187261
-0.00338741
-0.00357302
-0.00360637
-0.00372862
-0.0038714
-0.0040354
-0.00420568
-0.00436378
-0.00449188
-0.00457439
-0.00459966
-0.00455628
-0.0044276
-0.00417749
-0.0037433
-0.00294874
-0.00143712
0.00224253
0.00724017
0.0199294
-0.00412094
-0.00409585
-0.00408106
-0.00418627
-0.00440135
-0.004683
-0.0049941
-0.00529997
-0.00557927
-0.00582208
-0.00603623
-0.00624393
-0.0064914
-0.00684355
-0.00742803
-0.00832022
-0.0096224
-0.00853123
-0.00553989
0.0134584
-0.00463973
-0.00516564
-0.0050572
-0.00531604
-0.00554562
-0.00584218
-0.0061815
-0.00653773
-0.00689661
-0.00725042
-0.00762362
-0.00807507
-0.00874348
-0.00985653
-0.0119499
-0.0153109
-0.0225873
-0.02619
-0.024063
0.0040356
-0.00778553
-0.005304
-0.00503158
-0.00490627
-0.0052766
-0.00583641
-0.00649123
-0.00713971
-0.00775614
-0.00830857
-0.00885715
-0.00945295
-0.010377
-0.0118349
-0.0150845
-0.0195987
-0.0303884
-0.0365666
-0.0341843
0.0153324
-0.00465614
-0.00763264
-0.0070632
-0.00769977
-0.00791087
-0.00826851
-0.00872968
-0.00919834
-0.00967712
-0.0101131
-0.0105099
-0.0110018
-0.0118373
-0.0132161
-0.0171457
-0.0219513
-0.0327644
-0.0343406
-0.0151155
0.0661025
-0.028821
-0.00410318
-0.00348639
-0.00346849
-0.00401365
-0.00495798
-0.00610372
-0.00712304
-0.00812858
-0.00887042
-0.00969496
-0.0103287
-0.011533
-0.0128541
-0.0153062
-0.0166159
-0.0145976
0.00643715
0.0664809
0.20107
3.40878e-05
2.1836e-06
2.57873e-05
7.58688e-05
0.000159138
0.000275346
0.000424093
0.000604621
0.000815265
0.00105312
0.00131372
0.00159075
0.00187577
0.00215825
0.00242571
0.00266435
0.00285957
0.00299749
0.00307771
0.00305477
6.66625e-05
3.3439e-05
5.78636e-05
0.000105447
0.000184578
0.000295466
0.000438099
0.000612082
0.000816094
0.00104758
0.00130243
0.00157445
0.00185578
0.00213595
0.00240246
0.00264136
0.0028377
0.00297738
0.00306136
0.0030371
4.15165e-05
3.46771e-06
2.65897e-05
7.20464e-05
0.000149098
0.000258116
0.00039944
0.000573129
0.000778353
0.00101304
0.00127351
0.00155439
0.00184739
0.00214191
0.00242484
0.00268096
0.00289341
0.00304564
0.00313804
0.00310947
-1.43913e-05
-5.65544e-05
-3.50824e-05
7.80708e-06
8.2408e-05
0.000189429
0.000329782
0.000504214
0.000712662
0.000953853
0.00122483
0.0015207
0.00183389
0.00215338
0.00246482
0.00275091
0.00299174
0.00316659
0.00327444
0.00324377
-0.000107959
-0.000154821
-0.000135436
-9.54986e-05
-2.35011e-05
8.17251e-05
0.000221845
0.00039853
0.000612765
0.000864408
0.00115163
0.00147039
0.00181376
0.00217055
0.00252519
0.00285754
0.00314297
0.0033541
0.00348696
0.00345554
-0.000239524
-0.000292153
-0.000275456
-0.000239286
-0.000170678
-6.78811e-05
7.1725e-05
0.000251
0.00047231
0.000737051
0.00104501
0.00139362
0.0017774
0.00218525
0.00260036
0.00299915
0.00335054
0.00361705
0.00378892
0.00375926
-0.0004098
-0.000469549
-0.000456423
-0.000425424
-0.000361837
-0.000263216
-0.000125768
5.48503e-05
0.000282778
0.000561472
0.000892986
0.00127705
0.00171095
0.00218444
0.00268021
0.00317103
0.00361762
0.00396756
0.00419999
0.00417826
-0.000620014
-0.000688515
-0.000680185
-0.000656435
-0.000600479
-0.000509096
-0.000377119
-0.00019842
3.33337e-05
0.000324241
0.000679409
0.00110189
0.00159415
0.00214792
0.00274725
0.00336232
0.00394436
0.00442028
0.00474757
0.0047493
-0.000871584
-0.000950727
-0.000948741
-0.000935036
-0.000890423
-0.000810877
-0.000689687
-0.000518691
-0.00028897
8.83893e-06
0.000383593
0.000841059
0.00139808
0.00204446
0.00277134
0.00354977
0.00432204
0.00498965
0.00546788
0.0055318
-0.00116607
-0.00125797
-0.00126409
-0.00126391
-0.0012355
-0.00117408
-0.00107128
-0.000916774
-0.000698752
-0.000403889
-1.71344e-05
0.000479074
0.00108552
0.00182726
0.00270197
0.00368737
0.00472177
0.00568137
0.00640515
0.00662669
-0.0015053
-0.0016122
-0.00162807
-0.00164539
-0.00163912
-0.00160382
-0.00152948
-0.0014036
-0.0012117
-0.000936846
-0.000559203
-5.59819e-05
0.000595942
0.00142596
0.00245686
0.00368841
0.00507152
0.00647011
0.00760627
0.00821128
-0.00189172
-0.00201573
-0.00204227
-0.00208115
-0.00210372
-0.00210406
-0.00207051
-0.00198863
-0.00184173
-0.00161003
-0.00126942
-0.000788864
-0.000130811
0.000748169
0.00190915
0.00339534
0.00520914
0.00724634
0.00907509
0.0106039
-0.00232954
-0.0024717
-0.00250794
-0.00257175
-0.00263006
-0.00267663
-0.00269801
-0.00267807
-0.00259884
-0.00243952
-0.00217449
-0.00176991
-0.0011797
-0.00034086
0.000858782
0.00252625
0.00478477
0.00767056
0.0106401
0.0142532
-0.00282774
-0.00298314
-0.00302152
-0.00311145
-0.00321351
-0.00331921
-0.00341164
-0.00347298
-0.00348553
-0.0034303
-0.00328492
-0.00301896
-0.00258476
-0.00189847
-0.000852435
0.000710455
0.00314691
0.00684049
0.0113187
0.0186867
-0.00340318
-0.00358876
-0.00362149
-0.00374271
-0.0038841
-0.00404633
-0.0042145
-0.00437019
-0.00449565
-0.00457529
-0.00459747
-0.00455076
-0.00441861
-0.00416505
-0.00372751
-0.00293184
-0.00142173
0.00224961
0.00722431
0.0198914
-0.00414014
-0.00411508
-0.00409963
-0.0042037
-0.00441714
-0.0046966
-0.00500502
-0.00530777
-0.00558363
-0.00582261
-0.00603249
-0.00623535
-0.00647722
-0.00682289
-0.00739974
-0.00828374
-0.00957767
-0.00848668
-0.00551783
0.0134318
-0.00466088
-0.00518701
-0.00507835
-0.00533619
-0.0055642
-0.0058585
-0.00619487
-0.0065475
-0.00690223
-0.00725133
-0.00761913
-0.00806424
-0.00872487
-0.00982813
-0.011908
-0.0152511
-0.0224988
-0.0260796
-0.023947
0.004004
-0.0078115
-0.0053302
-0.00505695
-0.00493082
-0.00529959
-0.00585698
-0.00650845
-0.00715272
-0.00776419
-0.00831103
-0.00885316
-0.00944144
-0.0103559
-0.0118015
-0.0150318
-0.0195191
-0.030258
-0.0363589
-0.0337566
0.0150422
-0.0046761
-0.00765499
-0.00708828
-0.00772543
-0.00793638
-0.00829228
-0.00875089
-0.00921518
-0.00968854
-0.0101185
-0.0105082
-0.0109919
-0.0118171
-0.0131828
-0.0170922
-0.0218709
-0.0326367
-0.0341728
-0.0149475
0.0660797
-0.0288467
-0.00413
-0.00351474
-0.00349785
-0.00404279
-0.0049853
-0.00612751
-0.00714193
-0.00814137
-0.0088765
-0.00969322
-0.0103186
-0.0115119
-0.0128205
-0.0152541
-0.0165433
-0.0144976
0.0065541
0.0665682
0.201038
3.14569e-05
-4.4173e-07
2.31972e-05
7.33163e-05
0.000156603
0.000272795
0.000421474
0.00060187
0.000812305
0.00104987
0.00131009
0.00158665
0.00187115
0.00215306
0.00241993
0.002658
0.00285275
0.0029903
0.00307028
0.00304728
6.39425e-05
3.07312e-05
5.51928e-05
0.000102815
0.000181963
0.000292834
0.000435399
0.000609246
0.000813044
0.00104423
0.00129868
0.00157022
0.00185099
0.00213054
0.00239642
0.00263471
0.00283051
0.00296979
0.0030535
0.00302915
3.85224e-05
4.85461e-07
2.36495e-05
6.91519e-05
0.00014623
0.000255238
0.000396499
0.000570052
0.000775053
0.00100942
0.00126945
0.00154979
0.00184215
0.00213596
0.00241813
0.00267351
0.0028853
0.00303701
0.00312906
0.00310038
-1.78233e-05
-5.99737e-05
-3.84501e-05
4.49866e-06
7.91413e-05
0.000186167
0.000326467
0.000500766
0.000708981
0.000949818
0.00122031
0.00151554
0.00182797
0.00214657
0.00245705
0.00274218
0.00298212
0.00315625
0.0032636
0.00323276
-0.000111996
-0.000158845
-0.000139392
-9.93738e-05
-2.73096e-05
7.79466e-05
0.000218033
0.000394594
0.000608585
0.000859835
0.0011465
0.0014645
0.00180691
0.00216257
0.00251595
0.00284699
0.00313117
0.00334127
0.00347339
0.00344171
-0.000244355
-0.000296966
-0.000280179
-0.000243895
-0.00017518
-7.23124e-05
6.72961e-05
0.000246469
0.000467534
0.000731849
0.00103916
0.00138686
0.00176946
0.00217584
0.00258927
0.00298625
0.00333587
0.00360084
0.0037716
0.00374151
-0.000415649
-0.000475375
-0.000462124
-0.00043096
-0.000367204
-0.000268444
-0.000130929
4.96382e-05
0.000277347
0.000555598
0.000886391
0.0012694
0.00170181
0.00217343
0.00266696
0.00315529
0.00359933
0.00394699
0.00417772
0.0041553
-0.000627158
-0.00069563
-0.000687122
-0.000663129
-0.000606908
-0.000515279
-0.000383125
-0.000204378
2.72301e-05
0.000317725
0.000672146
0.00109347
0.00158389
0.00213529
0.0027317
0.00334338
0.00392181
0.00439435
0.00471901
0.00471961
-0.000880375
-0.000959478
-0.000957238
-0.000943177
-0.000898156
-0.000818197
-0.000696651
-0.000525431
-0.000295704
1.80079e-06
0.000375881
0.00083247
0.00138699
0.0020305
0.00275372
0.00352765
0.00429486
0.00495747
0.00543167
0.00549371
-0.00117696
-0.00126881
-0.00127456
-0.00127386
-0.00124484
-0.00118275
-0.00107933
-0.000924305
-0.000706006
-0.000411247
-2.52099e-05
0.000469181
0.00107392
0.0018127
0.00268309
0.00366275
0.00469023
0.00564257
0.00636009
0.00657848
-0.00151884
-0.00162567
-0.00164104
-0.00165762
-0.00165044
-0.00161413
-0.00153874
-0.00141191
-0.00121925
-0.000944013
-0.00056658
-6.45715e-05
0.000585367
0.00141244
0.00243855
0.00366309
0.00503706
0.00642526
0.00755173
0.00815148
-0.00190862
-0.00203255
-0.00205839
-0.00209624
-0.00211752
-0.00211636
-0.0020812
-0.00199771
-0.00184931
-0.00161638
-0.00127478
-0.000794896
-0.000138384
0.00073837
0.00189461
0.00337288
0.00517522
0.00719799
0.00901188
0.0105316
-0.00235062
-0.00249268
-0.00252801
-0.00259045
-0.00264698
-0.00269142
-0.00271044
-0.00268801
-0.00260627
-0.00244454
-0.00217732
-0.00177102
-0.00117979
-0.00034224
0.000853314
0.00251305
0.00475842
0.0076251
0.0105716
0.0141698
-0.00285391
-0.00300922
-0.00304647
-0.00313463
-0.00323435
-0.00333717
-0.00342631
-0.00348404
-0.00349281
-0.00343368
-0.00328435
-0.00301452
-0.00257701
-0.00188954
-0.000844857
0.000713972
0.00313863
0.00681085
0.0112538
0.0185958
-0.00343519
-0.00362066
-0.00365209
-0.00377114
-0.00390963
-0.00406822
-0.00423208
-0.00438291
-0.00450311
-0.00457705
-0.00459308
-0.00453976
-0.00440062
-0.00414012
-0.00369575
-0.00289761
-0.00139057
0.00226204
0.00718426
0.0198069
-0.00417952
-0.00415446
-0.00413758
-0.00423921
-0.00444915
-0.00472404
-0.00502688
-0.0053232
-0.00559215
-0.00582349
-0.00602485
-0.00621803
-0.00644859
-0.00678092
-0.00734166
-0.00820795
-0.00948384
-0.00839633
-0.00548455
0.0133954
-0.00470466
-0.00523114
-0.00512198
-0.00537753
-0.00560214
-0.00589155
-0.00622169
-0.0065668
-0.00691313
-0.00725273
-0.00760972
-0.00804216
-0.00868702
-0.0097701
-0.0118216
-0.0151271
-0.022316
-0.0258731
-0.0237931
0.00408113
-0.00786594
-0.00538501
-0.00510993
-0.00498183
-0.00534715
-0.00589922
-0.00654339
-0.00717872
-0.00778008
-0.00831546
-0.0088446
-0.00941782
-0.0103127
-0.0117333
-0.0149231
-0.0193564
-0.0300019
-0.0360486
-0.033546
0.0152762
-0.00471788
-0.00770181
-0.00714117
-0.00777929
-0.00798969
-0.00834157
-0.00879423
-0.00924919
-0.0097117
-0.0101287
-0.0105041
-0.0109715
-0.0117759
-0.0131154
-0.0169831
-0.021707
-0.0323802
-0.033862
-0.0147134
0.0661368
-0.0289015
-0.00418764
-0.00357557
-0.00356057
-0.00410451
-0.0050425
-0.00617658
-0.00718026
-0.00816684
-0.00888802
-0.00968893
-0.0102977
-0.0114691
-0.0127526
-0.0151486
-0.0163971
-0.0142986
0.00677356
0.0667025
0.200943
2.76873e-05
-4.18154e-06
1.95255e-05
6.97197e-05
0.000153049
0.000269227
0.000417814
0.000598021
0.000808156
0.0010453
0.00130497
0.00158086
0.00186459
0.00214566
0.00241169
0.00264896
0.00284303
0.00298008
0.00305975
0.00303669
6.00186e-05
2.68466e-05
5.13792e-05
9.90785e-05
0.000178271
0.000289131
0.000431605
0.000605263
0.000808755
0.00103951
0.00129339
0.00156423
0.00184419
0.00212285
0.00238782
0.00262524
0.0028203
0.00295901
0.00304236
0.00301794
3.41776e-05
-3.8195e-06
1.94237e-05
6.50155e-05
0.000142151
0.00025116
0.00039234
0.000565707
0.000770393
0.0010043
0.00126371
0.00154328
0.00183471
0.00212748
0.00240857
0.00266289
0.00287374
0.00302472
0.0031163
0.0030875
-2.28307e-05
-6.49385e-05
-4.33214e-05
-2.62489e-07
7.44609e-05
0.000181511
0.000321747
0.000495865
0.00070375
0.000944084
0.00121388
0.0015082
0.00181951
0.00213683
0.00244593
0.00272967
0.00296834
0.00314146
0.00324812
0.00321708
-0.000117906
-0.000164707
-0.000145139
-0.000104979
-3.27973e-05
7.2519e-05
0.000212571
0.000388962
0.000602608
0.000853297
0.00113915
0.00145605
0.00179709
0.00215111
0.00250266
0.00283179
0.00311417
0.00332279
0.00345386
0.00342184
-0.000251437
-0.000303996
-0.00028706
-0.000250584
-0.000181696
-7.87095e-05
6.09146e-05
0.000239948
0.000460665
0.000724362
0.00103073
0.00137711
0.00175796
0.00216221
0.00257318
0.00296751
0.00331452
0.00357727
0.00374641
0.00371575
-0.000424232
-0.000483897
-0.000470446
-0.000439016
-0.000374997
-0.000276023
-0.000138403
4.20945e-05
0.000269483
0.000547084
0.000876812
0.00125825
0.00168848
0.00215732
0.00264754
0.00313218
0.00357243
0.00391672
0.00414492
0.00412152
-0.000637655
-0.000706051
-0.000697267
-0.000672897
-0.000616275
-0.000524277
-0.000391863
-0.000213048
1.83361e-05
0.000308208
0.000661493
0.00108104
0.00156875
0.00211663
0.00270867
0.00331525
0.0038882
0.00435562
0.0046763
0.0046752
-0.000893315
-0.000972323
-0.000969695
-0.000955089
-0.000909457
-0.000828889
-0.000706827
-0.000535293
-0.000305581
-8.56704e-06
0.000364422
0.000819395
0.00137038
0.00200959
0.00272725
0.00349431
0.00425372
0.00490857
0.00537646
0.0054355
-0.00119303
-0.00128475
-0.00128995
-0.00128847
-0.00125853
-0.00119547
-0.00109113
-0.00093538
-0.000716715
-0.000422172
-3.7262e-05
0.000454517
0.0010562
0.00179048
0.00265425
0.00362497
0.00464158
0.00558233
0.00628978
0.00650283
-0.00153891
-0.00164559
-0.00166019
-0.00167565
-0.00166711
-0.00162929
-0.00155239
-0.00142418
-0.00123048
-0.000954819
-0.000577979
-7.81167e-05
0.000567864
0.00139101
0.00240989
0.00362337
0.00498265
0.00635386
0.00746414
0.00805446
-0.00193381
-0.00205754
-0.00208232
-0.00211861
-0.00213793
-0.00213454
-0.002097
-0.00201117
-0.00186068
-0.00162619
-0.00128412
-0.000805373
-0.000154211
0.00072163
0.00187093
0.00333655
0.0051201
0.00711861
0.00890679
0.010409
-0.00238228
-0.00252412
-0.00255804
-0.00261833
-0.00267213
-0.00271337
-0.00272886
-0.00270276
-0.00261741
-0.0024523
-0.00218198
-0.00177263
-0.00117775
-0.000344979
0.000843375
0.0024903
0.00471368
0.00754738
0.0104527
0.0140207
-0.00289365
-0.00304872
-0.00308416
-0.0031695
-0.00326556
-0.00336396
-0.0034481
-0.00350046
-0.00350368
-0.00343889
-0.00328384
-0.0030082
-0.00256529
-0.00187685
-0.000834613
0.000717299
0.003122
0.00675677
0.0111348
0.0184249
-0.00348438
-0.00366954
-0.0036988
-0.0038143
-0.00394816
-0.00410103
-0.00425825
-0.00440169
-0.00451406
-0.00457961
-0.00458665
-0.00452357
-0.00437391
-0.00410285
-0.0036476
-0.00284419
-0.00134053
0.00228129
0.00710737
0.0196478
-0.00424103
-0.00421581
-0.00419648
-0.00429402
-0.00449822
-0.00476571
-0.00505969
-0.00534559
-0.00560445
-0.00582435
-0.00601311
-0.00619193
-0.00640536
-0.00671668
-0.00725059
-0.00808503
-0.00932307
-0.0082333
-0.00543233
0.0133303
-0.00477436
-0.005301
-0.00519084
-0.00544213
-0.00566081
-0.00594197
-0.00626188
-0.00659516
-0.00692842
-0.00725365
-0.00759455
-0.00800809
-0.00862896
-0.00968009
-0.0116838
-0.0149236
-0.0219985
-0.0254952
-0.0235346
0.00420596
-0.00795429
-0.00547353
-0.0051952
-0.00506327
-0.00542237
-0.00596515
-0.00659677
-0.00721777
-0.0078028
-0.00832056
-0.00883019
-0.00938098
-0.0102462
-0.0116277
-0.0147502
-0.0190932
-0.0295693
-0.0354706
-0.0331153
0.0154912
-0.00478653
-0.00777825
-0.00722811
-0.0078669
-0.00807551
-0.00841999
-0.00886068
-0.00930005
-0.0097445
-0.0101417
-0.0104956
-0.0109389
-0.0117126
-0.0130127
-0.0168133
-0.0214492
-0.031967
-0.0333587
-0.0143936
0.0661156
-0.0289943
-0.00428592
-0.00367875
-0.00366577
-0.00420629
-0.00513478
-0.0062535
-0.00723857
-0.00820397
-0.00890325
-0.00968017
-0.0102643
-0.0114031
-0.0126496
-0.0149872
-0.016175
-0.0139965
0.00708404
0.0668258
0.200679
2.29818e-05
-8.79031e-06
1.50373e-05
6.53676e-05
0.000148779
0.000264957
0.000413437
0.000593408
0.000803161
0.00103976
0.00129873
0.00157377
0.00185652
0.00213652
0.00240148
0.00263776
0.002831
0.00296748
0.00304683
0.00302379
5.50511e-05
2.19879e-05
4.66457e-05
9.44876e-05
0.00017377
0.000284638
0.000427016
0.000600447
0.000803565
0.00103378
0.00128695
0.00155691
0.00183584
0.00211338
0.0023772
0.00261354
0.00280769
0.00294577
0.00302873
0.00300429
2.86255e-05
-9.25778e-06
1.41229e-05
5.98757e-05
0.000137121
0.000246159
0.000387259
0.000560407
0.00076471
0.000998047
0.00125669
0.00153527
0.00182554
0.00211701
0.00239674
0.00264974
0.00285945
0.00300959
0.00310064
0.00307179
-2.92817e-05
-7.12676e-05
-4.94935e-05
-6.24426e-06
6.86209e-05
0.000175733
0.000315915
0.000489826
0.000697316
0.000937029
0.00120595
0.00149913
0.00180905
0.00212475
0.00243211
0.00271411
0.00295122
0.00312313
0.003229
0.00319782
-0.000125549
-0.000172218
-0.000152465
-0.000112071
-3.97006e-05
6.57246e-05
0.000205759
0.000381959
0.000595188
0.000845184
0.00113002
0.00144554
0.00178483
0.00213677
0.002486
0.00281273
0.00309286
0.00329966
0.00342948
0.00339716
-0.000260612
-0.000313024
-0.00029586
-0.00025909
-0.000189942
-8.67739e-05
5.2894e-05
0.00023177
0.000452059
0.000714983
0.00102016
0.00136486
0.00174349
0.002145
0.0025528
0.00294374
0.00328743
0.00354739
0.00371452
0.00368327
-0.000435358
-0.000494858
-0.000481115
-0.000449296
-0.000384907
-0.000285635
-0.000147863
3.25557e-05
0.000259542
0.000536313
0.000864672
0.00124408
0.00167149
0.00213674
0.00262265
0.00310246
0.00353779
0.00387774
0.00410268
0.00407815
-0.000651271
-0.000719477
-0.000710305
-0.000685402
-0.000628237
-0.000535751
-0.000402996
-0.000224098
6.98767e-06
0.000296039
0.000647825
0.00106502
0.00154921
0.00209245
0.0026787
0.0032785
0.00384417
0.0043048
0.00462019
0.0046169
-0.000910125
-0.000988907
-0.000985747
-0.000970393
-0.000923951
-0.000842591
-0.000719874
-0.000547959
-0.000318303
-2.19725e-05
0.00034951
0.000802081
0.00134859
0.00198208
0.00269222
0.00344993
0.0041987
0.00484296
0.00530218
0.00535701
-0.00121396
-0.00130541
-0.00130987
-0.00130732
-0.00127616
-0.00121185
-0.00110635
-0.000949709
-0.000730637
-0.000436445
-5.30414e-05
0.000435422
0.00103249
0.00176065
0.00261524
0.00357352
0.00457492
0.00549929
0.00619235
0.00639731
-0.00156519
-0.00167153
-0.00168508
-0.00169902
-0.00168869
-0.00164892
-0.00157008
-0.00144016
-0.00124523
-0.000969148
-0.000593254
-9.67645e-05
0.000541747
0.00136109
0.00237
0.00356777
0.00490599
0.00625236
0.0073385
0.00791343
-0.00196702
-0.00209034
-0.00211367
-0.0021478
-0.00216451
-0.00215818
-0.00211757
-0.0020288
-0.00187574
-0.00163943
-0.00129704
-0.000822233
-0.000196326
0.000695434
0.00183631
0.00328376
0.00503975
0.00700176
0.00875006
0.0102218
-0.00242447
-0.00256581
-0.00259774
-0.00265504
-0.00270513
-0.00274208
-0.00275294
-0.00272213
-0.00263224
-0.00246295
-0.00218887
-0.00177424
-0.00115693
-0.000349505
0.000826599
0.00245487
0.00464545
0.00742831
0.0102671
0.0137801
-0.00294737
-0.00310185
-0.00313468
-0.00321599
-0.00330691
-0.00339923
-0.00347666
-0.003522
-0.00351805
-0.00344619
-0.00328414
-0.00300112
-0.00254977
-0.00186227
-0.000823692
0.000718234
0.00309341
0.00666988
0.0109401
0.018136
-0.00355206
-0.00373641
-0.00376239
-0.00387251
-0.00399965
-0.00414447
-0.00429264
-0.00442643
-0.00452827
-0.00458301
-0.00457872
-0.00450332
-0.0043399
-0.00405459
-0.0035835
-0.00276955
-0.0012657
0.00231422
0.0069815
0.0193824
-0.0043276
-0.00430173
-0.00427855
-0.00436972
-0.00456525
-0.00482189
-0.00510351
-0.0053771
-0.00562018
-0.00582473
-0.00599722
-0.00615754
-0.00634824
-0.00663008
-0.00712303
-0.00790358
-0.00906806
-0.00795339
-0.00534607
0.0132325
-0.00487572
-0.00540143
-0.00528928
-0.00553301
-0.00574192
-0.00601022
-0.00631473
-0.00663144
-0.00694642
-0.00725237
-0.00757231
-0.00796132
-0.00855018
-0.00955606
-0.0114863
-0.0146195
-0.0214889
-0.024844
-0.0231255
0.00438717
-0.00808546
-0.00560385
-0.00532027
-0.00518124
-0.00552968
-0.006057
-0.00666886
-0.00726855
-0.00783033
-0.0083239
-0.00880777
-0.00932951
-0.0101555
-0.0114829
-0.014504
-0.0187079
-0.0289077
-0.0344998
-0.0324483
0.0156475
-0.00489388
-0.0078949
-0.00736092
-0.00799797
-0.00820115
-0.00853185
-0.00895029
-0.00936613
-0.00978421
-0.0101534
-0.0104789
-0.0108917
-0.0116263
-0.0128747
-0.0165785
-0.0210854
-0.0313694
-0.03262
-0.0140489
0.0658256
-0.0291414
-0.00444269
-0.00384157
-0.0038286
-0.00435968
-0.00526931
-0.00636144
-0.00731658
-0.00825014
-0.00891834
-0.00966352
-0.0102166
-0.0113141
-0.0125116
-0.014772
-0.0158794
-0.013602
0.00744481
0.0667691
0.199956
1.76142e-05
-1.38771e-05
1.0161e-05
6.07261e-05
0.000144272
0.000260466
0.000408821
0.000588505
0.000797795
0.00103374
0.00129187
0.00156588
0.00184745
0.00212619
0.00238988
0.00262502
0.00281736
0.00295329
0.00303237
0.0030096
4.91989e-05
1.6425e-05
4.12936e-05
8.9384e-05
0.000168824
0.00027974
0.000422031
0.000595219
0.000797913
0.00102751
0.00127985
0.00154878
0.00182652
0.00210275
0.00236524
0.00260036
0.00279353
0.00293098
0.00301363
0.00298944
2.19829e-05
-1.55894e-05
8.01849e-06
5.40471e-05
0.000131481
0.000240599
0.000381642
0.000554567
0.000758451
0.000991145
0.0012489
0.00152636
0.00181528
0.00210525
0.0023834
0.00263491
0.00284338
0.00299268
0.00308326
0.00305464
-3.70885e-05
-7.87397e-05
-5.67144e-05
-1.31488e-05
6.19499e-05
0.000169189
0.000309354
0.000483065
0.00069013
0.000929154
0.00119709
0.00148896
0.00179726
0.0021111
0.00241646
0.00269649
0.00293187
0.00310253
0.00320764
0.00317663
-0.000134832
-0.00018114
-0.000161102
-0.000120338
-4.7677e-05
5.7931e-05
0.000197993
0.000374012
0.000586793
0.000836017
0.00111969
0.00143364
0.0017709
0.00212042
0.00246695
0.00279092
0.00306851
0.00327336
0.0034019
0.00336963
-0.000271753
-0.000323774
-0.000306277
-0.000269062
-0.000199542
-9.61112e-05
4.36495e-05
0.000222378
0.000442197
0.000704248
0.00100805
0.0013508
0.00172683
0.00212512
0.0025292
0.00291616
0.00325603
0.00351288
0.00367784
0.00364634
-0.00044885
-0.000507919
-0.000493772
-0.0004614
-0.000396515
-0.000296851
-0.000158872
2.14762e-05
0.000248007
0.000523817
0.000850573
0.00122759
0.00165166
0.0021126
0.00259335
0.00306741
0.00349691
0.00383183
0.00405309
0.00402765
-0.000667763
-0.000735489
-0.000725802
-0.000700179
-0.000642323
-0.000549233
-0.000416067
-0.000237073
-6.34889e-06
0.000281719
0.000631714
0.00104608
0.00152604
0.00206361
0.00264277
0.00323428
0.00379108
0.00424354
0.00455263
0.00454707
-0.000930487
-0.00100872
-0.00100488
-0.000988548
-0.000941108
-0.0008588
-0.000735321
-0.000562989
-0.000333448
-3.79841e-05
0.000331643
0.000781143
0.00132248
0.00194871
0.00264932
0.00339527
0.0041307
0.00476171
0.00521012
0.00525979
-0.00123936
-0.00133017
-0.00133369
-0.00132978
-0.00129715
-0.00123135
-0.00112451
-0.000966884
-0.000747425
-0.000453739
-7.20954e-05
0.000412908
0.0010048
0.00172408
0.00256634
0.00350845
0.00449017
0.00539326
0.0060676
0.00626132
-0.00159721
-0.00170278
-0.00171503
-0.00172703
-0.00171452
-0.00167242
-0.00159134
-0.00145949
-0.00126325
-0.000986812
-0.000611852
-0.00011772
0.000517435
0.00132503
0.00231851
0.00349502
0.00480516
0.00611807
0.00717125
0.00772265
-0.00200782
-0.0021302
-0.00215169
-0.00218305
-0.00219653
-0.00218664
-0.00214242
-0.00205026
-0.0018944
-0.00165619
-0.00131303
-0.000837414
-0.000197961
0.000666783
0.00178945
0.00321137
0.00492966
0.00684073
0.00853195
0.00995275
-0.00247691
-0.00261711
-0.00264648
-0.00269984
-0.00274522
-0.00277684
-0.0027821
-0.00274578
-0.00265084
-0.00247735
-0.00220047
-0.00178683
-0.00118878
-0.00036818
0.000797626
0.0024013
0.00454661
0.00725666
0.00999583
0.0134106
-0.00301534
-0.0031684
-0.00319775
-0.00327354
-0.0033577
-0.00344221
-0.00351125
-0.00354809
-0.00353591
-0.0034564
-0.0032874
-0.00299886
-0.00254488
-0.00185334
-0.000817809
0.000711217
0.00304641
0.00653918
0.0106442
0.0176681
-0.0036397
-0.00382196
-0.00384324
-0.00394558
-0.00406348
-0.00419759
-0.00433403
-0.00445552
-0.00454504
-0.00458748
-0.0045707
-0.00448207
-0.0043037
-0.00399986
-0.00350689
-0.00267378
-0.00115894
0.00237381
0.00680686
0.0189662
-0.00444297
-0.00441523
-0.00438621
-0.00446777
-0.0046507
-0.00489207
-0.00515656
-0.00541177
-0.00563735
-0.00582384
-0.00597755
-0.00611661
-0.00628012
-0.00652351
-0.00695766
-0.00765081
-0.00867909
-0.00747853
-0.00515788
0.0131215
-0.00501824
-0.0055394
-0.00542316
-0.00565344
-0.00584647
-0.00609517
-0.00637729
-0.00667139
-0.00696328
-0.00724578
-0.00754114
-0.00790166
-0.0084517
-0.00939826
-0.0112218
-0.0141886
-0.0207023
-0.0237522
-0.0224278
0.00469668
-0.00827378
-0.00578798
-0.00549611
-0.00534401
-0.00567433
-0.00617639
-0.00675585
-0.00732727
-0.00785788
-0.00832075
-0.00877379
-0.00926203
-0.0100414
-0.0113005
-0.014179
-0.0181802
-0.027953
-0.0330095
-0.0314692
0.0157522
-0.00507014
-0.00807355
-0.00756024
-0.00818724
-0.00837562
-0.00867956
-0.00905918
-0.00944108
-0.00982122
-0.0101537
-0.0104458
-0.0108245
-0.0115164
-0.0127051
-0.0162788
-0.0206105
-0.0305676
-0.0316333
-0.0137712
0.0649448
-0.0293798
-0.00469625
-0.00409872
-0.00407663
-0.00458283
-0.00545514
-0.0065026
-0.00741221
-0.00830019
-0.00892686
-0.00963238
-0.0101509
-0.011203
-0.0123434
-0.0145094
-0.0155289
-0.0131448
0.0077425
0.0663368
0.198288
1.19025e-05
-1.893e-05
5.42093e-06
5.63547e-05
0.000140095
0.000256314
0.000404522
0.000583866
0.000792616
0.00102781
0.00128495
0.00155775
0.00183795
0.00211522
0.00237746
0.00261131
0.00280271
0.0029382
0.00301723
0.00299529
4.25048e-05
1.04633e-05
3.5652e-05
8.41428e-05
0.000163833
0.000274853
0.000417089
0.000590044
0.000792304
0.00102124
0.00127269
0.00154049
0.00181692
0.00209172
0.00235276
0.00258657
0.00277876
0.00291572
0.00299823
0.00297483
1.4232e-05
-2.25398e-05
1.41645e-06
4.78892e-05
0.00012562
0.000234894
0.000375934
0.000548667
0.00075214
0.000984173
0.001241
0.00151724
0.00180471
0.00209305
0.0023695
0.00261942
0.00282663
0.00297524
0.00306553
0.00303776
-4.63166e-05
-8.71022e-05
-6.46966e-05
-2.06276e-05
5.48315e-05
0.000162292
0.000302514
0.000476076
0.000682744
0.000921079
0.00118799
0.00147848
0.00178506
0.0020969
0.0024001
0.00267804
0.00291166
0.00308123
0.00318577
0.00315563
-0.000145821
-0.000191188
-0.000170731
-0.000129398
-5.63102e-05
4.95838e-05
0.000189753
0.000365646
0.000578011
0.000826459
0.00110894
0.0014212
0.0017563
0.00210321
0.00244683
0.00276785
0.00304282
0.00324586
0.00337331
0.00334187
-0.000284898
-0.000335888
-0.000317924
-0.000280057
-0.000210026
-0.000106229
3.37018e-05
0.000212332
0.000431702
0.000692858
0.00099522
0.00133587
0.00170908
0.00210385
0.00250388
0.00288654
0.00322237
0.00347616
0.00363912
0.00360826
-0.000464695
-0.000522628
-0.000507942
-0.000474799
-0.000409278
-0.000309122
-0.000170865
9.44763e-06
0.000235518
0.000510312
0.000835349
0.00120976
0.00163013
0.0020863
0.00256131
0.00302901
0.00345219
0.00378191
0.00399951
0.00397417
-0.000687049
-0.000753507
-0.000743173
-0.0007166
-0.000657907
-0.000564113
-0.000430473
-0.000251365
-2.10374e-05
0.00026595
0.000613986
0.00102525
0.00150037
0.00203148
0.00260257
0.00318468
0.00373156
0.00417519
0.00447765
0.00447074
-0.000954221
-0.00103102
-0.00102636
-0.0010088
-0.000960202
-0.000876834
-0.00075253
-0.000579779
-0.000350428
-5.59926e-05
0.000311524
0.000757452
0.00129278
0.00191052
0.00259999
0.00333226
0.00405228
0.00466827
0.00510473
0.00514943
-0.00126892
-0.0013581
-0.00136054
-0.00135496
-0.00132065
-0.0012532
-0.00114493
-0.000986331
-0.000766605
-0.0004737
-9.43162e-05
0.000386497
0.000971943
0.00168073
0.00250819
0.00343091
0.00438915
0.00526705
0.00591969
0.00609991
-0.00163454
-0.0017382
-0.00174895
-0.00175862
-0.00174361
-0.00169894
-0.00161545
-0.00148165
-0.00128423
-0.00100776
-0.000634366
-0.000143832
0.00048513
0.00127983
0.00225454
0.00340484
0.00468038
0.00595205
0.0069652
0.0074844
-0.00205564
-0.00217575
-0.00219511
-0.00222311
-0.00223285
-0.00221895
-0.00217078
-0.00207509
-0.00191648
-0.00167672
-0.00133363
-0.000859853
-0.000223091
0.000625885
0.00172726
0.00311696
0.00478751
0.00663371
0.00825235
0.009597
-0.00253908
-0.00267651
-0.00270282
-0.00275129
-0.00279103
-0.00281648
-0.00281545
-0.00277319
-0.00267306
-0.00249557
-0.00221654
-0.00180383
-0.00121267
-0.000396419
0.000753304
0.00232466
0.00441198
0.00702725
0.00963492
0.0128967
-0.00309751
-0.00324709
-0.0032721
-0.00334075
-0.00341646
-0.00349151
-0.00355076
-0.00357805
-0.00355703
-0.00346964
-0.00329421
-0.00300103
-0.00254464
-0.00185219
-0.000822107
0.000688703
0.00297539
0.00635991
0.0102441
0.0170007
-0.00374857
-0.00392567
-0.00394058
-0.00403208
-0.00413791
-0.00425859
-0.00438088
-0.00448807
-0.00456378
-0.00459323
-0.00456396
-0.00446247
-0.00426916
-0.0039457
-0.00342727
-0.00256702
-0.00101959
0.00247284
0.00661521
0.0184148
-0.00459116
-0.00455857
-0.00452103
-0.00458856
-0.00475393
-0.00497503
-0.00521772
-0.00545072
-0.00565479
-0.0058212
-0.00595525
-0.00607272
-0.00620765
-0.00640672
-0.00676383
-0.00732543
-0.00813364
-0.00674316
-0.00479548
0.0131171
-0.00521578
-0.00572378
-0.0055994
-0.00580595
-0.00597438
-0.00619547
-0.00644857
-0.0067118
-0.00697436
-0.00722983
-0.00749917
-0.00783061
-0.00833931
-0.00921568
-0.0108954
-0.0136189
-0.0195675
-0.0220693
-0.0213428
0.00531114
-0.00853452
-0.00603816
-0.00573566
-0.005561
-0.00586086
-0.00632592
-0.00686985
-0.00739111
-0.00787882
-0.00830433
-0.00872362
-0.00917796
-0.00990949
-0.0110919
-0.0137856
-0.0175059
-0.0266405
-0.0309937
-0.0301775
0.0157987
-0.00537342
-0.00835765
-0.00786247
-0.00845942
-0.00861255
-0.0088701
-0.00919581
-0.00951614
-0.00984156
-0.0101275
-0.0103842
-0.0107291
-0.011383
-0.0125117
-0.0159249
-0.0200223
-0.0295919
-0.0304188
-0.013959
0.0629989
-0.0297509
-0.00509019
-0.004489
-0.00443848
-0.00489218
-0.00569855
-0.00667425
-0.00751598
-0.00834197
-0.00891823
-0.00958467
-0.0100638
-0.0110773
-0.0121499
-0.0142329
-0.0151429
-0.0127738
0.00768961
0.0646826
0.194896
6.3435e-06
-2.25874e-05
2.32101e-06
5.38259e-05
0.00013775
0.000253901
0.000401823
0.000580605
0.000788567
0.00102272
0.00127859
0.00154991
0.00182846
0.00210398
0.0023645
0.00259686
0.00278727
0.00292255
0.0030019
0.00298234
3.46929e-05
4.51464e-06
3.02223e-05
7.93453e-05
0.000159398
0.000270585
0.000412807
0.000585547
0.000787371
0.00101563
0.00126614
0.00153274
0.00180778
0.00208104
0.00234055
0.002573
0.00276428
0.00290109
0.00298388
0.00296305
4.90672e-06
-2.98393e-05
-5.3302e-06
4.18438e-05
0.000120019
0.000229552
0.00037067
0.000543277
0.000746387
0.000977788
0.00123369
0.0015087
0.00179468
0.00208131
0.002356
0.00260431
0.00281038
0.00295869
0.0030492
0.00302434
-5.75262e-05
-9.61495e-05
-7.31608e-05
-2.83116e-05
4.76804e-05
0.000155495
0.000295889
0.000469408
0.000675771
0.000913492
0.00117944
0.00146855
0.0017734
0.00208321
0.00238423
0.00266009
0.00289213
0.00306109
0.00316566
0.00313875
-0.00015907
-0.000202122
-0.000181047
-0.00013886
-6.51668e-05
4.11494e-05
0.000181547
0.000357427
0.000569477
0.000817237
0.00109858
0.0014092
0.00174212
0.00208638
0.00242707
0.00274516
0.00301772
0.00321954
0.00334665
0.00331876
-0.000300548
-0.000349042
-0.000330419
-0.000291613
-0.000220901
-0.000116612
2.35963e-05
0.000202225
0.000421231
0.000681561
0.000982528
0.00132109
0.00169144
0.00208263
0.00247853
0.00285687
0.00318888
0.00344029
0.00360214
0.00357513
-0.00048332
-0.000538534
-0.000523135
-0.00048894
-0.000422629
-0.000321875
-0.00018326
-2.91658e-06
0.000222741
0.000496544
0.000819862
0.00119163
0.00160815
0.00205936
0.00252843
0.00298961
0.00340657
0.00373181
0.00394679
0.00392524
-0.00070946
-0.000772924
-0.000761793
-0.000733994
-0.000674331
-0.000579755
-0.000445596
-0.000266357
-3.6442e-05
0.000249423
0.000595472
0.00100373
0.00147343
0.00199759
0.00256009
0.00313228
0.00366897
0.00410428
0.0044012
0.00439702
-0.00098154
-0.00105501
-0.00104941
-0.00103035
-0.000980469
-0.000895991
-0.000770862
-0.00059774
-0.000368679
-7.54028e-05
0.000290057
0.000734538
0.00126071
0.0018688
0.00254601
0.00326331
0.00396677
0.00456751
0.00499277
0.00503628
-0.00130272
-0.00138812
-0.00138939
-0.00138187
-0.00134576
-0.00127664
-0.00116699
-0.00100753
-0.000787755
-0.000496024
-0.000119762
0.000353535
0.000933881
0.00163106
0.00244171
0.00334242
0.00427426
0.00512471
0.00575516
0.00592278
-0.00167705
-0.00177639
-0.00178557
-0.00179256
-0.0017749
-0.00172761
-0.00164177
-0.0015062
-0.00130796
-0.00103207
-0.000661273
-0.000176187
0.0004444
0.00122439
0.00217697
0.00329627
0.00453117
0.0057551
0.00672414
0.00720183
-0.00211015
-0.00222518
-0.0022423
-0.00226646
-0.00227216
-0.00225408
-0.00220196
-0.00210295
-0.00194211
-0.00170171
-0.00136016
-0.00089088
-0.000262891
0.00056978
0.00164488
0.00299465
0.0046063
0.00637347
0.00790661
0.00913811
-0.00261049
-0.00274176
-0.00276475
-0.00280747
-0.00284094
-0.00285973
-0.00285219
-0.0028041
-0.0026994
-0.00251913
-0.00223976
-0.00183004
-0.00124625
-0.000443077
0.000682008
0.00221072
0.00422322
0.00671867
0.00916336
0.0121692
-0.00319359
-0.00333546
-0.00335549
-0.00341536
-0.00348107
-0.00354535
-0.00359393
-0.00361145
-0.00358219
-0.0034885
-0.00330912
-0.00301458
-0.00256004
-0.00187332
-0.000856042
0.000627688
0.00285273
0.00610003
0.00971526
0.0159948
-0.00387961
-0.00404505
-0.00405178
-0.00412876
-0.00421945
-0.00432415
-0.00443049
-0.0045225
-0.00458468
-0.00460262
-0.00456349
-0.00445287
-0.00424902
-0.00391003
-0.00336656
-0.00247852
-0.000854
0.00262578
0.00649643
0.0176534
-0.0047772
-0.00473302
-0.00468302
-0.00473057
-0.00487159
-0.00506599
-0.00528157
-0.00548897
-0.00567029
-0.005817
-0.00593368
-0.0060333
-0.00614317
-0.00629627
-0.00655568
-0.00691174
-0.00738149
-0.00559555
-0.00381482
0.0134275
-0.0054918
-0.00596217
-0.00582056
-0.00598554
-0.00611508
-0.00629587
-0.00650934
-0.00673786
-0.0069692
-0.00719776
-0.00744367
-0.00775044
-0.00822069
-0.0090196
-0.0105107
-0.0128744
-0.0179493
-0.0194547
-0.0190369
0.00665988
-0.00890427
-0.00637825
-0.00605854
-0.0058413
-0.00608595
-0.00648916
-0.00696732
-0.00743455
-0.00787288
-0.0082589
-0.00864662
-0.00907434
-0.0097636
-0.010869
-0.0133315
-0.0166524
-0.024843
-0.0283037
-0.0275961
0.015794
-0.00601177
-0.00884492
-0.00832946
-0.00882687
-0.00887868
-0.00905481
-0.00929494
-0.00953914
-0.00979691
-0.0100314
-0.0102579
-0.0105837
-0.011216
-0.0123052
-0.0155192
-0.0193234
-0.0284214
-0.0289923
-0.0141337
0.0589993
-0.0304495
-0.00579072
-0.005147
-0.00499846
-0.00532832
-0.0060148
-0.00687609
-0.00762179
-0.00836108
-0.00887856
-0.00949954
-0.00995346
-0.0109356
-0.0119456
-0.0139689
-0.0147786
-0.0125317
0.00708472
0.061811
0.187227
1.36148e-06
-2.43638e-05
1.23952e-06
5.32072e-05
0.000137232
0.000253176
0.000400629
0.000578821
0.000785892
0.00101897
0.00127341
0.001543
0.00181957
0.00209304
0.00235156
0.00258219
0.00277148
0.00290671
0.00298676
0.00297189
2.5558e-05
-9.5971e-07
2.52881e-05
7.51394e-05
0.000155611
0.000267031
0.000409322
0.00058196
0.000783472
0.00101118
0.00126089
0.0015264
0.00180016
0.00207199
0.00233003
0.00256117
0.00275163
0.00288852
0.00297185
0.00295538
-6.17068e-06
-3.67931e-05
-1.17218e-05
3.6305e-05
0.00011501
0.000224892
0.000366201
0.000538817
0.000741718
0.000972651
0.00122779
0.00150172
0.00178635
0.00207142
0.00234445
0.00259123
0.00279628
0.00294457
0.00303561
0.00301572
-7.08019e-05
-0.000104933
-8.13505e-05
-3.55491e-05
4.10739e-05
0.000149348
0.000290046
0.000463679
0.000669919
0.000907225
0.00117242
0.00146036
0.0017637
0.00207167
0.0023707
0.00264465
0.00287531
0.00304405
0.00314907
0.00312772
-0.000174549
-0.000212721
-0.000191034
-0.000147819
-7.34307e-05
3.34078e-05
0.000174162
0.000350186
0.000562104
0.00080939
0.00108985
0.00139909
0.00173009
0.00207199
0.00241003
0.00272548
0.00299597
0.00319713
0.00332452
0.00330297
-0.000318552
-0.000361717
-0.000342477
-0.000302573
-0.000231109
-0.000126248
1.43485e-05
0.000193116
0.000411932
0.000671652
0.000971502
0.00130832
0.0016761
0.00206407
0.00245625
0.00283073
0.00315945
0.00340935
0.00357107
0.00355165
-0.000504433
-0.000553784
-0.000537767
-0.000502382
-0.000435237
-0.000333837
-0.000194785
-1.4305e-05
0.000211082
0.000484077
0.00080589
0.00117521
0.00158841
0.00203518
0.00249887
0.00295416
0.00336573
0.0036878
0.0039017
0.003889
-0.000734511
-0.000791473
-0.00077971
-0.00075058
-0.000689939
-0.000594576
-0.000459875
-0.000280458
-5.08733e-05
0.00023397
0.000578034
0.000982686
0.00144831
0.00196627
0.00252084
0.00308388
0.00361154
0.0040405
0.00433434
0.00433975
-0.00101167
-0.00107787
-0.00107159
-0.00105096
-0.000999847
-0.000914316
-0.000788418
-0.000614974
-0.000386225
-9.41214e-05
0.000269126
0.000710469
0.0012298
0.00182891
0.00249442
0.0031975
0.00388575
0.00447405
0.00489217
0.00494353
-0.00133952
-0.00141672
-0.0014172
-0.0014077
-0.00136991
-0.00129924
-0.00118838
-0.00102826
-0.000808634
-0.000518186
-0.000144813
0.000323435
0.000896371
0.00158154
0.00237538
0.00325432
0.00416087
0.00498735
0.00560258
0.00576821
-0.00172279
-0.0018128
-0.00182095
-0.00182529
-0.00180512
-0.00175543
-0.00166757
-0.00153066
-0.00133204
-0.00105714
-0.000689231
-0.000209595
0.000401586
0.00116595
0.00209527
0.00318262
0.00437673
0.00555618
0.00649248
0.00693884
-0.00216822
-0.00227251
-0.00228814
-0.00230846
-0.00231027
-0.00228831
-0.00223276
-0.00213113
-0.00196881
-0.00172854
-0.00138942
-0.00092557
-0.000304869
0.00050661
0.00155199
0.00285848
0.00440766
0.00609685
0.00756165
0.00867934
-0.00268618
-0.00280481
-0.00282541
-0.00286227
-0.00288952
-0.00290193
-0.00288853
-0.0028356
-0.00272739
-0.00254552
-0.00226729
-0.00186291
-0.00129247
-0.000505251
0.000589168
0.00206915
0.00399635
0.00636801
0.00867626
0.0114115
-0.00329594
-0.00342289
-0.00343911
-0.00348965
-0.00354481
-0.0035981
-0.00363646
-0.00364526
-0.00360906
-0.00351065
-0.0033295
-0.00303718
-0.00259025
-0.00191545
-0.00091693
0.000536551
0.00267659
0.00576714
0.0091788
0.0149981
-0.004022
-0.00416498
-0.00416482
-0.00422559
-0.00430002
-0.00438796
-0.00447817
-0.00455585
-0.00460594
-0.00461419
-0.00456852
-0.00445391
-0.00424753
-0.0039051
-0.00335134
-0.00241724
-0.000741327
0.00269961
0.00653718
0.0171659
-0.00498613
-0.00491888
-0.00485549
-0.00488003
-0.00499294
-0.00515759
-0.00534364
-0.00552393
-0.00568307
-0.00581227
-0.00591604
-0.00600564
-0.00610317
-0.00623023
-0.00641819
-0.00660329
-0.00667511
-0.00445646
-0.00261296
0.014504
-0.0058342
-0.00624709
-0.00607996
-0.00619037
-0.00627149
-0.00640202
-0.00656637
-0.00675065
-0.00694696
-0.00715046
-0.00737924
-0.00767293
-0.00812325
-0.00886896
-0.0101873
-0.0121841
-0.0162658
-0.0165679
-0.016843
0.00915954
-0.00932217
-0.0067607
-0.00643795
-0.00616547
-0.00633572
-0.00665574
-0.00705288
-0.00745034
-0.00783205
-0.00817899
-0.0085421
-0.00896142
-0.00963411
-0.0106994
-0.0129545
-0.0158464
-0.0232161
-0.0254663
-0.0267922
0.0166502
-0.00709574
-0.00969347
-0.00903779
-0.00938186
-0.00931997
-0.00931816
-0.00939297
-0.0095104
-0.00967246
-0.00984586
-0.0100491
-0.0103779
-0.011017
-0.0121267
-0.0151112
-0.0185739
-0.0275707
-0.0284654
-0.0181128
0.0534521
-0.0312532
-0.00663664
-0.00595954
-0.00565817
-0.00581191
-0.00634196
-0.00706163
-0.00769766
-0.00833826
-0.00880937
-0.00938861
-0.00984719
-0.0108102
-0.011751
-0.0137674
-0.0145171
-0.01337
0.00421768
0.0531322
0.175046
-1.57704e-06
-1.82004e-05
8.46213e-06
6.1022e-05
0.00014468
0.000259771
0.000406057
0.000582718
0.000787985
0.00101876
0.00127076
0.00153774
0.00181139
0.00208182
0.00233735
0.00256528
0.00275271
0.0028879
0.00296937
0.00296645
1.26568e-05
-4.77249e-06
2.20581e-05
7.28445e-05
0.000153736
0.000265368
0.000407769
0.000580387
0.000781719
0.00100905
0.00125812
0.00152266
0.00179539
0.00206594
0.00232256
0.00255237
0.00274206
0.00287957
0.00296409
0.00296063
-2.1909e-05
-4.23141e-05
-1.66326e-05
3.24699e-05
0.000111747
0.000222012
0.00036361
0.000536388
0.000739276
0.000969972
0.00122463
0.00149777
0.00178131
0.00206501
0.00233649
0.00258176
0.00278589
0.00293484
0.00302718
0.00302222
-8.92104e-05
-0.000112351
-8.81714e-05
-4.11939e-05
3.61167e-05
0.00014491
0.000286053
0.000460011
0.000666396
0.000903606
0.0011684
0.00145547
0.00175772
0.00206422
0.00236153
0.00263375
0.00286329
0.00303273
0.00313922
0.00313484
-0.000195212
-0.000221582
-0.000199335
-0.000154905
-7.9804e-05
2.75815e-05
0.000168804
0.000345166
0.000557223
0.000804377
0.00108437
0.00139266
0.00172222
0.00206224
0.00239808
0.00271128
0.00298023
0.00318204
0.00331112
0.00330919
-0.000341653
-0.000372042
-0.000352308
-0.000311185
-0.000239028
-0.000133647
7.37628e-06
0.000186415
0.00040527
0.000664721
0.000963947
0.00129994
0.0016653
0.00205068
0.00243982
0.0028111
0.00313747
0.00338775
0.00355136
0.00355454
-0.000530509
-0.000565898
-0.00054949
-0.000512889
-0.000445081
-0.000343202
-0.00020379
-2.31408e-05
0.000202129
0.000474616
0.000795445
0.00116328
0.00157342
0.00201655
0.00247582
0.00292625
0.00333387
0.00365551
0.00387152
0.00388576
-0.000764312
-0.00080587
-0.000793853
-0.000763503
-0.000702217
-0.000606405
-0.000471407
-0.00029194
-6.26719e-05
0.000221322
0.000563851
0.000966474
0.00142765
0.00194039
0.00248824
0.00304349
0.00356409
0.00399062
0.00428643
0.00432403
-0.00104618
-0.00109523
-0.00108887
-0.00106698
-0.0010152
-0.000929198
-0.000803026
-0.000629632
-0.000401416
-0.000110577
0.000250282
0.000687076
0.00120209
0.00179342
0.00244838
0.00313855
0.00381377
0.00439478
0.00481359
0.0049015
-0.00138006
-0.00143798
-0.00143857
-0.00142772
-0.00138912
-0.00131786
-0.00120665
-0.0010466
-0.000827671
-0.000538858
-0.000168454
0.000295098
0.000861794
0.00153381
0.00231089
0.00316822
0.00405052
0.00485818
0.00547011
0.00566834
-0.00177123
-0.0018393
-0.00184776
-0.00185049
-0.00182921
-0.00177859
-0.0016901
-0.00155308
-0.00135518
-0.00108221
-0.000717998
-0.000244477
0.000357051
0.00110335
0.00200629
0.00305824
0.00420777
0.00534357
0.00626286
0.00670108
-0.00222743
-0.00230625
-0.00232238
-0.00234053
-0.00234054
-0.00231692
-0.00226007
-0.00215783
-0.00199599
-0.00175781
-0.00142326
-0.000967867
-0.000361997
0.000429546
0.00143492
0.00268699
0.00415597
0.00575194
0.00715689
0.00811728
-0.00276099
-0.00284906
-0.00287014
-0.00290359
-0.00292768
-0.00293701
-0.002921
-0.00286636
-0.00275786
-0.00257774
-0.00230437
-0.00190975
-0.00135647
-0.000594644
0.000434488
0.00184986
0.00364528
0.0058476
0.00798698
0.0101096
-0.00339545
-0.0034845
-0.00350168
-0.00354623
-0.00359468
-0.0036413
-0.00367406
-0.00367882
-0.00364058
-0.00354281
-0.00336607
-0.00308431
-0.00265817
-0.00202134
-0.00105561
0.000378259
0.00231554
0.00513845
0.00829549
0.0126597
-0.00416349
-0.00424542
-0.00424374
-0.00429106
-0.00435535
-0.00443403
-0.00451622
-0.00458727
-0.00463264
-0.00463939
-0.00459593
-0.00448902
-0.00429737
-0.0039764
-0.00344043
-0.00254626
-0.00075347
0.00259788
0.00687766
0.01517
-0.00521496
-0.00509034
-0.00501123
-0.00501215
-0.00509485
-0.00523141
-0.00539341
-0.00555475
-0.00569832
-0.00581866
-0.00592087
-0.00601594
-0.00612179
-0.00624392
-0.00636223
-0.00628113
-0.00566576
-0.00244469
0.00199601
0.0161618
-0.00627692
-0.00645478
-0.00627183
-0.00630005
-0.00633299
-0.00641972
-0.0065536
-0.00671504
-0.00689461
-0.00708934
-0.00731836
-0.00761918
-0.0080712
-0.00877142
-0.00984912
-0.0111386
-0.0131545
-0.0110549
-0.00696953
0.0160388
-0.0100003
-0.00727062
-0.0068795
-0.00649816
-0.00652723
-0.0067363
-0.00704721
-0.00738345
-0.00772207
-0.00805017
-0.00841288
-0.00885608
-0.00954402
-0.0105853
-0.0125058
-0.0145753
-0.0194072
-0.0181045
-0.0141266
0.0214094
-0.00998884
-0.0108821
-0.00975505
-0.00962348
-0.00923491
-0.00907006
-0.00903151
-0.00908596
-0.00921972
-0.00939594
-0.00965532
-0.0100631
-0.0107928
-0.0120346
-0.0146193
-0.0176008
-0.0245093
-0.0224959
-0.0145896
0.0484167
-0.033827
-0.00868049
-0.00758668
-0.00666194
-0.00638485
-0.00667509
-0.00720436
-0.00772465
-0.0082571
-0.00870363
-0.00924116
-0.00977558
-0.0106956
-0.0116715
-0.0135038
-0.0139094
-0.0134199
0.00309826
0.0402662
0.145714
)
;

boundaryField
{
    movingWall
    {
        type            zeroGradient;
    }
    fixedWalls
    {
        type            zeroGradient;
    }
}


// ************************************************************************* //
