/*--------------------------------*- C++ -*----------------------------------*\
  =========                 |
  \\      /  F ield         | OpenFOAM: The Open Source CFD Toolbox
   \\    /   O peration     | Website:  https://openfoam.org
    \\  /    A nd           | Version:  10
     \\/     M anipulation  |
\*---------------------------------------------------------------------------*/
FoamFile
{
    format      ascii;
    class       volScalarField;
    location    "1.3";
    object      p;
}
// * * * * * * * * * * * * * * * * * * * * * * * * * * * * * * * * * * * * * //

dimensions      [0 2 -2 0 0 0 0];

internalField   nonuniform List<scalar> 
8000
(
9.41476e-07
2.84919e-05
0.000135634
0.000307407
0.000541741
0.000833629
0.00117647
0.00156233
0.00198204
0.00242534
0.00288102
0.00333713
0.00378119
0.00420052
0.00458259
0.00491544
0.00518821
0.00539179
0.0055208
0.00555704
-2.60164e-05
5.72865e-07
0.000108464
0.000281292
0.000517202
0.000811235
0.00115681
0.00154599
0.0019696
0.00241735
0.00287792
0.00333936
0.003789
0.00421396
0.0046015
0.00493941
0.00521655
0.00542356
0.00555511
0.0055917
-0.000135639
-0.000109161
2.12936e-06
0.000180666
0.000424614
0.000728899
0.0010868
0.00149022
0.00192979
0.00239496
0.00287423
0.0033551
0.0038245
0.00426902
0.00467522
0.00503015
0.00532181
0.00554003
0.00567893
0.00571721
-0.000319193
-0.000291925
-0.000174719
1.35395e-05
0.000271032
0.0005925
0.000970979
0.00139809
0.00186412
0.00235813
0.0028681
0.00338106
0.00388313
0.00435999
0.00479714
0.00518033
0.00549621
0.00573322
0.00588448
0.00592635
-0.00058171
-0.000553074
-0.000427335
-0.000225137
5.17011e-05
0.000397644
0.000805371
0.00126609
0.00176963
0.0023045
0.00285807
0.00341662
0.00396525
0.00448842
0.00497009
0.00539422
0.0057454
0.00600998
0.00617949
0.00622695
-0.00092988
-0.000899404
-0.000762369
-0.000541771
-0.000239448
0.000138676
0.000584798
0.00108959
0.00164229
0.00223077
0.00284163
0.00346031
0.00407068
0.00465566
0.00519724
0.00567695
0.00607654
0.00637928
0.00657427
0.00662982
-0.00137226
-0.00133954
-0.00118825
-0.000944467
-0.000610086
-0.000191561
0.000302677
0.00086263
0.00147684
0.00213244
0.00281524
0.0035098
0.00419862
0.00486282
0.00548205
0.0060347
0.00649865
0.00685282
0.00708261
0.00714954
-0.00191982
-0.0018845
-0.0017157
-0.00144351
-0.0010699
-0.000602067
-4.92617e-05
0.000577692
0.00126654
0.00200366
0.00277405
0.00356152
0.00434723
0.00511043
0.00582804
0.00647461
0.00702292
0.00744573
0.00772274
0.00780581
-0.0025863
-0.00254812
-0.00235814
-0.00205163
-0.0016308
-0.00110384
-0.000481085
0.000225602
0.00100308
0.00183697
0.00271159
0.00361028
0.00451309
0.00539769
0.00623808
0.00700431
0.00766263
0.00817712
0.00851865
0.00862509
-0.00338889
-0.00334761
-0.00313212
-0.00278443
-0.00230718
-0.00171001
-0.00100473
-0.000204523
0.000676451
0.00162318
0.00261952
0.00364863
0.00469035
0.00572139
0.00671322
0.00763095
0.0084327
0.00907067
0.00950166
0.00964328
-0.00434921
-0.0043045
-0.00405816
-0.00366091
-0.00311626
-0.00243598
-0.00163398
-0.000725178
0.000275056
0.00135122
0.00248759
0.0036663
0.00486969
0.00607445
0.00725078
0.00835928
0.00934853
0.010155
0.0107126
0.0109101
-0.005495
-0.00544594
-0.00516182
-0.00470415
-0.00407841
-0.00329947
-0.00238424
-0.0013501
-0.000213986
0.00100816
0.00230116
0.00364921
0.00503699
0.00644389
0.00784147
0.00918825
0.0104232
0.0114633
0.0122042
0.0124967
-0.00686322
-0.00680696
-0.00647546
-0.00594242
-0.00521763
-0.00432032
-0.0032719
-0.00209332
-0.00080368
0.000580616
0.00204578
0.00358003
0.00517228
0.0068082
0.00846536
0.0101053
0.0116614
0.013031
0.0140437
0.0145089
-0.00850787
-0.00843464
-0.00804109
-0.00741051
-0.00656183
-0.00551985
-0.00431286
-0.0029672
-0.00150511
5.6653e-05
0.00170686
0.00343867
0.00524893
0.00713436
0.00908584
0.0110779
0.0130472
0.0148898
0.0163149
0.0171079
-0.0104898
-0.0103855
-0.00991207
-0.0091513
-0.00814286
-0.00691906
-0.00552006
-0.00397993
-0.00232476
-0.00057171
0.00127114
0.00320413
0.00523451
0.00737596
0.0096427
0.0120405
0.0145259
0.0170499
0.019096
0.0205806
-0.0130807
-0.0127912
-0.0121797
-0.0112219
-0.0099957
-0.00853566
-0.00689968
-0.00513116
-0.00326038
-0.00130436
0.000732644
0.00285924
0.00509373
0.00747358
0.0100444
0.0128734
0.0159533
0.0194314
0.0223656
0.0253611
-0.0157933
-0.0155966
-0.0148791
-0.0136696
-0.0121476
-0.010375
-0.00844313
-0.0064054
-0.00429501
-0.00212816
9.5773e-05
0.00239136
0.00479411
0.00735377
0.0101334
0.013327
0.0168699
0.0217093
0.0256846
0.0321385
-0.0218556
-0.0192701
-0.018308
-0.0165319
-0.0145651
-0.0123852
-0.0100909
-0.00774019
-0.0053697
-0.00299035
-0.000590262
0.00186254
0.00443197
0.00715402
0.0101408
0.0138461
0.0180804
0.0247638
0.0306953
0.0421844
-0.0253717
-0.024949
-0.0230846
-0.0206874
-0.0178797
-0.0148991
-0.0119855
-0.00918481
-0.00649176
-0.00388882
-0.00134701
0.00116059
0.00363035
0.00627147
0.00842733
0.0123333
0.0139679
0.0233714
0.0256102
0.0514677
-0.050416
-0.0262298
-0.0247543
-0.0216475
-0.0183768
-0.0153536
-0.0124515
-0.00962008
-0.00687961
-0.00423024
-0.00165256
0.000891048
0.00342372
0.00613279
0.00891669
0.0132077
0.0182694
0.0316504
0.0492
0.102212
2.95734e-06
2.57218e-05
0.000132248
0.00030382
0.000538346
0.000830649
0.00117405
0.00156058
0.00198105
0.00242518
0.00288175
0.00333878
0.00378377
0.00420401
0.00458692
0.00492048
0.00519372
0.00539732
0.00552592
0.00555777
-2.03415e-05
1.85153e-06
0.000109103
0.000281444
0.000517145
0.000811106
0.00115669
0.00154594
0.00196968
0.0024176
0.00287841
0.00334011
0.00379005
0.00421533
0.00460318
0.00494133
0.00521854
0.00542528
0.00555629
0.00558827
-0.000128966
-0.000107082
3.55903e-06
0.000181554
0.000425217
0.000729342
0.00108715
0.00149054
0.00193013
0.00239537
0.00287477
0.00335581
0.00382543
0.00427018
0.00467662
0.00503173
0.0053234
0.00554128
0.00567958
0.00571287
-0.000311505
-0.00028914
-0.000172621
1.50333e-05
0.000272182
0.000593427
0.00097175
0.00139876
0.00186473
0.00235875
0.00286879
0.00338186
0.00388409
0.00436115
0.00479849
0.00518183
0.0054977
0.00573431
0.00588489
0.00592133
-0.000572931
-0.000549633
-0.000424632
-0.000223103
5.33412e-05
0.000399016
0.000806543
0.00126712
0.00177056
0.00230541
0.00285901
0.00341764
0.00396642
0.00448977
0.00497165
0.00539593
0.00574709
0.00601122
0.00617996
0.00622139
-0.000919779
-0.000895215
-0.000758985
-0.000539134
-0.000237261
0.000140548
0.00058643
0.00109104
0.00164362
0.00223205
0.00284294
0.0034617
0.00407222
0.0046574
0.00519922
0.00567912
0.0060787
0.00638095
0.00657509
0.00662376
-0.00136046
-0.00133438
-0.00118398
-0.000941057
-0.000607204
-0.000189057
0.000304888
0.000864619
0.00147868
0.00213422
0.00281704
0.00351168
0.00420067
0.00486513
0.00548465
0.00603756
0.00650156
0.00685521
0.00708402
0.00714299
-0.00190576
-0.00187803
-0.00171025
-0.00143906
-0.0010661
-0.000598742
-4.63111e-05
0.000580358
0.00126901
0.00200605
0.00277647
0.00356403
0.00434995
0.00511348
0.0058315
0.00647847
0.00702696
0.00744926
0.00772517
0.00779886
-0.00256921
-0.00253982
-0.00235103
-0.00204577
-0.00162577
-0.00109944
-0.000477199
0.000229102
0.00100631
0.00184008
0.00271473
0.00361353
0.00451664
0.0054017
0.00624268
0.00700956
0.0076683
0.00818241
0.00852275
0.00861798
-0.00336764
-0.0033367
-0.00312269
-0.00277662
-0.00230052
-0.00170424
-0.000999687
-0.00020003
0.00068056
0.00162706
0.00262339
0.00365271
0.00469487
0.00572657
0.00671931
0.0076381
0.00844076
0.00907871
0.00950852
0.00963665
-0.00432204
-0.00428975
-0.0040454
-0.00365039
-0.00310743
-0.0024285
-0.00162757
-0.000719574
0.000280093
0.00135589
0.00249179
0.00367119
0.00487524
0.00608098
0.00725869
0.00836895
0.00936001
0.0101673
0.010724
0.0109055
-0.00545905
-0.00542538
-0.0051442
-0.00468989
-0.00406679
-0.00328994
-0.00237633
-0.0013434
-0.000208095
0.0010136
0.00230667
0.00365489
0.00504348
0.00645178
0.00785146
0.00920112
0.0104394
0.0114824
0.0122232
0.0124981
-0.00681348
-0.0067772
-0.00645064
-0.00592302
-0.00520255
-0.0043086
-0.00326267
-0.00208585
-0.000797367
0.00058631
0.0020514
0.0035859
0.00517917
0.00681705
0.00847723
0.0101217
0.0116838
0.0130604
0.014075
0.0145252
-0.00843572
-0.00839018
-0.00800565
-0.00738438
-0.00654307
-0.00550647
-0.00430324
-0.0029601
-0.00149961
6.12064e-05
0.001711
0.0034431
0.00525459
0.00714242
0.00909802
0.0110968
0.0130758
0.0149342
0.0163659
0.0171584
-0.0103703
-0.0103138
-0.00986033
-0.00911729
-0.00812189
-0.00690659
-0.00551291
-0.003976
-0.0023228
-0.000570974
0.00127117
0.00320383
0.00523543
0.00737922
0.00965025
0.0120566
0.0145559
0.0171126
0.0191746
0.0207104
-0.0129095
-0.0126793
-0.0121098
-0.0111843
-0.00998032
-0.0085322
-0.0069025
-0.00513692
-0.00326752
-0.00131236
0.000723458
0.00284755
0.0050835
0.00746378
0.0100343
0.0128689
0.0159556
0.0194928
0.0224437
0.0256457
-0.0154034
-0.0154162
-0.0147832
-0.013648
-0.0121633
-0.0104025
-0.00847301
-0.00643408
-0.0043219
-0.00215375
6.88487e-05
0.00235481
0.0047608
0.00731397
0.0100692
0.0132522
0.0167356
0.0216733
0.0256318
0.0326815
-0.0212097
-0.0188727
-0.0181851
-0.0165318
-0.0146382
-0.0124791
-0.0101837
-0.0078223
-0.00543997
-0.00305133
-0.000645021
0.00181572
0.00436252
0.00707097
0.00998556
0.0136528
0.0176778
0.0244021
0.0301317
0.0425602
-0.0239259
-0.0248898
-0.0233267
-0.0211742
-0.018367
-0.0152925
-0.0122851
-0.00941002
-0.00666463
-0.00403302
-0.00146933
0.0010427
0.00351258
0.00622135
0.00775586
0.0119929
0.0124785
0.0223081
0.0228595
0.052052
-0.0482643
-0.0251028
-0.0244682
-0.0218109
-0.0186452
-0.0156179
-0.0126894
-0.00981877
-0.00704331
-0.00437048
-0.00178359
0.000756696
0.00324408
0.00590492
0.00843874
0.0126202
0.0171286
0.0309114
0.0508621
0.108128
4.5613e-06
2.63161e-05
0.000132471
0.000303783
0.000538195
0.000830479
0.00117394
0.00156058
0.00198121
0.00242555
0.00288236
0.00333967
0.00378494
0.00420545
0.00458859
0.00492232
0.00519561
0.00539911
0.00552749
0.00555842
-1.79257e-05
3.24554e-06
0.000110143
0.000282178
0.000517685
0.00081153
0.00115705
0.00154629
0.00197006
0.00241806
0.00287898
0.00334082
0.0037909
0.00421633
0.0046043
0.00494253
0.00521972
0.00542629
0.00555708
0.0055881
-0.000126116
-0.00010528
5.00692e-06
0.000182655
0.00042608
0.000730044
0.00108775
0.00149108
0.00193066
0.00239593
0.00287538
0.00335652
0.00382625
0.00427112
0.00467766
0.00503281
0.00532445
0.00554214
0.00568018
0.00571244
-0.000308077
-0.000286832
-0.00017069
1.65784e-05
0.00027344
0.00059447
0.000972634
0.00139953
0.00186545
0.00235944
0.0028695
0.00338263
0.00388494
0.00436209
0.00479952
0.0051829
0.0054987
0.0057351
0.00588541
0.00592072
-0.000568815
-0.000546748
-0.000422167
-0.000221078
5.50235e-05
0.000400428
0.000807743
0.00126816
0.00177149
0.00230628
0.00285988
0.00341854
0.00396739
0.00449083
0.00497278
0.0053971
0.00574821
0.00601211
0.00618055
0.00622072
-0.000914802
-0.000891619
-0.000755873
-0.00053654
-0.000235084
0.000142385
0.000587989
0.00109239
0.00164481
0.00223314
0.002844
0.00346278
0.00407336
0.00465864
0.00520056
0.00568053
0.00608007
0.00638209
0.0065759
0.00662316
-0.00135436
-0.00132986
-0.00118004
-0.000937746
-0.000604416
-0.000186709
0.00030687
0.000866309
0.00148015
0.00213555
0.00281831
0.00351296
0.00420203
0.00486662
0.0054863
0.00603933
0.00650335
0.0068568
0.00708526
0.00714265
-0.00189817
-0.00187228
-0.00170521
-0.00143482
-0.00106254
-0.000595771
-4.38341e-05
0.000582435
0.00127079
0.00200762
0.00277795
0.00356551
0.00435154
0.00511526
0.00583353
0.00648073
0.00702935
0.00745153
0.00772713
0.00779903
-0.0025596
-0.0025324
-0.00234452
-0.00204031
-0.00162124
-0.00109572
-0.000474161
0.000231583
0.00100837
0.00184184
0.00271636
0.00361515
0.00451841
0.00540375
0.00624513
0.00701244
0.00767153
0.00818569
0.00852584
0.00861904
-0.00335522
-0.00332696
-0.00311419
-0.00276956
-0.00229476
-0.00169964
-0.000996056
-0.000197184
0.000682806
0.00162889
0.00262498
0.00365431
0.00469667
0.00572879
0.00672214
0.00764167
0.00844506
0.00908344
0.00951332
0.00963924
-0.00430562
-0.00427672
-0.00403415
-0.00364123
-0.00310019
-0.00242293
-0.00162339
-0.000716507
0.000282319
0.00135752
0.00249307
0.00367245
0.00487676
0.00608306
0.00726169
0.00837318
0.00936561
0.0101741
0.0107314
0.0109108
-0.00543682
-0.00540763
-0.00512917
-0.00467801
-0.00405779
-0.00328342
-0.00237182
-0.00134046
-0.000206306
0.00101463
0.00230734
0.00365531
0.0050441
0.0064531
0.00785406
0.00920565
0.0104464
0.0114918
0.0122344
0.0125075
-0.00678253
-0.00675253
-0.00643037
-0.00590771
-0.00519169
-0.00430142
-0.00325838
-0.00208373
-0.000796828
0.000585785
0.00205019
0.00358437
0.00517778
0.00681637
0.00847832
0.0101256
0.0116914
0.0130731
0.0140916
0.0145424
-0.00839145
-0.00835531
-0.00797824
-0.007365
-0.00653064
-0.0054995
-0.00430034
-0.00296008
-0.00150157
5.7912e-05
0.00170672
0.00343822
0.00524963
0.0071381
0.00909545
0.0110977
0.0130821
0.0149501
0.0163897
0.0171902
-0.0103034
-0.0102632
-0.00982313
-0.00909359
-0.00810915
-0.00690184
-0.0055136
-0.00398016
-0.00232919
-0.000578948
0.00126179
0.00319313
0.00522402
0.00736786
0.00964029
0.0120502
0.0145552
0.0171292
0.0192056
0.0207681
-0.0128131
-0.0126065
-0.0120609
-0.0111578
-0.00997071
-0.00853367
-0.00691054
-0.0051487
-0.00328152
-0.00132808
0.000705553
0.00282656
0.0050606
0.00743943
0.0100106
0.0128486
0.0159392
0.0195023
0.0224733
0.025745
-0.0152411
-0.0153143
-0.0147201
-0.0136238
-0.0121641
-0.0104176
-0.00849543
-0.00645967
-0.00434879
-0.00218174
3.76415e-05
0.00231566
0.00471721
0.0072638
0.0100174
0.0131992
0.0166595
0.0216446
0.0256205
0.0328405
-0.02095
-0.0187007
-0.0180953
-0.0165033
-0.0146504
-0.0125132
-0.0102277
-0.00786869
-0.00548566
-0.0030955
-0.00069102
0.00176531
0.00428965
0.00697181
0.00992893
0.0135799
0.0175449
0.0243145
0.0300662
0.0427226
-0.0234934
-0.0247377
-0.0232697
-0.0212247
-0.0184617
-0.0153949
-0.0123817
-0.00949601
-0.00674166
-0.00410103
-0.00153916
0.000961738
0.00338423
0.00597053
0.00763018
0.0119274
0.0120218
0.0220619
0.0223405
0.0522686
-0.0476824
-0.024751
-0.0243078
-0.0217994
-0.0186945
-0.015691
-0.0127693
-0.00989628
-0.00711635
-0.00444023
-0.00185781
0.000668734
0.00311989
0.00573503
0.00827373
0.0124247
0.016838
0.0308392
0.0513441
0.109507
6.07783e-06
2.7108e-05
0.000132929
0.000303984
0.000538248
0.00083049
0.00117398
0.00156072
0.00198149
0.00242601
0.00288302
0.00334055
0.00378605
0.00420678
0.00459011
0.00492397
0.00519729
0.00540068
0.00552884
0.00555909
-1.57543e-05
4.72561e-06
0.000111286
0.000283026
0.000518327
0.000812046
0.00115751
0.00154674
0.00197054
0.00241861
0.00287963
0.00334159
0.00379181
0.00421738
0.00460546
0.00494375
0.00522091
0.00542733
0.00555786
0.00558817
-0.000123464
-0.00010335
6.58066e-06
0.000183907
0.000427091
0.000730881
0.00108847
0.00149174
0.00193129
0.00239657
0.00287608
0.0033573
0.00382713
0.0042721
0.00467873
0.00503391
0.0053255
0.00554301
0.00568077
0.00571223
-0.000304851
-0.000284379
-0.000168626
1.82744e-05
0.000274845
0.000595649
0.000973642
0.00140042
0.00186626
0.00236022
0.00287029
0.00338347
0.00388585
0.00436308
0.00480057
0.00518397
0.00549972
0.00573591
0.00588591
0.00592037
-0.000564905
-0.000543683
-0.000419542
-0.000218882
5.68659e-05
0.00040198
0.000809062
0.0012693
0.00177251
0.00230722
0.0028608
0.00341949
0.00396839
0.0044919
0.00497393
0.00539828
0.00574932
0.00601301
0.00618111
0.00622034
-0.000910036
-0.000887799
-0.000752564
-0.000533744
-0.000232726
0.00014437
0.000589666
0.00109382
0.00164606
0.00223427
0.00284507
0.00346386
0.00407451
0.00465988
0.00520189
0.00568192
0.00608142
0.00638323
0.00657668
0.00662288
-0.00134848
-0.00132507
-0.00117586
-0.000934198
-0.000601427
-0.000184207
0.00030896
0.000868064
0.00148165
0.00213688
0.00281956
0.00351421
0.00420334
0.00486806
0.00548789
0.00604104
0.00650509
0.00685835
0.00708646
0.00714262
-0.00189082
-0.00186619
-0.00169989
-0.0014303
-0.00105876
-0.000592647
-4.12704e-05
0.000584541
0.00127254
0.00200914
0.00277934
0.0035669
0.00435302
0.00511693
0.00583543
0.00648287
0.00703163
0.00745371
0.007729
0.00779951
-0.00255024
-0.00252456
-0.00233768
-0.00203454
-0.00161648
-0.00109186
-0.000471076
0.000234035
0.00101033
0.00184348
0.00271782
0.0036166
0.00451999
0.00540561
0.00624737
0.00701511
0.00767455
0.00818879
0.00852873
0.00862038
-0.00334309
-0.00331672
-0.00310529
-0.00276217
-0.00228879
-0.00169494
-0.000992439
-0.000194448
0.000684873
0.0016305
0.00262634
0.00365563
0.00469818
0.00573069
0.00672464
0.00764491
0.00844901
0.00908784
0.00951777
0.00964209
-0.0042896
-0.00426313
-0.00402249
-0.00363174
-0.00309275
-0.00241732
-0.00161931
-0.000713657
0.000284252
0.00135883
0.00249402
0.00367332
0.00487783
0.0060847
0.00726424
0.00837689
0.00937065
0.0101803
0.0107382
0.0109161
-0.0054152
-0.0053893
-0.00511374
-0.00466583
-0.00404866
-0.00327694
-0.00236753
-0.00133785
-0.000204949
0.00101512
0.00230729
0.00365506
0.00504406
0.00645379
0.00785606
0.00920945
0.0104525
0.0115003
0.0122446
0.0125172
-0.00675266
-0.0067274
-0.00640982
-0.00589217
-0.00518077
-0.00429439
-0.00325442
-0.00208208
-0.000796851
0.000584527
0.00204814
0.00358189
0.00517541
0.00681481
0.00847837
0.0101283
0.0116979
0.0130843
0.0141065
0.0145595
-0.00834915
-0.00832032
-0.0079508
-0.00734552
-0.00651822
-0.00549275
-0.00429785
-0.00296068
-0.0015044
5.34436e-05
0.00170106
0.00343174
0.00524288
0.00713192
0.00909111
0.0110969
0.0130868
0.0149634
0.0164107
0.0172197
-0.0102412
-0.0102136
-0.0097865
-0.00906994
-0.00809638
-0.00689723
-0.00551469
-0.00398518
-0.00233694
-0.000588725
0.00125031
0.00318003
0.00520978
0.00735339
0.00962734
0.0120411
0.0145531
0.0171418
0.0192319
0.0208198
-0.0127245
-0.0125362
-0.012013
-0.0111311
-0.0099606
-0.0085349
-0.00691893
-0.00516154
-0.00329723
-0.00134607
0.00068507
0.00280254
0.00503391
0.00741068
0.00998244
0.0128232
0.0159184
0.0195055
0.0224976
0.0258325
-0.0150982
-0.015215
-0.0146587
-0.0135976
-0.0121629
-0.0104309
-0.0085166
-0.00648493
-0.00437638
-0.00221151
3.77683e-06
0.00226873
0.00466994
0.00721054
0.00996402
0.013143
0.0165863
0.0216105
0.0256083
0.0329795
-0.0207368
-0.0185504
-0.0180148
-0.016476
-0.0146615
-0.0125444
-0.0102681
-0.007912
-0.00552944
-0.00314009
-0.000738258
0.0017177
0.00421934
0.00688077
0.0098726
0.0135085
0.017433
0.0242405
0.0300201
0.0429033
-0.023187
-0.0245923
-0.0232075
-0.0212463
-0.0185268
-0.015473
-0.0124599
-0.00956885
-0.00680877
-0.00416602
-0.00160715
0.000879477
0.00326124
0.00575665
0.00752953
0.0118306
0.0116667
0.021839
0.0219922
0.0525191
-0.047211
-0.0244237
-0.0241439
-0.0217608
-0.0187299
-0.015756
-0.0128434
-0.00997017
-0.00718696
-0.00450936
-0.00193106
0.000583114
0.00300739
0.00559301
0.008147
0.0122737
0.0166141
0.0307342
0.0514965
0.110398
7.52298e-06
2.82886e-05
0.000133916
0.000304788
0.000538914
0.000831056
0.00117449
0.0015612
0.001982
0.00242657
0.00288367
0.0033413
0.00378691
0.00420775
0.00459116
0.00492507
0.00519838
0.00540169
0.00552973
0.00555975
-1.40112e-05
6.18604e-06
0.000112534
0.000284065
0.000519197
0.000812786
0.00115816
0.00154734
0.00197113
0.00241921
0.00288028
0.00334231
0.00379261
0.00421826
0.0046064
0.00494471
0.00522185
0.00542818
0.00555858
0.00558866
-0.00012138
-0.000101565
8.13521e-06
0.000185225
0.000428205
0.00073183
0.0010893
0.00149247
0.00193198
0.00239725
0.00287678
0.00335804
0.00382793
0.00427296
0.00467963
0.00503484
0.00532638
0.00554379
0.00568142
0.00571268
-0.000302307
-0.00028216
-0.000166668
1.99555e-05
0.000276277
0.000596869
0.000974689
0.00140133
0.00186708
0.002361
0.00287106
0.00338425
0.00388667
0.00436396
0.00480149
0.0051849
0.00550061
0.0057367
0.00588655
0.00592078
-0.000561775
-0.00054092
-0.000417083
-0.000216755
5.86839e-05
0.000403525
0.000810374
0.00127043
0.0017735
0.00230812
0.00286165
0.00342034
0.00396927
0.00449284
0.00497491
0.00539929
0.0057503
0.00601389
0.00618185
0.00622082
-0.000906154
-0.00088434
-0.000749473
-0.000531063
-0.000230439
0.0001463
0.000591285
0.00109518
0.00164722
0.0022353
0.00284603
0.0034648
0.00407547
0.00466091
0.00520299
0.00568307
0.00608258
0.00638431
0.00657762
0.00662354
-0.00134362
-0.00132071
-0.00117196
-0.00093082
-0.000598564
-0.000181819
0.000310928
0.000869681
0.00148299
0.00213803
0.00282059
0.0035152
0.00420438
0.00486919
0.00548913
0.00604241
0.00650651
0.00685975
0.00708775
0.00714362
-0.00188466
-0.00186065
-0.00169493
-0.00142604
-0.00105519
-0.00058972
-3.89172e-05
0.000586411
0.00127403
0.00201035
0.00278039
0.00356789
0.00435406
0.00511811
0.00583682
0.00648448
0.00703343
0.00745557
0.0077308
0.00780096
-0.00254234
-0.00251743
-0.00233134
-0.00202915
-0.00161203
-0.00108831
-0.000468323
0.00023612
0.00101189
0.00184465
0.00271874
0.00361744
0.0045209
0.00540673
0.00624883
0.00701696
0.00767679
0.00819129
0.00853132
0.00862266
-0.00333282
-0.00330745
-0.00309713
-0.00275534
-0.0022833
-0.00169071
-0.000989315
-0.000192253
0.000686329
0.00163141
0.0026269
0.00365608
0.00469871
0.00573152
0.00672598
0.00764691
0.00845174
0.00909117
0.00952148
0.00964556
-0.00427607
-0.00425095
-0.00401192
-0.00362308
-0.00308602
-0.00241238
-0.00161593
-0.000711569
0.000285318
0.00135914
0.00249382
0.00367294
0.00487754
0.00608479
0.00726504
0.00837877
0.00937378
0.0101846
0.0107434
0.0109214
-0.0053971
-0.00537312
-0.00509997
-0.00465488
-0.00404054
-0.00327139
-0.00236416
-0.00133627
-0.000204752
0.0010143
0.00230583
0.00365326
0.0050423
0.00645247
0.00785567
0.00921059
0.0104557
0.0115058
0.0122519
0.0125254
-0.00672813
-0.0067057
-0.00639183
-0.00587845
-0.00517121
-0.00428849
-0.00325157
-0.00208165
-0.000798259
0.000581818
0.00204455
0.00357776
0.00517114
0.00681097
0.00847569
0.0101277
0.0117003
0.0130907
0.0141165
0.014572
-0.00831545
-0.00829098
-0.00792728
-0.00732854
-0.00650739
-0.00548713
-0.00429641
-0.00296242
-0.00150846
4.77072e-05
0.00169411
0.00342394
0.00523453
0.00712375
0.00908421
0.0110926
0.0130868
0.01497
0.0164236
0.0172389
-0.0101943
-0.0101737
-0.00975587
-0.00904939
-0.00808488
-0.00689305
-0.00551606
-0.00399055
-0.00234516
-0.000599017
0.00123855
0.00316718
0.00519524
0.00733824
0.00961322
0.01203
0.0145474
0.0171462
0.0192472
0.0208493
-0.0126604
-0.0124821
-0.0119737
-0.0111071
-0.00994969
-0.00853392
-0.00692511
-0.00517256
-0.00331158
-0.00136276
0.000667013
0.00278484
0.00501065
0.00738485
0.00995693
0.0128006
0.0159012
0.019504
0.0225123
0.0258772
-0.0150065
-0.0151426
-0.0146087
-0.0135706
-0.0121543
-0.0104355
-0.00853015
-0.0065041
-0.00439916
-0.00223687
-2.22813e-05
0.00225532
0.0046346
0.00716895
0.00992082
0.0131009
0.0165411
0.0215906
0.0256095
0.0330444
-0.0206096
-0.0184506
-0.0179506
-0.016444
-0.0146548
-0.0125559
-0.0102909
-0.00794116
-0.00556238
-0.00317664
-0.000781417
0.00165229
0.00416485
0.0068235
0.00982033
0.0134569
0.0173746
0.02421
0.0300208
0.0429911
-0.0230281
-0.0244827
-0.0231377
-0.0212201
-0.0185334
-0.0154992
-0.0124969
-0.00961072
-0.00685313
-0.00421343
-0.00166075
0.000812798
0.00318144
0.00567164
0.00742239
0.011752
0.0115046
0.0217442
0.0218953
0.0526212
-0.0469848
-0.0242461
-0.0240358
-0.0217148
-0.0187261
-0.0157776
-0.0128794
-0.0100132
-0.00723357
-0.00455953
-0.00198719
0.000517318
0.00292923
0.00550646
0.00805679
0.0121817
0.0165076
0.0306926
0.0515517
0.110689
8.83133e-06
2.94523e-05
0.000134935
0.000305658
0.000539656
0.000831699
0.00117506
0.00156174
0.00198253
0.00242712
0.00288426
0.00334194
0.00378762
0.00420852
0.00459199
0.00492592
0.00519922
0.00540247
0.00553044
0.00556035
-1.25261e-05
7.52723e-06
0.000113725
0.000285095
0.000520082
0.000813553
0.00115883
0.00154795
0.00197171
0.0024198
0.00288088
0.00334295
0.0037933
0.004219
0.00460718
0.0049455
0.00522262
0.00542889
0.00555921
0.00558916
-0.000119627
-9.9966e-05
9.5695e-06
0.000186478
0.000429288
0.000732766
0.00109011
0.0014932
0.00193265
0.00239789
0.00287742
0.0033587
0.00382862
0.0042737
0.0046804
0.00503561
0.00532713
0.00554448
0.00568202
0.00571313
-0.000300178
-0.000280202
-0.000164898
2.15117e-05
0.000277625
0.000598029
0.000975688
0.0014022
0.00186786
0.00236172
0.00287175
0.00338494
0.00388739
0.0043647
0.00480227
0.00518569
0.00550137
0.0057374
0.00588717
0.00592124
-0.000559152
-0.000538491
-0.000414879
-0.000214813
6.03626e-05
0.000404959
0.000811593
0.00127147
0.0017744
0.00230893
0.0028624
0.00342108
0.00397002
0.00449363
0.00497574
0.00540014
0.00575114
0.00601467
0.00618254
0.00622135
-0.000902889
-0.000881305
-0.000746716
-0.000528637
-0.000228353
0.000148063
0.000592758
0.00109641
0.00164825
0.00223619
0.00284683
0.00346557
0.00407626
0.00466174
0.00520389
0.00568402
0.00608355
0.00638525
0.00657849
0.00662424
-0.00133952
-0.00131688
-0.00116849
-0.000927783
-0.000595977
-0.000179666
0.000312688
0.000871103
0.00148414
0.00213898
0.00282142
0.00351598
0.00420517
0.00487005
0.00549011
0.00604349
0.00650768
0.00686093
0.0070889
0.00714459
-0.00187945
-0.00185579
-0.00169055
-0.00142223
-0.00105199
-0.000587115
-3.68506e-05
0.000588014
0.00127526
0.0020113
0.00278117
0.0035686
0.0043548
0.00511896
0.00583784
0.0064857
0.00703483
0.0074571
0.00773236
0.00780239
-0.00253566
-0.00251121
-0.00232576
-0.00202437
-0.0016081
-0.0010852
-0.000465951
0.000237853
0.00101311
0.00184549
0.00271934
0.00361794
0.00452144
0.00540744
0.00624981
0.00701829
0.00767846
0.00819326
0.00853345
0.0086247
-0.00332417
-0.00329941
-0.00309001
-0.00274933
-0.00227848
-0.00168704
-0.00098668
-0.000190497
0.000687381
0.00163194
0.00262709
0.00365612
0.0046988
0.00573185
0.00672673
0.00764822
0.00845366
0.00909367
0.00952439
0.0096485
-0.00426476
-0.0042405
-0.00400277
-0.00361554
-0.00308018
-0.00240816
-0.00161315
-0.000709987
0.000285943
0.00135904
0.00249323
0.00367215
0.0048768
0.00608436
0.00726521
0.00837979
0.00937584
0.0101877
0.0107474
0.0109256
-0.00538218
-0.00535943
-0.00508821
-0.00464547
-0.00403356
-0.00326669
-0.00236144
-0.00133519
-0.00020496
0.00101314
0.00230401
0.00365108
0.00504009
0.00645062
0.00785462
0.00921081
0.0104575
0.0115096
0.0122572
0.0125315
-0.00670825
-0.00668767
-0.00637669
-0.00586678
-0.00516304
-0.00428352
-0.00324932
-0.00208159
-0.0007999
0.000578902
0.00204076
0.00357338
0.00516658
0.00680674
0.00847244
0.0101262
0.0117013
0.0130947
0.0141233
0.0145807
-0.00828882
-0.00826715
-0.00790784
-0.00731422
-0.00649811
-0.00548231
-0.00429525
-0.00296414
-0.00151239
4.21342e-05
0.00168736
0.00341634
0.0052264
0.00711574
0.00907724
0.0110878
0.0130854
0.0149735
0.016432
0.0172515
-0.0101584
-0.0101422
-0.009731
-0.00903211
-0.0080748
-0.00688908
-0.00551694
-0.00399511
-0.00235247
-0.000608356
0.00122772
0.00315523
0.00518203
0.00732457
0.00960039
0.0120197
0.0145415
0.0171479
0.0192565
0.0208676
-0.0126127
-0.0124407
-0.0119422
-0.0110867
-0.00993942
-0.00853186
-0.00692925
-0.00518123
-0.00332353
-0.00137712
0.000650984
0.00276776
0.0049906
0.00736316
0.00993548
0.0127818
0.0158872
0.0195011
0.0225209
0.0259038
-0.0149417
-0.0150885
-0.0145693
-0.0135471
-0.0121447
-0.0104366
-0.00853893
-0.00651822
-0.00441711
-0.0022577
-4.51471e-05
0.00223235
0.00460546
0.00713655
0.00988697
0.0130684
0.0165099
0.0215759
0.0256102
0.0330818
-0.0205241
-0.0183798
-0.0179015
-0.0164167
-0.0146463
-0.012561
-0.0103053
-0.00796162
-0.00558707
-0.00320504
-0.000814385
0.00161218
0.00412519
0.00678215
0.00977931
0.0134169
0.0173352
0.0241892
0.0300209
0.0430425
-0.0229262
-0.0244024
-0.0230817
-0.0211932
-0.0185296
-0.015511
-0.0125186
-0.00963835
-0.00688476
-0.00424856
-0.00170101
0.000765383
0.00312496
0.00561207
0.00735072
0.0116904
0.0114088
0.0216849
0.0218469
0.0526773
-0.0468439
-0.0241278
-0.0239574
-0.0216744
-0.018716
-0.0157875
-0.0129016
-0.0100424
-0.00726735
-0.00459723
-0.00202971
0.000468689
0.00287424
0.00544776
0.00799337
0.0121182
0.0164395
0.0306589
0.0515557
0.110819
9.95859e-06
3.05066e-05
0.000135894
0.00030651
0.000540405
0.000832358
0.00117565
0.00156228
0.00198304
0.00242762
0.00288477
0.00334248
0.00378819
0.00420912
0.00459261
0.00492655
0.00519985
0.00540307
0.00553099
0.00556085
-1.1289e-05
8.68865e-06
0.000114785
0.000286039
0.000520912
0.000814281
0.00115948
0.00154854
0.00197226
0.00242032
0.0028814
0.00334349
0.00379387
0.00421959
0.00460779
0.00494612
0.00522323
0.00542946
0.00555974
0.00558964
-0.000118189
-9.86104e-05
1.08116e-05
0.000187587
0.000430262
0.000733616
0.00109086
0.00149386
0.00193325
0.00239845
0.00287797
0.00335925
0.00382919
0.00427429
0.00468101
0.00503623
0.00532774
0.00554505
0.00568255
0.00571361
-0.000298443
-0.000278561
-0.000163391
2.28584e-05
0.000278806
0.000599052
0.000976572
0.00140297
0.00186854
0.00236233
0.00287234
0.00338552
0.00388798
0.00436531
0.00480289
0.00518633
0.005502
0.005738
0.00588773
0.00592174
-0.000557018
-0.000536468
-0.00041302
-0.000213154
6.18098e-05
0.000406201
0.000812649
0.00127236
0.00177517
0.00230961
0.00286303
0.00342168
0.00397063
0.00449425
0.00497639
0.00540081
0.00575182
0.00601534
0.00618318
0.00622193
-0.000900232
-0.000878782
-0.0007444
-0.00052658
-0.000226573
0.00014957
0.000594014
0.00109744
0.00164912
0.00223693
0.00284748
0.00346618
0.00407687
0.00466238
0.00520458
0.00568476
0.00608433
0.00638604
0.00657926
0.00662496
-0.00133618
-0.00131371
-0.00116559
-0.000925223
-0.000593788
-0.000177845
0.000314167
0.000872284
0.00148508
0.00213973
0.00282205
0.00351656
0.00420576
0.00487068
0.00549082
0.0060443
0.00650858
0.00686189
0.00708987
0.00714553
-0.00187521
-0.00185177
-0.00168689
-0.00141904
-0.00104931
-0.000584934
-3.51377e-05
0.000589318
0.00127623
0.00201202
0.00278171
0.00356907
0.00435527
0.00511951
0.00583853
0.00648657
0.00703587
0.00745827
0.00773363
0.00780364
-0.00253024
-0.00250608
-0.00232114
-0.00202039
-0.00160482
-0.00108261
-0.000464012
0.00023923
0.00101402
0.00184605
0.00271967
0.00361816
0.00452167
0.00540778
0.00625036
0.00701914
0.00767963
0.0081947
0.00853509
0.00862638
-0.00331719
-0.00329284
-0.00308414
-0.00274437
-0.0022745
-0.00168402
-0.000984557
-0.000189145
0.000688104
0.00163218
0.002627
0.00365588
0.00469857
0.00573179
0.00672698
0.00764892
0.0084549
0.0090954
0.00952651
0.00965077
-0.00425571
-0.00423203
-0.00399532
-0.00360937
-0.00307539
-0.00240472
-0.00161093
-0.000708826
0.000286251
0.0013587
0.00249244
0.00367114
0.00487577
0.00608355
0.00726485
0.0083801
0.00937696
0.0101897
0.0107501
0.0109287
-0.00537037
-0.00534847
-0.00507872
-0.00463782
-0.00402787
-0.00326288
-0.00235932
-0.00133448
-0.00020539
0.00101185
0.00230218
0.00364885
0.00503778
0.00644856
0.00785316
0.0092103
0.0104582
0.0115115
0.0122605
0.0125356
-0.00669281
-0.00667345
-0.00636462
-0.00585736
-0.0051564
-0.00427948
-0.00324756
-0.00208172
-0.000801531
0.000576127
0.00203713
0.00356928
0.0051623
0.00680268
0.00846912
0.0101241
0.0117011
0.0130967
0.0141274
0.0145862
-0.00826857
-0.00824872
-0.00789255
-0.00730275
-0.00649053
-0.00547829
-0.00429428
-0.00296564
-0.00151582
3.72337e-05
0.00168137
0.00340961
0.00521926
0.00710869
0.00907099
0.0110832
0.0130834
0.0149749
0.0164367
0.0172588
-0.0101318
-0.0101184
-0.00971175
-0.0090183
-0.00806639
-0.00688547
-0.00551731
-0.00399863
-0.00235842
-0.000616153
0.00121854
0.003145
0.00517095
0.00731324
0.0095898
0.012011
0.0145362
0.0171477
0.0192614
0.0208775
-0.0125785
-0.0124102
-0.0119182
-0.0110703
-0.00993038
-0.00852913
-0.00693161
-0.00518753
-0.0033328
-0.00138864
0.000637736
0.00275313
0.00497439
0.0073461
0.00991881
0.0127672
0.0158766
0.0194976
0.0225249
0.0259171
-0.0148973
-0.0150498
-0.0145396
-0.0135279
-0.0121353
-0.0104352
-0.00854389
-0.00652795
-0.00443039
-0.00227373
-6.34406e-05
0.00221207
0.00458285
0.00711235
0.00986226
0.0130453
0.0164895
0.0215658
0.0256104
0.033099
-0.0204681
-0.0183311
-0.0178655
-0.0163942
-0.0146362
-0.0125611
-0.0103131
-0.00797502
-0.0056046
-0.00322586
-0.000838476
0.00158469
0.00409659
0.00675219
0.00975004
0.0133889
0.0173103
0.0241756
0.030021
0.0430652
-0.022862
-0.0243467
-0.0230396
-0.021168
-0.0185198
-0.0155131
-0.0125295
-0.00965532
-0.00690626
-0.00427325
-0.00172978
0.000732301
0.00308619
0.00557007
0.00730582
0.0116486
0.0113578
0.0216514
0.0218277
0.0526974
-0.0467612
-0.0240543
-0.0239042
-0.0216427
-0.018703
-0.0157887
-0.0129127
-0.0100604
-0.00729014
-0.00462385
-0.00206015
0.000434205
0.00283598
0.00540728
0.00795102
0.0120762
0.0163984
0.0306352
0.05155
0.110861
1.08528e-05
3.13593e-05
0.000136683
0.000307222
0.000541038
0.00083292
0.00117615
0.00156274
0.00198347
0.00242803
0.00288518
0.0033429
0.00378862
0.00420957
0.00459307
0.00492702
0.0052003
0.00540351
0.00553141
0.00556125
-1.03228e-05
9.61156e-06
0.00011564
0.000286811
0.000521599
0.000814888
0.00116002
0.00154902
0.0019727
0.00242074
0.00288182
0.00334391
0.0037943
0.00422003
0.00460825
0.00494658
0.00522368
0.0054299
0.00556015
0.00559003
-0.000117078
-9.75465e-05
1.17983e-05
0.000188478
0.000431053
0.000734312
0.00109147
0.0014944
0.00193373
0.00239891
0.0028784
0.00335968
0.00382963
0.00427474
0.00468147
0.00503669
0.00532819
0.00554549
0.00568297
0.005714
-0.000297112
-0.000277284
-0.000162207
2.3927e-05
0.00027975
0.000599874
0.000977283
0.00140359
0.00186908
0.00236282
0.00287279
0.00338596
0.00388842
0.00436576
0.00480336
0.00518681
0.00550248
0.00573847
0.00588817
0.00592217
-0.000555386
-0.000534902
-0.000411569
-0.000211849
6.29545e-05
0.000407186
0.000813486
0.00127307
0.00177577
0.00231014
0.0028635
0.00342213
0.00397108
0.00449471
0.00497688
0.00540132
0.00575234
0.00601586
0.00618369
0.00622242
-0.000898201
-0.000876835
-0.000742601
-0.000524972
-0.000225176
0.000150754
0.000594999
0.00109825
0.00164978
0.00223748
0.00284796
0.00346663
0.00407731
0.00466284
0.00520507
0.0056853
0.00608491
0.00638664
0.00657987
0.00662555
-0.00133363
-0.00131127
-0.00116334
-0.000923232
-0.000592082
-0.000176427
0.000315314
0.000873191
0.00148579
0.00214029
0.00282251
0.00351697
0.00420615
0.00487112
0.00549131
0.00604487
0.00650923
0.0068626
0.00709062
0.00714627
-0.00187198
-0.00184869
-0.00168407
-0.00141657
-0.00104723
-0.000583247
-3.38218e-05
0.000590305
0.00127694
0.00201252
0.00278208
0.00356936
0.00435556
0.00511986
0.00583898
0.00648715
0.00703659
0.00745912
0.00773456
0.0078046
-0.00252613
-0.00250217
-0.0023176
-0.00201732
-0.00160229
-0.00108063
-0.000462538
0.000240255
0.00101468
0.00184642
0.00271984
0.00361824
0.00452174
0.00540794
0.00625068
0.00701967
0.0076804
0.0081957
0.00853626
0.00862762
-0.00331192
-0.00328785
-0.00307967
-0.00274057
-0.00227145
-0.00168172
-0.000982959
-0.00018816
0.000688582
0.00163227
0.00262682
0.00365557
0.00469824
0.00573158
0.00672701
0.00764928
0.00845565
0.00909654
0.00952795
0.00965236
-0.00424893
-0.00422565
-0.00398967
-0.00360467
-0.00307174
-0.00240211
-0.00160928
-0.000708008
0.000286387
0.00135831
0.00249167
0.00367018
0.00487479
0.00608272
0.00726435
0.0083801
0.00937757
0.0101909
0.0107518
0.0109307
-0.00536164
-0.00534029
-0.00507159
-0.00463204
-0.00402356
-0.00326
-0.00235774
-0.00133401
-0.000205833
0.00101072
0.00230056
0.00364693
0.00503578
0.00644672
0.00785176
0.0092096
0.0104585
0.0115128
0.0122626
0.0125382
-0.00668153
-0.00666298
-0.00635566
-0.00585029
-0.00515137
-0.00427641
-0.00324624
-0.00208188
-0.000802882
0.000573855
0.00203419
0.00356592
0.00515878
0.00679932
0.00846629
0.0101223
0.0117005
0.0130977
0.0141297
0.0145895
-0.00825403
-0.00823535
-0.00788132
-0.00729418
-0.00648477
-0.00547518
-0.00429348
-0.00296676
-0.00151848
3.33824e-05
0.00167665
0.00340428
0.00521361
0.00710312
0.00906602
0.0110794
0.0130814
0.0149752
0.0164391
0.0172629
-0.0101132
-0.0101014
-0.00969777
-0.00900803
-0.00805992
-0.00688252
-0.00551735
-0.00400113
-0.00236285
-0.00062208
0.00121147
0.00313711
0.00516247
0.00730466
0.00958179
0.0120045
0.0145319
0.0171467
0.0192637
0.0208827
-0.012555
-0.0123889
-0.011901
-0.0110582
-0.00992326
-0.00852657
-0.00693285
-0.0051918
-0.00333945
-0.00139713
0.000627818
0.00274216
0.00496237
0.00733364
0.00990678
0.0127568
0.0158689
0.0194945
0.0225266
0.0259236
-0.0148676
-0.0150233
-0.0145187
-0.0135136
-0.0121275
-0.0104333
-0.0085466
-0.00653434
-0.00443963
-0.00228518
-7.6673e-05
0.00219768
0.00456669
0.00709531
0.00984518
0.0130296
0.0164762
0.0215586
0.0256098
0.033107
-0.0204319
-0.0182986
-0.0178404
-0.0163775
-0.0146278
-0.0125597
-0.0103173
-0.00798357
-0.00561647
-0.00324023
-0.000855312
0.00156527
0.0040767
0.00673147
0.00973
0.0133699
0.0172942
0.0241662
0.0300198
0.0430752
-0.022821
-0.0243097
-0.0230103
-0.0211489
-0.0185107
-0.0155122
-0.0125351
-0.00966578
-0.00692051
-0.00428988
-0.0017494
0.000709783
0.0030604
0.00554214
0.00727724
0.011621
0.0113287
0.0216307
0.0218171
0.0527042
-0.0467106
-0.024008
-0.0238691
-0.02162
-0.0186919
-0.0157873
-0.0129185
-0.0100715
-0.00730518
-0.00464179
-0.00208091
0.000410776
0.00281026
0.00538024
0.00792338
0.0120491
0.0163728
0.0306186
0.0515417
0.110875
1.14751e-05
3.19587e-05
0.000137242
0.000307732
0.000541496
0.000833328
0.00117652
0.00156307
0.00198377
0.00242832
0.00288546
0.00334318
0.00378891
0.00420987
0.00459338
0.00492732
0.0052006
0.0054038
0.00553169
0.00556152
-9.6562e-06
1.02539e-05
0.00011624
0.000287358
0.000522089
0.000815324
0.0011604
0.00154937
0.00197302
0.00242104
0.00288211
0.0033442
0.00379459
0.00422033
0.00460855
0.00494689
0.00522398
0.00543019
0.00556043
0.0055903
-0.000116317
-9.68123e-05
1.24841e-05
0.000189103
0.000431611
0.000734803
0.0010919
0.00149479
0.00193408
0.00239922
0.0028787
0.00335998
0.00382992
0.00427504
0.00468177
0.005037
0.0053285
0.00554579
0.00568326
0.00571428
-0.000296205
-0.000276409
-0.00016139
2.46683e-05
0.000280408
0.000600449
0.000977781
0.00140402
0.00186946
0.00236316
0.0028731
0.00338626
0.00388872
0.00436607
0.00480367
0.00518713
0.0055028
0.00573879
0.00588849
0.00592247
-0.000554277
-0.000533834
-0.000410573
-0.00021095
6.37463e-05
0.000407869
0.000814066
0.00127356
0.00177619
0.00231049
0.00286382
0.00342243
0.00397137
0.00449502
0.00497719
0.00540165
0.00575269
0.00601621
0.00618404
0.00622277
-0.000896826
-0.000875511
-0.000741372
-0.000523869
-0.000224215
0.000151569
0.000595675
0.00109881
0.00165023
0.00223785
0.00284828
0.00346692
0.0040776
0.00466314
0.00520539
0.00568565
0.00608529
0.00638704
0.00658028
0.00662597
-0.0013319
-0.00130961
-0.00116181
-0.000921873
-0.000590915
-0.000175457
0.000316097
0.000873807
0.00148626
0.00214066
0.0028228
0.00351722
0.0042064
0.00487138
0.00549162
0.00604523
0.00650965
0.00686306
0.00709111
0.00714678
-0.0018698
-0.0018466
-0.00168216
-0.00141489
-0.00104581
-0.000582099
-3.29305e-05
0.000590968
0.00127741
0.00201285
0.0027823
0.00356953
0.00435572
0.00512004
0.00583922
0.0064875
0.00703704
0.00745966
0.00773517
0.00780524
-0.00252337
-0.00249953
-0.0023152
-0.00201525
-0.00160058
-0.00107929
-0.000461546
0.000240935
0.0010151
0.00184663
0.00271992
0.00361824
0.00452173
0.00540798
0.00625083
0.00701996
0.00768085
0.00819631
0.00853699
0.00862841
-0.0033084
-0.0032845
-0.00307666
-0.002738
-0.00226939
-0.00168018
-0.000981891
-0.000187518
0.000688871
0.00163228
0.00262664
0.00365529
0.00469794
0.00573135
0.00672694
0.00764944
0.00845605
0.0090972
0.00952882
0.00965334
-0.00424443
-0.00422139
-0.00398589
-0.00360152
-0.00306929
-0.00240036
-0.00160819
-0.000707485
0.000286435
0.00135799
0.00249108
0.00366946
0.00487403
0.00608206
0.0072639
0.00837998
0.00937784
0.0101916
0.0107528
0.0109319
-0.00535588
-0.00533488
-0.00506685
-0.00462818
-0.00402066
-0.00325806
-0.00235669
-0.00133373
-0.000206182
0.00100988
0.0022994
0.00364553
0.00503432
0.00644537
0.0078507
0.00920899
0.0104584
0.0115134
0.0122637
0.0125396
-0.00667417
-0.00665611
-0.00634973
-0.00584559
-0.005148
-0.00427434
-0.00324535
-0.002082
-0.000803833
0.000572259
0.00203213
0.00356356
0.0051563
0.00679695
0.00846427
0.0101208
0.0116999
0.013098
0.0141309
0.0145912
-0.00824466
-0.00822667
-0.00787396
-0.00728851
-0.0064809
-0.00547305
-0.0042929
-0.00296749
-0.00152028
3.07526e-05
0.00167339
0.00340062
0.00520974
0.00709931
0.00906261
0.0110768
0.0130799
0.0149751
0.0164403
0.0172649
-0.0101013
-0.0100905
-0.0096887
-0.00900124
-0.00805555
-0.00688042
-0.00551725
-0.0040027
-0.00236576
-0.000626032
0.00120673
0.00313178
0.00515679
0.00729895
0.00957647
0.0120001
0.014529
0.0171457
0.0192646
0.0208851
-0.0125402
-0.0123754
-0.0118899
-0.0110501
-0.00991838
-0.00852461
-0.0069334
-0.00519442
-0.00334371
-0.00140268
0.000621275
0.00273488
0.00495448
0.00732555
0.00989901
0.01275
0.0158639
0.0194921
0.022527
0.0259264
-0.0148494
-0.0150068
-0.0145053
-0.0135042
-0.0121221
-0.0104315
-0.00854791
-0.00653815
-0.00444542
-0.00229248
-8.52156e-05
0.00218832
0.00455632
0.0070845
0.00983448
0.0130198
0.0164682
0.021554
0.0256088
0.03311
-0.0204101
-0.0182787
-0.0178246
-0.0163665
-0.0146217
-0.0125581
-0.0103193
-0.00798855
-0.00562378
-0.00324916
-0.000865889
0.0015531
0.0040642
0.00671849
0.00971752
0.0133581
0.0172845
0.0241601
0.0300182
0.0430784
-0.0227966
-0.0242872
-0.0229921
-0.0211362
-0.0185039
-0.0155106
-0.0125377
-0.00967171
-0.00692915
-0.0043
-0.00176153
0.000695883
0.00304466
0.00552525
0.00726028
0.0116043
0.011313
0.0216187
0.0218111
0.0527047
-0.0466816
-0.023981
-0.0238478
-0.0216055
-0.0186841
-0.0157853
-0.0129212
-0.0100778
-0.00731421
-0.00465273
-0.00209372
0.000396301
0.00279444
0.0053637
0.0079067
0.0120328
0.0163579
0.030608
0.051535
0.110876
1.17983e-05
3.22713e-05
0.000137536
0.000308001
0.000541738
0.000833544
0.00117671
0.00156324
0.00198393
0.00242847
0.00288561
0.00334333
0.00378906
0.00421002
0.00459353
0.00492747
0.00520075
0.00540394
0.00553183
0.00556165
-9.31177e-06
1.05871e-05
0.000116553
0.000287645
0.000522346
0.000815553
0.00116061
0.00154955
0.00197319
0.0024212
0.00288226
0.00334434
0.00379474
0.00422048
0.0046087
0.00494704
0.00522413
0.00543033
0.00556057
0.00559044
-0.000115926
-9.64341e-05
1.28387e-05
0.000189427
0.000431901
0.00073506
0.00109212
0.00149498
0.00193425
0.00239938
0.00287885
0.00336013
0.00383007
0.00427519
0.00468192
0.00503715
0.00532865
0.00554594
0.0056834
0.00571442
-0.000295742
-0.000275961
-0.000160971
2.50503e-05
0.000280748
0.000600746
0.000978038
0.00140424
0.00186965
0.00236333
0.00287326
0.00338641
0.00388887
0.00436622
0.00480383
0.00518728
0.00550296
0.00573895
0.00588864
0.00592263
-0.000553714
-0.000533289
-0.000410065
-0.000210489
6.41529e-05
0.00040822
0.000814364
0.00127381
0.0017764
0.00231067
0.00286399
0.00342258
0.00397152
0.00449517
0.00497735
0.00540182
0.00575286
0.00601639
0.00618422
0.00622294
-0.000896129
-0.000874838
-0.000740747
-0.000523306
-0.000223725
0.000151986
0.000596021
0.00109909
0.00165046
0.00223804
0.00284844
0.00346706
0.00407773
0.00466328
0.00520555
0.00568582
0.00608548
0.00638724
0.00658049
0.00662617
-0.00133103
-0.00130877
-0.00116104
-0.000921182
-0.000590321
-0.000174963
0.000316494
0.000874118
0.0014865
0.00214084
0.00282294
0.00351734
0.00420651
0.0048715
0.00549176
0.00604541
0.00650985
0.00686329
0.00709136
0.00714704
-0.00186871
-0.00184555
-0.00168119
-0.00141404
-0.00104509
-0.000581518
-3.248e-05
0.000591301
0.00127765
0.002013
0.0027824
0.0035696
0.00435578
0.00512013
0.00583934
0.00648765
0.00703725
0.00745992
0.00773546
0.00780555
-0.00252198
-0.0024982
-0.00231399
-0.0020142
-0.00159971
-0.00107861
-0.000461047
0.000241273
0.0010153
0.00184673
0.00271994
0.00361822
0.00452171
0.00540798
0.00625088
0.00702008
0.00768106
0.0081966
0.00853734
0.00862879
-0.00330664
-0.00328282
-0.00307515
-0.00273671
-0.00226835
-0.0016794
-0.000981357
-0.0001872
0.000689006
0.00163228
0.00262653
0.00365513
0.00469778
0.00573122
0.00672688
0.00764949
0.00845623
0.00909751
0.00952923
0.00965381
-0.00424218
-0.00421926
-0.00398399
-0.00359993
-0.00306805
-0.00239948
-0.00160764
-0.00070723
0.000286446
0.00135781
0.00249077
0.00366907
0.00487362
0.00608169
0.00726365
0.00837988
0.00937794
0.0101919
0.0107533
0.0109325
-0.00535302
-0.00533218
-0.00506448
-0.00462624
-0.00401921
-0.00325709
-0.00235616
-0.0013336
-0.00020637
0.00100944
0.0022988
0.0036448
0.00503356
0.00644466
0.00785012
0.00920863
0.0104584
0.0115137
0.0122642
0.0125403
-0.00667053
-0.00665271
-0.00634679
-0.00584324
-0.00514631
-0.0042733
-0.0032449
-0.00208207
-0.00080432
0.00057144
0.00203106
0.00356234
0.00515503
0.00679573
0.00846322
0.0101201
0.0116996
0.0130981
0.0141314
0.0145919
-0.00824007
-0.0082224
-0.00787032
-0.00728568
-0.00647896
-0.00547197
-0.0042926
-0.00296785
-0.00152118
2.94233e-05
0.00167174
0.00339875
0.00520777
0.00709738
0.00906088
0.0110754
0.0130791
0.0149749
0.0164407
0.0172657
-0.0100956
-0.0100852
-0.00968424
-0.00899788
-0.00805335
-0.00687934
-0.00551717
-0.00400345
-0.00236719
-0.000628004
0.00120434
0.00312909
0.00515393
0.00729609
0.00957382
0.0119979
0.0145275
0.0171451
0.0192648
0.0208859
-0.0125331
-0.0123689
-0.0118845
-0.0110462
-0.00991591
-0.00852356
-0.0069336
-0.00519565
-0.00334578
-0.00140541
0.000617998
0.00273114
0.00495055
0.00732156
0.00989522
0.0127467
0.0158615
0.0194908
0.0225269
0.0259272
-0.0148407
-0.0149989
-0.0144988
-0.0134996
-0.0121193
-0.0104305
-0.00854844
-0.00653993
-0.0044482
-0.00229603
-8.94757e-05
0.00218314
0.00455119
0.00707925
0.00982934
0.0130151
0.0164644
0.0215517
0.0256082
0.0331107
-0.0203999
-0.0182693
-0.017817
-0.0163611
-0.0146186
-0.0125571
-0.0103202
-0.00799086
-0.00562726
-0.00325342
-0.000870904
0.0015478
0.00405823
0.00671226
0.00971152
0.0133525
0.0172799
0.024157
0.0300172
0.0430793
-0.0227852
-0.0242766
-0.0229833
-0.02113
-0.0185004
-0.0155096
-0.0125387
-0.00967442
-0.00693324
-0.00430476
-0.00176727
0.00068944
0.00303726
0.00551732
0.00725236
0.0115964
0.011306
0.0216131
0.0218083
0.0527044
-0.0466683
-0.0239684
-0.0238378
-0.0215984
-0.0186801
-0.0157841
-0.0129223
-0.0100806
-0.00731847
-0.0046579
-0.00209981
0.000389428
0.00278694
0.00535586
0.00789884
0.0120252
0.016351
0.0306029
0.0515315
0.110876
1.18093e-05
3.22819e-05
0.000137545
0.000308009
0.000541745
0.00083355
0.00117671
0.00156325
0.00198393
0.00242847
0.00288561
0.00334333
0.00378906
0.00421002
0.00459352
0.00492747
0.00520075
0.00540394
0.00553182
0.00556165
-9.30129e-06
1.05972e-05
0.000116562
0.000287653
0.000522353
0.000815558
0.00116061
0.00154955
0.00197319
0.0024212
0.00288226
0.00334434
0.00379473
0.00422048
0.0046087
0.00494704
0.00522412
0.00543033
0.00556057
0.00559043
-0.000115916
-9.64249e-05
1.28473e-05
0.000189434
0.000431908
0.000735065
0.00109213
0.00149499
0.00193426
0.00239938
0.00287885
0.00336012
0.00383007
0.00427518
0.00468192
0.00503715
0.00532865
0.00554594
0.0056834
0.00571442
-0.000295733
-0.000275953
-0.000160963
2.50573e-05
0.000280754
0.000600752
0.000978042
0.00140425
0.00186965
0.00236333
0.00287326
0.00338641
0.00388886
0.00436622
0.00480383
0.00518728
0.00550296
0.00573895
0.00588864
0.00592262
-0.000553707
-0.000533282
-0.000410058
-0.000210483
6.41583e-05
0.000408224
0.000814368
0.00127381
0.0017764
0.00231068
0.00286399
0.00342258
0.00397152
0.00449517
0.00497735
0.00540182
0.00575286
0.00601639
0.00618421
0.00622294
-0.000896123
-0.000874832
-0.000740741
-0.000523301
-0.00022372
0.00015199
0.000596024
0.00109909
0.00165046
0.00223804
0.00284844
0.00346706
0.00407773
0.00466328
0.00520555
0.00568582
0.00608547
0.00638724
0.00658048
0.00662617
-0.00133103
-0.00130877
-0.00116103
-0.000921178
-0.000590317
-0.00017496
0.000316497
0.00087412
0.0014865
0.00214084
0.00282294
0.00351734
0.00420651
0.0048715
0.00549176
0.0060454
0.00650985
0.00686329
0.00709136
0.00714703
-0.0018687
-0.00184554
-0.00168119
-0.00141404
-0.00104509
-0.000581515
-3.2478e-05
0.000591303
0.00127765
0.002013
0.0027824
0.0035696
0.00435578
0.00512013
0.00583934
0.00648765
0.00703725
0.00745992
0.00773546
0.00780555
-0.00252197
-0.0024982
-0.00231399
-0.00201419
-0.00159971
-0.00107861
-0.000461045
0.000241274
0.0010153
0.00184673
0.00271994
0.00361822
0.00452171
0.00540798
0.00625088
0.00702008
0.00768106
0.0081966
0.00853734
0.00862879
-0.00330663
-0.00328282
-0.00307514
-0.00273671
-0.00226835
-0.00167939
-0.000981355
-0.000187199
0.000689007
0.00163228
0.00262653
0.00365513
0.00469778
0.00573122
0.00672688
0.00764949
0.00845623
0.00909751
0.00952923
0.00965381
-0.00424218
-0.00421926
-0.00398399
-0.00359993
-0.00306805
-0.00239947
-0.00160764
-0.000707229
0.000286447
0.00135781
0.00249077
0.00366907
0.00487362
0.00608169
0.00726365
0.00837988
0.00937793
0.0101919
0.0107533
0.0109325
-0.00535302
-0.00533218
-0.00506448
-0.00462624
-0.00401921
-0.00325709
-0.00235616
-0.0013336
-0.000206369
0.00100944
0.00229879
0.0036448
0.00503356
0.00644466
0.00785012
0.00920863
0.0104584
0.0115137
0.0122642
0.0125403
-0.00667053
-0.00665271
-0.00634679
-0.00584324
-0.00514631
-0.0042733
-0.0032449
-0.00208207
-0.000804319
0.00057144
0.00203106
0.00356234
0.00515503
0.00679573
0.00846322
0.0101201
0.0116996
0.0130981
0.0141314
0.0145919
-0.00824007
-0.0082224
-0.00787032
-0.00728568
-0.00647896
-0.00547197
-0.0042926
-0.00296785
-0.00152118
2.94232e-05
0.00167174
0.00339875
0.00520778
0.00709738
0.00906088
0.0110754
0.0130791
0.0149749
0.0164407
0.0172657
-0.0100956
-0.0100852
-0.00968424
-0.00899788
-0.00805335
-0.00687934
-0.00551717
-0.00400345
-0.00236719
-0.000628004
0.00120434
0.00312909
0.00515393
0.00729609
0.00957383
0.0119979
0.0145275
0.0171451
0.0192648
0.0208859
-0.0125331
-0.0123689
-0.0118845
-0.0110462
-0.00991591
-0.00852357
-0.0069336
-0.00519565
-0.00334578
-0.00140541
0.000617998
0.00273114
0.00495055
0.00732156
0.00989522
0.0127467
0.0158615
0.0194908
0.0225269
0.0259272
-0.0148407
-0.0149989
-0.0144988
-0.0134996
-0.0121193
-0.0104305
-0.00854844
-0.00653993
-0.0044482
-0.00229603
-8.94749e-05
0.00218314
0.00455119
0.00707925
0.00982934
0.0130151
0.0164644
0.0215517
0.0256082
0.0331107
-0.0203999
-0.0182693
-0.017817
-0.0163611
-0.0146186
-0.0125571
-0.0103202
-0.00799086
-0.00562726
-0.00325342
-0.000870903
0.0015478
0.00405823
0.00671226
0.00971152
0.0133525
0.0172799
0.024157
0.0300172
0.0430793
-0.0227852
-0.0242766
-0.0229833
-0.02113
-0.0185004
-0.0155096
-0.0125387
-0.00967442
-0.00693324
-0.00430476
-0.00176727
0.000689441
0.00303727
0.00551733
0.00725236
0.0115964
0.011306
0.0216131
0.0218083
0.0527044
-0.0466683
-0.0239684
-0.0238378
-0.0215984
-0.0186801
-0.0157841
-0.0129223
-0.0100806
-0.00731847
-0.0046579
-0.00209981
0.00038943
0.00278694
0.00535586
0.00789884
0.0120252
0.016351
0.0306029
0.0515315
0.110876
1.15093e-05
3.19913e-05
0.000137272
0.000307758
0.000541518
0.000833346
0.00117653
0.00156308
0.00198378
0.00242833
0.00288547
0.00334318
0.00378891
0.00420986
0.00459337
0.00492731
0.00520059
0.00540379
0.00553168
0.0055615
-9.62363e-06
1.02851e-05
0.000116269
0.000287384
0.00052211
0.000815341
0.00116042
0.00154938
0.00197303
0.00242105
0.00288211
0.0033442
0.00379459
0.00422033
0.00460854
0.00494688
0.00522397
0.00543018
0.00556042
0.00559029
-0.000116287
-9.67837e-05
1.25105e-05
0.000189126
0.000431631
0.00073482
0.00109191
0.0014948
0.00193408
0.00239922
0.0028787
0.00335998
0.00382992
0.00427503
0.00468177
0.00503699
0.00532849
0.00554578
0.00568325
0.00571427
-0.000296178
-0.000276384
-0.000161367
2.46896e-05
0.000280426
0.000600464
0.000977793
0.00140403
0.00186946
0.00236316
0.0028731
0.00338626
0.00388871
0.00436606
0.00480367
0.00518712
0.0055028
0.00573878
0.00588848
0.00592246
-0.000554255
-0.000533812
-0.000410553
-0.000210931
6.37627e-05
0.000407882
0.000814077
0.00127357
0.00177619
0.0023105
0.00286383
0.00342243
0.00397137
0.00449501
0.00497719
0.00540165
0.00575268
0.00601621
0.00618403
0.00622276
-0.000896807
-0.000875492
-0.000741356
-0.000523854
-0.000224202
0.000151581
0.000595685
0.00109881
0.00165024
0.00223786
0.00284828
0.00346692
0.00407759
0.00466313
0.00520539
0.00568565
0.00608528
0.00638703
0.00658027
0.00662596
-0.00133189
-0.0013096
-0.0011618
-0.000921861
-0.000590904
-0.000175447
0.000316104
0.000873813
0.00148627
0.00214066
0.0028228
0.00351722
0.0042064
0.00487138
0.00549161
0.00604523
0.00650964
0.00686306
0.00709111
0.00714678
-0.00186979
-0.00184659
-0.00168215
-0.00141488
-0.0010458
-0.000582092
-3.29244e-05
0.000590973
0.00127742
0.00201285
0.0027823
0.00356953
0.00435572
0.00512004
0.00583922
0.0064875
0.00703704
0.00745965
0.00773516
0.00780523
-0.00252336
-0.00249952
-0.00231519
-0.00201524
-0.00160057
-0.00107928
-0.000461541
0.000240938
0.0010151
0.00184664
0.00271992
0.00361824
0.00452173
0.00540798
0.00625083
0.00701996
0.00768085
0.0081963
0.00853699
0.00862841
-0.0033084
-0.0032845
-0.00307665
-0.002738
-0.00226938
-0.00168017
-0.000981887
-0.000187515
0.000688873
0.00163228
0.00262664
0.00365529
0.00469795
0.00573135
0.00672694
0.00764943
0.00845605
0.0090972
0.00952882
0.00965334
-0.00424443
-0.00422138
-0.00398588
-0.00360151
-0.00306928
-0.00240035
-0.00160818
-0.000707483
0.000286436
0.00135799
0.00249108
0.00366946
0.00487403
0.00608206
0.00726391
0.00837998
0.00937784
0.0101916
0.0107528
0.0109319
-0.00535587
-0.00533487
-0.00506684
-0.00462817
-0.00402066
-0.00325806
-0.00235669
-0.00133373
-0.00020618
0.00100988
0.0022994
0.00364553
0.00503432
0.00644537
0.0078507
0.00920899
0.0104584
0.0115134
0.0122637
0.0125396
-0.00667417
-0.00665611
-0.00634973
-0.00584559
-0.005148
-0.00427434
-0.00324535
-0.002082
-0.000803832
0.000572259
0.00203213
0.00356356
0.0051563
0.00679695
0.00846427
0.0101208
0.0116999
0.013098
0.0141309
0.0145912
-0.00824466
-0.00822667
-0.00787396
-0.00728851
-0.0064809
-0.00547305
-0.0042929
-0.00296749
-0.00152028
3.07522e-05
0.00167339
0.00340062
0.00520974
0.00709931
0.00906261
0.0110768
0.0130799
0.0149751
0.0164403
0.0172649
-0.0101013
-0.0100905
-0.0096887
-0.00900125
-0.00805555
-0.00688043
-0.00551726
-0.0040027
-0.00236576
-0.000626033
0.00120673
0.00313178
0.00515679
0.00729895
0.00957648
0.0120001
0.014529
0.0171457
0.0192646
0.0208851
-0.0125402
-0.0123754
-0.0118899
-0.0110501
-0.00991839
-0.00852462
-0.0069334
-0.00519442
-0.00334371
-0.00140268
0.000621276
0.00273488
0.00495448
0.00732555
0.00989902
0.01275
0.0158639
0.0194921
0.022527
0.0259264
-0.0148494
-0.0150068
-0.0145053
-0.0135042
-0.0121221
-0.0104315
-0.00854792
-0.00653815
-0.00444542
-0.00229248
-8.52131e-05
0.00218833
0.00455632
0.0070845
0.00983448
0.0130198
0.0164682
0.021554
0.0256089
0.03311
-0.0204101
-0.0182787
-0.0178246
-0.0163665
-0.0146217
-0.0125581
-0.0103193
-0.00798856
-0.00562378
-0.00324916
-0.000865884
0.0015531
0.0040642
0.00671849
0.00971752
0.0133581
0.0172845
0.0241601
0.0300182
0.0430784
-0.0227966
-0.0242872
-0.0229921
-0.0211362
-0.0185039
-0.0155106
-0.0125377
-0.00967172
-0.00692915
-0.00429999
-0.00176153
0.000695886
0.00304466
0.00552526
0.00726028
0.0116043
0.011313
0.0216187
0.0218111
0.0527047
-0.0466816
-0.023981
-0.0238478
-0.0216055
-0.0186841
-0.0157853
-0.0129212
-0.0100778
-0.00731421
-0.00465273
-0.00209372
0.000396305
0.00279445
0.0053637
0.0079067
0.0120328
0.0163579
0.030608
0.051535
0.110876
1.09143e-05
3.14177e-05
0.000136736
0.000307268
0.000541077
0.000832951
0.00117618
0.00156276
0.00198348
0.00242804
0.00288518
0.0033429
0.00378862
0.00420956
0.00459306
0.00492701
0.00520029
0.00540349
0.00553139
0.00556122
-1.02645e-05
9.6672e-06
0.000115691
0.000286855
0.000521636
0.000814918
0.00116004
0.00154904
0.00197272
0.00242075
0.00288182
0.00334391
0.00379429
0.00422003
0.00460824
0.00494657
0.00522366
0.00542988
0.00556013
0.00559001
-0.000117025
-9.74956e-05
1.18448e-05
0.000188519
0.000431088
0.00073434
0.00109149
0.00149442
0.00193374
0.00239891
0.0028784
0.00335968
0.00382962
0.00427473
0.00468146
0.00503668
0.00532818
0.00554548
0.00568295
0.00571398
-0.000297065
-0.00027724
-0.000162166
2.39634e-05
0.000279781
0.0005999
0.000977304
0.0014036
0.00186909
0.00236283
0.00287279
0.00338596
0.00388841
0.00436576
0.00480335
0.0051868
0.00550247
0.00573846
0.00588816
0.00592215
-0.000555346
-0.000534864
-0.000411534
-0.000211818
6.29816e-05
0.000407209
0.000813504
0.00127308
0.00177578
0.00231014
0.0028635
0.00342213
0.00397107
0.00449471
0.00497687
0.00540131
0.00575233
0.00601585
0.00618367
0.00622241
-0.000898169
-0.000876804
-0.000742573
-0.000524946
-0.000225154
0.000150773
0.000595014
0.00109827
0.00164979
0.00223749
0.00284797
0.00346663
0.00407731
0.00466283
0.00520507
0.00568529
0.0060849
0.00638663
0.00657986
0.00662554
-0.0013336
-0.00131124
-0.00116332
-0.000923213
-0.000592065
-0.000176412
0.000315327
0.000873202
0.0014858
0.0021403
0.00282251
0.00351697
0.00420615
0.00487111
0.00549131
0.00604487
0.00650922
0.00686259
0.00709061
0.00714626
-0.00187196
-0.00184867
-0.00168406
-0.00141656
-0.00104721
-0.000583235
-3.38115e-05
0.000590314
0.00127695
0.00201253
0.00278208
0.00356936
0.00435556
0.00511986
0.00583898
0.00648714
0.00703659
0.00745911
0.00773455
0.0078046
-0.00252611
-0.00250215
-0.00231758
-0.00201731
-0.00160228
-0.00108062
-0.000462529
0.000240262
0.00101468
0.00184642
0.00271984
0.00361824
0.00452174
0.00540794
0.00625068
0.00701966
0.0076804
0.00819569
0.00853625
0.00862761
-0.00331191
-0.00328784
-0.00307966
-0.00274056
-0.00227144
-0.00168172
-0.000982952
-0.000188155
0.000688586
0.00163227
0.00262682
0.00365557
0.00469824
0.00573158
0.00672701
0.00764928
0.00845564
0.00909654
0.00952795
0.00965236
-0.00424893
-0.00422564
-0.00398966
-0.00360466
-0.00307173
-0.0024021
-0.00160928
-0.000708004
0.000286391
0.00135832
0.00249168
0.00367019
0.00487479
0.00608272
0.00726435
0.0083801
0.00937757
0.0101909
0.0107518
0.0109307
-0.00536163
-0.00534029
-0.00507158
-0.00463203
-0.00402355
-0.00325999
-0.00235773
-0.00133401
-0.00020583
0.00101072
0.00230057
0.00364693
0.00503578
0.00644672
0.00785177
0.0092096
0.0104585
0.0115128
0.0122626
0.0125382
-0.00668153
-0.00666298
-0.00635565
-0.00585029
-0.00515137
-0.00427641
-0.00324624
-0.00208188
-0.000802881
0.000573855
0.00203419
0.00356592
0.00515878
0.00679933
0.0084663
0.0101223
0.0117005
0.0130977
0.0141297
0.0145895
-0.00825403
-0.00823535
-0.00788131
-0.00729418
-0.00648477
-0.00547518
-0.00429348
-0.00296676
-0.00151848
3.33812e-05
0.00167665
0.00340428
0.00521361
0.00710312
0.00906603
0.0110794
0.0130814
0.0149752
0.0164391
0.0172629
-0.0101132
-0.0101014
-0.00969777
-0.00900803
-0.00805993
-0.00688252
-0.00551735
-0.00400113
-0.00236285
-0.000622082
0.00121148
0.00313711
0.00516247
0.00730467
0.0095818
0.0120045
0.0145319
0.0171467
0.0192637
0.0208827
-0.012555
-0.0123889
-0.011901
-0.0110582
-0.00992327
-0.00852658
-0.00693285
-0.00519181
-0.00333946
-0.00139714
0.000627821
0.00274216
0.00496237
0.00733365
0.00990678
0.0127568
0.0158689
0.0194945
0.0225266
0.0259236
-0.0148676
-0.0150233
-0.0145187
-0.0135136
-0.0121275
-0.0104333
-0.00854661
-0.00653435
-0.00443964
-0.00228518
-7.66695e-05
0.00219768
0.00456669
0.00709531
0.00984518
0.0130296
0.0164762
0.0215586
0.0256098
0.033107
-0.0204319
-0.0182986
-0.0178404
-0.0163775
-0.0146278
-0.0125597
-0.0103173
-0.00798358
-0.00561647
-0.00324023
-0.000855306
0.00156527
0.00407671
0.00673147
0.00973001
0.0133699
0.0172942
0.0241662
0.0300198
0.0430752
-0.022821
-0.0243097
-0.0230103
-0.0211489
-0.0185107
-0.0155122
-0.0125351
-0.00966579
-0.00692051
-0.00428987
-0.0017494
0.000709788
0.0030604
0.00554215
0.00727724
0.011621
0.0113287
0.0216307
0.0218171
0.0527042
-0.0467106
-0.024008
-0.0238691
-0.02162
-0.0186919
-0.0157873
-0.0129186
-0.0100715
-0.00730518
-0.00464179
-0.0020809
0.000410782
0.00281027
0.00538024
0.00792338
0.0120491
0.0163728
0.0306186
0.0515417
0.110875
1.00552e-05
3.05976e-05
0.000135976
0.000306579
0.000540462
0.000832403
0.00117568
0.00156231
0.00198306
0.00242763
0.00288477
0.00334248
0.00378818
0.00420911
0.0045926
0.00492654
0.00519982
0.00540304
0.00553096
0.00556082
-1.11978e-05
8.77496e-06
0.000114863
0.000286105
0.000520966
0.000814325
0.00115951
0.00154856
0.00197227
0.00242033
0.00288141
0.00334349
0.00379386
0.00421958
0.00460778
0.00494611
0.00522321
0.00542944
0.00555971
0.00558962
-0.000118107
-9.85323e-05
1.08819e-05
0.000187647
0.000430312
0.000733657
0.00109089
0.00149389
0.00193326
0.00239846
0.00287797
0.00335925
0.00382918
0.00427428
0.00468099
0.00503621
0.00532772
0.00554503
0.00568252
0.00571358
-0.000298372
-0.000278493
-0.00016333
2.29115e-05
0.000278851
0.000599089
0.000976601
0.00140299
0.00186855
0.00236234
0.00287234
0.00338552
0.00388797
0.0043653
0.00480288
0.00518631
0.00550199
0.00573798
0.0058877
0.00592172
-0.000556959
-0.000536412
-0.000412969
-0.000213109
6.18482e-05
0.000406233
0.000812675
0.00127238
0.00177518
0.00230961
0.00286303
0.00342167
0.00397062
0.00449424
0.00497638
0.0054008
0.00575181
0.00601533
0.00618316
0.00622191
-0.000900184
-0.000878736
-0.000744359
-0.000526544
-0.000226542
0.000149597
0.000594036
0.00109746
0.00164913
0.00223693
0.00284748
0.00346618
0.00407686
0.00466237
0.00520456
0.00568475
0.00608432
0.00638602
0.00657925
0.00662495
-0.00133614
-0.00131367
-0.00116556
-0.000925195
-0.000593764
-0.000177824
0.000314185
0.000872298
0.00148509
0.00213974
0.00282206
0.00351656
0.00420575
0.00487068
0.00549081
0.00604429
0.00650857
0.00686188
0.00708986
0.00714552
-0.00187518
-0.00185174
-0.00168687
-0.00141902
-0.00104929
-0.000584917
-3.51232e-05
0.00058933
0.00127624
0.00201203
0.00278172
0.00356907
0.00435527
0.00511951
0.00583852
0.00648656
0.00703586
0.00745826
0.00773362
0.00780364
-0.00253022
-0.00250606
-0.00232112
-0.00202037
-0.0016048
-0.0010826
-0.000464
0.000239241
0.00101403
0.00184606
0.00271968
0.00361817
0.00452167
0.00540778
0.00625036
0.00701913
0.00767962
0.00819469
0.00853509
0.00862638
-0.00331718
-0.00329283
-0.00308413
-0.00274435
-0.00227449
-0.00168401
-0.000984548
-0.000189137
0.000688111
0.00163219
0.002627
0.00365589
0.00469857
0.00573179
0.00672698
0.00764892
0.00845489
0.00909539
0.0095265
0.00965077
-0.0042557
-0.00423202
-0.00399531
-0.00360936
-0.00307538
-0.00240471
-0.00161093
-0.000708821
0.000286256
0.00135871
0.00249245
0.00367114
0.00487577
0.00608355
0.00726485
0.0083801
0.00937696
0.0101897
0.0107501
0.0109287
-0.00537037
-0.00534846
-0.00507871
-0.00463781
-0.00402787
-0.00326287
-0.00235931
-0.00133448
-0.000205386
0.00101186
0.00230219
0.00364885
0.00503778
0.00644856
0.00785316
0.0092103
0.0104582
0.0115115
0.0122605
0.0125356
-0.00669281
-0.00667345
-0.00636462
-0.00585735
-0.0051564
-0.00427948
-0.00324756
-0.00208172
-0.000801528
0.000576129
0.00203713
0.00356928
0.0051623
0.00680269
0.00846912
0.0101241
0.0117011
0.0130967
0.0141274
0.0145862
-0.00826857
-0.00824872
-0.00789255
-0.00730275
-0.00649053
-0.0054783
-0.00429428
-0.00296564
-0.00151582
3.72325e-05
0.00168137
0.00340961
0.00521926
0.00710869
0.009071
0.0110832
0.0130834
0.0149749
0.0164367
0.0172588
-0.0101318
-0.0101184
-0.00971175
-0.00901831
-0.00806639
-0.00688548
-0.00551731
-0.00399864
-0.00235842
-0.000616154
0.00121854
0.003145
0.00517095
0.00731325
0.0095898
0.012011
0.0145362
0.0171477
0.0192614
0.0208775
-0.0125785
-0.0124102
-0.0119182
-0.0110704
-0.00993039
-0.00852914
-0.00693162
-0.00518753
-0.0033328
-0.00138864
0.000637739
0.00275313
0.00497439
0.00734611
0.00991882
0.0127672
0.0158766
0.0194976
0.022525
0.0259171
-0.0148973
-0.0150499
-0.0145396
-0.0135279
-0.0121353
-0.0104352
-0.0085439
-0.00652796
-0.0044304
-0.00227373
-6.3438e-05
0.00221208
0.00458285
0.00711236
0.00986227
0.0130453
0.0164895
0.0215658
0.0256104
0.033099
-0.0204681
-0.0183311
-0.0178655
-0.0163942
-0.0146363
-0.0125611
-0.0103131
-0.00797503
-0.0056046
-0.00322586
-0.000838474
0.0015847
0.0040966
0.0067522
0.00975005
0.0133889
0.0173103
0.0241756
0.030021
0.0430652
-0.022862
-0.0243467
-0.0230396
-0.021168
-0.0185198
-0.0155131
-0.0125295
-0.00965533
-0.00690627
-0.00427325
-0.00172978
0.000732307
0.0030862
0.00557008
0.00730582
0.0116486
0.0113578
0.0216514
0.0218278
0.0526974
-0.0467612
-0.0240543
-0.0239043
-0.0216428
-0.018703
-0.0157887
-0.0129127
-0.0100604
-0.00729015
-0.00462384
-0.00206015
0.000434212
0.00283599
0.00540729
0.00795103
0.0120762
0.0163984
0.0306352
0.05155
0.110861
8.97649e-06
2.95873e-05
0.000135053
0.000305757
0.000539735
0.000831761
0.00117511
0.00156178
0.00198255
0.00242713
0.00288426
0.00334194
0.00378761
0.00420851
0.00459197
0.0049259
0.00519919
0.00540244
0.00553041
0.00556031
-1.23908e-05
7.65378e-06
0.000113837
0.000285188
0.000520157
0.000813612
0.00115888
0.00154799
0.00197174
0.00241981
0.00288088
0.00334295
0.00379329
0.00421898
0.00460716
0.00494548
0.0052226
0.00542886
0.00555918
0.00558913
-0.000119508
-9.98537e-05
9.6689e-06
0.000186562
0.000429356
0.00073282
0.00109015
0.00149323
0.00193267
0.0023979
0.00287742
0.00335869
0.00382861
0.00427368
0.00468038
0.00503559
0.00532711
0.00554445
0.00568199
0.0057131
-0.000300076
-0.000280106
-0.000164813
2.15841e-05
0.000277685
0.000598077
0.000975727
0.00140223
0.00186788
0.00236172
0.00287175
0.00338494
0.00388738
0.00436469
0.00480225
0.00518567
0.00550135
0.00573738
0.00588714
0.00592121
-0.000559069
-0.000538413
-0.00041481
-0.000214753
6.04133e-05
0.000405001
0.000811627
0.00127149
0.00177442
0.00230894
0.00286241
0.00342107
0.00397001
0.00449361
0.00497572
0.00540012
0.00575112
0.00601465
0.00618252
0.00622133
-0.000902824
-0.000881243
-0.00074666
-0.000528589
-0.000228312
0.000148098
0.000592787
0.00109643
0.00164827
0.0022362
0.00284684
0.00346557
0.00407625
0.00466173
0.00520387
0.00568401
0.00608354
0.00638523
0.00657847
0.00662422
-0.00133947
-0.00131683
-0.00116845
-0.000927746
-0.000595946
-0.000179638
0.000312712
0.000871122
0.00148416
0.00213899
0.00282142
0.00351598
0.00420517
0.00487005
0.0054901
0.00604348
0.00650766
0.00686092
0.00708888
0.00714458
-0.00187941
-0.00185575
-0.00169051
-0.00142221
-0.00105197
-0.000587093
-3.6832e-05
0.00058803
0.00127527
0.00201131
0.00278117
0.0035686
0.0043548
0.00511896
0.00583783
0.00648569
0.00703482
0.00745708
0.00773235
0.00780238
-0.00253563
-0.00251118
-0.00232574
-0.00202435
-0.00160808
-0.00108518
-0.000465936
0.000237866
0.00101312
0.0018455
0.00271935
0.00361795
0.00452144
0.00540744
0.00624981
0.00701828
0.00767846
0.00819325
0.00853344
0.00862469
-0.00332415
-0.0032994
-0.00308999
-0.00274931
-0.00227847
-0.00168702
-0.000986669
-0.000190488
0.00068739
0.00163195
0.00262709
0.00365613
0.0046988
0.00573185
0.00672672
0.00764821
0.00845366
0.00909366
0.00952438
0.00964849
-0.00426475
-0.00424049
-0.00400276
-0.00361553
-0.00308017
-0.00240815
-0.00161314
-0.000709981
0.00028595
0.00135905
0.00249324
0.00367216
0.0048768
0.00608436
0.00726521
0.00837979
0.00937583
0.0101877
0.0107474
0.0109256
-0.00538217
-0.00535942
-0.0050882
-0.00464546
-0.00403356
-0.00326668
-0.00236144
-0.00133518
-0.000204955
0.00101315
0.00230401
0.00365109
0.0050401
0.00645062
0.00785463
0.00921081
0.0104575
0.0115096
0.0122572
0.0125315
-0.00670825
-0.00668766
-0.00637669
-0.00586677
-0.00516304
-0.00428352
-0.00324931
-0.00208159
-0.000799897
0.000578904
0.00204076
0.00357338
0.00516659
0.00680675
0.00847244
0.0101262
0.0117013
0.0130947
0.0141233
0.0145807
-0.00828882
-0.00826715
-0.00790783
-0.00731422
-0.00649811
-0.00548231
-0.00429525
-0.00296414
-0.00151239
4.21339e-05
0.00168736
0.00341634
0.00522641
0.00711575
0.00907725
0.0110878
0.0130854
0.0149735
0.016432
0.0172515
-0.0101584
-0.0101422
-0.009731
-0.00903211
-0.0080748
-0.00688908
-0.00551694
-0.00399511
-0.00235247
-0.000608357
0.00122773
0.00315524
0.00518204
0.00732457
0.0096004
0.0120197
0.0145415
0.0171479
0.0192565
0.0208676
-0.0126127
-0.0124407
-0.0119422
-0.0110867
-0.00993942
-0.00853186
-0.00692925
-0.00518124
-0.00332354
-0.00137712
0.000650986
0.00276776
0.0049906
0.00736317
0.00993548
0.0127818
0.0158872
0.0195011
0.0225209
0.0259038
-0.0149417
-0.0150885
-0.0145693
-0.0135471
-0.0121447
-0.0104366
-0.00853894
-0.00651823
-0.00441712
-0.0022577
-4.51461e-05
0.00223236
0.00460546
0.00713656
0.00988698
0.0130684
0.0165099
0.0215759
0.0256102
0.0330818
-0.0205241
-0.0183798
-0.0179015
-0.0164167
-0.0146463
-0.0125611
-0.0103053
-0.00796163
-0.00558708
-0.00320504
-0.000814385
0.00161219
0.0041252
0.00678216
0.00977932
0.0134169
0.0173352
0.0241892
0.0300209
0.0430426
-0.0229262
-0.0244024
-0.0230817
-0.0211932
-0.0185297
-0.0155111
-0.0125187
-0.00963837
-0.00688476
-0.00424856
-0.001701
0.000765389
0.00312497
0.00561208
0.00735073
0.0116904
0.0114088
0.0216849
0.0218469
0.0526773
-0.0468439
-0.0241278
-0.0239574
-0.0216744
-0.018716
-0.0157875
-0.0129016
-0.0100424
-0.00726735
-0.00459723
-0.00202971
0.000468694
0.00287425
0.00544777
0.00799338
0.0121182
0.0164395
0.0306589
0.0515557
0.110819
7.73917e-06
2.84854e-05
0.000134083
0.000304924
0.00053902
0.000831136
0.00117455
0.00156125
0.00198202
0.00242658
0.00288367
0.00334129
0.0037869
0.00420773
0.00459114
0.00492504
0.00519835
0.00540166
0.0055297
0.00555972
-1.38141e-05
6.36688e-06
0.00011269
0.000284191
0.000519296
0.000812863
0.00115821
0.00154738
0.00197115
0.00241922
0.00288028
0.0033423
0.0037926
0.00421824
0.00460638
0.00494469
0.00522182
0.00542815
0.00555855
0.00558862
-0.000121211
-0.000101409
8.27055e-06
0.000185336
0.000428294
0.0007319
0.00108935
0.00149251
0.001932
0.00239726
0.00287678
0.00335803
0.00382791
0.00427294
0.00467961
0.00503481
0.00532635
0.00554376
0.00568139
0.00571265
-0.000302169
-0.000282032
-0.000166555
2.00503e-05
0.000276354
0.000596931
0.000974737
0.00140137
0.0018671
0.00236101
0.00287106
0.00338424
0.00388666
0.00436394
0.00480147
0.00518488
0.00550058
0.00573667
0.00588652
0.00592075
-0.000561665
-0.000540817
-0.000416991
-0.000216677
5.87483e-05
0.000403577
0.000810416
0.00127046
0.00177352
0.00230813
0.00286165
0.00342033
0.00396926
0.00449283
0.00497489
0.00539927
0.00575028
0.00601386
0.00618182
0.00622079
-0.000906068
-0.00088426
-0.000749401
-0.000531002
-0.000230388
0.000146343
0.00059132
0.00109521
0.00164724
0.00223531
0.00284603
0.00346479
0.00407546
0.00466089
0.00520298
0.00568305
0.00608256
0.00638429
0.0065776
0.00662352
-0.00134355
-0.00132065
-0.0011719
-0.000930773
-0.000598524
-0.000181784
0.000310957
0.000869704
0.00148301
0.00213804
0.00282059
0.0035152
0.00420437
0.00486918
0.00548912
0.00604239
0.0065065
0.00685973
0.00708773
0.0071436
-0.00188461
-0.0018606
-0.00169489
-0.00142601
-0.00105516
-0.000589695
-3.88952e-05
0.000586429
0.00127404
0.00201036
0.00278039
0.00356789
0.00435406
0.00511811
0.00583681
0.00648447
0.00703342
0.00745556
0.00773079
0.00780095
-0.0025423
-0.00251739
-0.00233131
-0.00202912
-0.00161201
-0.0010883
-0.000468307
0.000236134
0.0010119
0.00184466
0.00271875
0.00361745
0.0045209
0.00540673
0.00624882
0.00701696
0.00767678
0.00819129
0.00853131
0.00862265
-0.00333279
-0.00330742
-0.00309711
-0.00275532
-0.00228328
-0.00169069
-0.000989304
-0.000192243
0.000686339
0.00163142
0.00262691
0.00365608
0.00469871
0.00573152
0.00672598
0.00764691
0.00845173
0.00909117
0.00952147
0.00964555
-0.00427605
-0.00425093
-0.0040119
-0.00362306
-0.003086
-0.00241237
-0.00161592
-0.000711563
0.000285325
0.00135914
0.00249382
0.00367294
0.00487755
0.0060848
0.00726504
0.00837877
0.00937378
0.0101846
0.0107434
0.0109214
-0.00539709
-0.00537311
-0.00509996
-0.00465487
-0.00404053
-0.00327138
-0.00236416
-0.00133626
-0.000204747
0.00101431
0.00230584
0.00365327
0.0050423
0.00645248
0.00785568
0.00921059
0.0104557
0.0115058
0.0122519
0.0125254
-0.00672812
-0.00670569
-0.00639182
-0.00587844
-0.0051712
-0.00428849
-0.00325157
-0.00208165
-0.000798256
0.000581822
0.00204455
0.00357776
0.00517115
0.00681098
0.0084757
0.0101277
0.0117003
0.0130907
0.0141165
0.014572
-0.00831545
-0.00829098
-0.00792728
-0.00732854
-0.00650739
-0.00548713
-0.00429641
-0.00296242
-0.00150846
4.77079e-05
0.00169412
0.00342395
0.00523454
0.00712376
0.00908422
0.0110926
0.0130868
0.01497
0.0164236
0.0172389
-0.0101943
-0.0101737
-0.00975587
-0.00904939
-0.00808489
-0.00689305
-0.00551606
-0.00399055
-0.00234517
-0.000599019
0.00123855
0.00316718
0.00519524
0.00733824
0.00961322
0.01203
0.0145474
0.0171462
0.0192472
0.0208493
-0.0126604
-0.0124821
-0.0119737
-0.0111071
-0.00994969
-0.00853393
-0.00692512
-0.00517257
-0.00331158
-0.00136276
0.000667014
0.00278484
0.00501066
0.00738486
0.00995693
0.0128007
0.0159012
0.0195041
0.0225123
0.0258772
-0.0150065
-0.0151426
-0.0146087
-0.0135706
-0.0121543
-0.0104355
-0.00853016
-0.00650411
-0.00439917
-0.00223687
-2.22814e-05
0.00225533
0.00463461
0.00716896
0.00992083
0.0131009
0.0165411
0.0215906
0.0256095
0.0330444
-0.0206096
-0.0184506
-0.0179506
-0.016444
-0.0146549
-0.0125559
-0.0102909
-0.00794117
-0.00556239
-0.00317665
-0.000781419
0.0016523
0.00416486
0.00682351
0.00982033
0.0134569
0.0173746
0.02421
0.0300208
0.0429911
-0.0230281
-0.0244827
-0.0231377
-0.0212201
-0.0185334
-0.0154992
-0.0124969
-0.00961074
-0.00685314
-0.00421344
-0.00166075
0.000812804
0.00318145
0.00567165
0.0074224
0.011752
0.0115046
0.0217442
0.0218953
0.0526213
-0.0469848
-0.0242461
-0.0240358
-0.0217148
-0.0187262
-0.0157776
-0.0128794
-0.0100132
-0.00723358
-0.00455953
-0.00198719
0.000517323
0.00292924
0.00550647
0.0080568
0.0121817
0.0165076
0.0306926
0.0515517
0.110689
6.40559e-06
2.73952e-05
0.000133162
0.000304165
0.000538385
0.000830591
0.00117405
0.00156077
0.00198153
0.00242602
0.00288303
0.00334054
0.00378603
0.00420676
0.00459008
0.00492394
0.00519726
0.00540064
0.0055288
0.00555906
-1.54671e-05
4.98161e-06
0.000111498
0.000283192
0.000518454
0.000812141
0.00115757
0.00154679
0.00197057
0.00241862
0.00287963
0.00334158
0.0037918
0.00421736
0.00460544
0.00494372
0.00522088
0.0054273
0.00555783
0.00558813
-0.000123231
-0.000103137
6.76018e-06
0.000184051
0.000427203
0.000730967
0.00108854
0.00149178
0.00193132
0.00239659
0.00287609
0.00335729
0.00382711
0.00427208
0.0046787
0.00503388
0.00532547
0.00554298
0.00568073
0.0057122
-0.000304668
-0.00028421
-0.000168481
1.83942e-05
0.000274941
0.000595724
0.000973698
0.00140046
0.00186628
0.00236023
0.0028703
0.00338346
0.00388584
0.00436306
0.00480055
0.00518395
0.00549969
0.00573588
0.00588587
0.00592033
-0.000564764
-0.000543552
-0.000419428
-0.000218786
5.69445e-05
0.000402044
0.000809112
0.00126934
0.00177253
0.00230724
0.0028608
0.00341948
0.00396838
0.00449189
0.00497391
0.00539825
0.00574929
0.00601298
0.00618108
0.00622031
-0.000909928
-0.000887698
-0.000752476
-0.00053367
-0.000232664
0.000144422
0.000589708
0.00109385
0.00164608
0.00223428
0.00284508
0.00346386
0.0040745
0.00465986
0.00520187
0.0056819
0.0060814
0.00638321
0.00657666
0.00662285
-0.0013484
-0.00132499
-0.00117579
-0.000934141
-0.00060138
-0.000184166
0.000308994
0.00086809
0.00148167
0.00213689
0.00281956
0.0035142
0.00420334
0.00486805
0.00548787
0.00604103
0.00650507
0.00685833
0.00708644
0.0071426
-0.00189075
-0.00186614
-0.00169984
-0.00143026
-0.00105873
-0.000592618
-4.12458e-05
0.000584562
0.00127256
0.00200915
0.00277935
0.0035669
0.00435301
0.00511692
0.00583542
0.00648286
0.00703162
0.0074537
0.00772898
0.0077995
-0.0025502
-0.00252452
-0.00233764
-0.00203451
-0.00161645
-0.00109184
-0.000471058
0.000234051
0.00101035
0.00184349
0.00271782
0.0036166
0.00451999
0.0054056
0.00624736
0.0070151
0.00767454
0.00818878
0.00852872
0.00862037
-0.00334306
-0.00331668
-0.00310527
-0.00276215
-0.00228877
-0.00169492
-0.000992425
-0.000194437
0.000684883
0.00163051
0.00262634
0.00365564
0.00469818
0.00573069
0.00672464
0.0076449
0.00844901
0.00908783
0.00951776
0.00964208
-0.00428958
-0.00426311
-0.00402247
-0.00363172
-0.00309273
-0.0024173
-0.0016193
-0.000713651
0.000284259
0.00135884
0.00249403
0.00367332
0.00487784
0.0060847
0.00726424
0.00837689
0.00937064
0.0101803
0.0107382
0.0109161
-0.00541518
-0.00538928
-0.00511373
-0.00466581
-0.00404865
-0.00327693
-0.00236753
-0.00133785
-0.000204945
0.00101513
0.0023073
0.00365506
0.00504407
0.00645379
0.00785606
0.00920945
0.0104524
0.0115003
0.0122446
0.0125172
-0.00675265
-0.00672739
-0.00640982
-0.00589216
-0.00518077
-0.00429438
-0.00325442
-0.00208208
-0.000796847
0.000584532
0.00204814
0.0035819
0.00517541
0.00681481
0.00847837
0.0101283
0.0116979
0.0130843
0.0141065
0.0145595
-0.00834915
-0.00832032
-0.00795079
-0.00734552
-0.00651822
-0.00549274
-0.00429785
-0.00296068
-0.0015044
5.34446e-05
0.00170106
0.00343175
0.00524289
0.00713193
0.00909111
0.0110969
0.0130868
0.0149634
0.0164107
0.0172197
-0.0102413
-0.0102136
-0.0097865
-0.00906994
-0.00809638
-0.00689723
-0.00551469
-0.00398518
-0.00233694
-0.000588726
0.00125032
0.00318004
0.00520978
0.0073534
0.00962735
0.0120411
0.0145531
0.0171418
0.019232
0.0208198
-0.0127245
-0.0125362
-0.012013
-0.0111311
-0.00996061
-0.00853491
-0.00691894
-0.00516154
-0.00329724
-0.00134607
0.000685071
0.00280254
0.00503391
0.00741068
0.00998245
0.0128232
0.0159184
0.0195055
0.0224976
0.0258325
-0.0150983
-0.015215
-0.0146587
-0.0135976
-0.0121629
-0.0104309
-0.00851661
-0.00648494
-0.00437639
-0.00221152
3.77335e-06
0.00226873
0.00466994
0.00721054
0.00996403
0.013143
0.0165863
0.0216105
0.0256083
0.0329795
-0.0207368
-0.0185504
-0.0180148
-0.016476
-0.0146615
-0.0125444
-0.0102681
-0.00791202
-0.00552945
-0.0031401
-0.000738262
0.00171771
0.00421934
0.00688078
0.0098726
0.0135085
0.017433
0.0242405
0.0300201
0.0429033
-0.023187
-0.0245923
-0.0232075
-0.0212463
-0.0185268
-0.0154731
-0.01246
-0.00956887
-0.00680878
-0.00416603
-0.00160715
0.000879481
0.00326125
0.00575666
0.00752954
0.0118306
0.0116667
0.021839
0.0219922
0.0525191
-0.047211
-0.0244237
-0.0241439
-0.0217608
-0.01873
-0.015756
-0.0128434
-0.00997018
-0.00718698
-0.00450937
-0.00193106
0.000583119
0.0030074
0.00559302
0.00814701
0.0122737
0.0166141
0.0307342
0.0514965
0.110398
5.08323e-06
2.67414e-05
0.00013279
0.000304016
0.000538364
0.0008306
0.00117402
0.00156064
0.00198125
0.00242557
0.00288237
0.00333966
0.00378492
0.00420542
0.00458856
0.00492229
0.00519558
0.00539907
0.00552746
0.00555838
-1.75011e-05
3.60626e-06
0.000110425
0.00028239
0.00051784
0.000811642
0.00115713
0.00154635
0.0019701
0.00241808
0.00287898
0.00334081
0.00379088
0.00421631
0.00460427
0.0049425
0.00521969
0.00542626
0.00555704
0.00558806
-0.000125796
-0.000104997
5.23771e-06
0.000182834
0.000426215
0.000730144
0.00108782
0.00149114
0.00193069
0.00239594
0.00287539
0.00335651
0.00382623
0.0042711
0.00467763
0.00503278
0.00532441
0.00554211
0.00568015
0.00571241
-0.000307841
-0.000286618
-0.000170509
1.67236e-05
0.000273553
0.000594557
0.0009727
0.00139958
0.00186548
0.00235946
0.00286951
0.00338263
0.00388493
0.00436207
0.00479949
0.00518287
0.00549867
0.00573507
0.00588538
0.00592069
-0.000568641
-0.000546588
-0.000422029
-0.000220964
5.51158e-05
0.000400501
0.0008078
0.0012682
0.00177152
0.0023063
0.00285988
0.00341854
0.00396738
0.00449081
0.00497276
0.00539708
0.00574818
0.00601208
0.00618052
0.00622069
-0.000914674
-0.0008915
-0.000755769
-0.000536453
-0.000235011
0.000142444
0.000588036
0.00109242
0.00164483
0.00223315
0.002844
0.00346277
0.00407335
0.00465863
0.00520054
0.0056805
0.00608005
0.00638207
0.00657587
0.00662314
-0.00135427
-0.00132977
-0.00117996
-0.00093768
-0.000604362
-0.000186664
0.000306906
0.000866337
0.00148017
0.00213556
0.00281832
0.00351296
0.00420202
0.00486661
0.00548628
0.00603931
0.00650333
0.00685678
0.00708524
0.00714263
-0.0018981
-0.00187222
-0.00170515
-0.00143477
-0.0010625
-0.000595739
-4.38066e-05
0.000582459
0.00127081
0.00200763
0.00277795
0.00356551
0.00435153
0.00511526
0.00583351
0.00648071
0.00702934
0.00745151
0.00772711
0.00779901
-0.00255955
-0.00253235
-0.00234448
-0.00204027
-0.00162121
-0.0010957
-0.00047414
0.000231601
0.00100838
0.00184185
0.00271636
0.00361516
0.00451841
0.00540375
0.00624512
0.00701243
0.00767152
0.00818568
0.00852582
0.00861903
-0.00335518
-0.00332692
-0.00311415
-0.00276954
-0.00229474
-0.00169962
-0.000996041
-0.000197172
0.000682815
0.0016289
0.00262499
0.00365431
0.00469667
0.00572879
0.00672214
0.00764167
0.00844506
0.00908343
0.00951331
0.00963923
-0.0043056
-0.0042767
-0.00403413
-0.00364121
-0.00310017
-0.00242291
-0.00162338
-0.000716501
0.000282325
0.00135753
0.00249308
0.00367246
0.00487676
0.00608307
0.0072617
0.00837318
0.00936561
0.0101741
0.0107314
0.0109108
-0.0054368
-0.00540761
-0.00512915
-0.00467799
-0.00405778
-0.00328341
-0.00237182
-0.00134045
-0.000206302
0.00101464
0.00230735
0.00365531
0.00504411
0.0064531
0.00785407
0.00920565
0.0104464
0.0114918
0.0122344
0.0125075
-0.00678253
-0.00675252
-0.00643037
-0.0059077
-0.00519168
-0.00430141
-0.00325838
-0.00208373
-0.000796825
0.000585789
0.00205019
0.00358437
0.00517779
0.00681637
0.00847833
0.0101256
0.0116914
0.0130731
0.0140916
0.0145423
-0.00839145
-0.00835531
-0.00797824
-0.007365
-0.00653063
-0.00549949
-0.00430034
-0.00296008
-0.00150157
5.79134e-05
0.00170672
0.00343822
0.00524964
0.00713811
0.00909546
0.0110977
0.0130821
0.0149501
0.0163897
0.0171902
-0.0103034
-0.0102632
-0.00982314
-0.00909359
-0.00810915
-0.00690184
-0.0055136
-0.00398016
-0.00232919
-0.000578949
0.00126179
0.00319313
0.00522403
0.00736787
0.0096403
0.0120502
0.0145552
0.0171292
0.0192056
0.0207682
-0.0128131
-0.0126065
-0.0120609
-0.0111578
-0.00997071
-0.00853368
-0.00691054
-0.00514871
-0.00328152
-0.00132809
0.000705553
0.00282656
0.00506061
0.00743944
0.0100106
0.0128486
0.0159392
0.0195023
0.0224733
0.025745
-0.0152411
-0.0153144
-0.0147201
-0.0136238
-0.0121641
-0.0104176
-0.00849544
-0.00645968
-0.0043488
-0.00218175
3.76371e-05
0.00231566
0.00471722
0.00726381
0.0100174
0.0131992
0.0166595
0.0216446
0.0256205
0.0328405
-0.02095
-0.0187007
-0.0180953
-0.0165033
-0.0146504
-0.0125132
-0.0102277
-0.0078687
-0.00548568
-0.00309551
-0.000691025
0.00176531
0.00428965
0.00697181
0.00992893
0.0135799
0.0175449
0.0243145
0.0300662
0.0427226
-0.0234934
-0.0247377
-0.0232697
-0.0212247
-0.0184617
-0.0153949
-0.0123817
-0.00949603
-0.00674167
-0.00410104
-0.00153916
0.000961741
0.00338424
0.00597054
0.00763019
0.0119274
0.0120218
0.0220619
0.0223405
0.0522686
-0.0476824
-0.024751
-0.0243078
-0.0217994
-0.0186945
-0.015691
-0.0127693
-0.0098963
-0.00711636
-0.00444024
-0.00185781
0.000668738
0.00311989
0.00573504
0.00827373
0.0124247
0.016838
0.0308392
0.0513441
0.109507
3.8691e-06
2.63552e-05
0.000132671
0.000304107
0.000538543
0.000830786
0.00117415
0.00156064
0.00198109
0.0024252
0.00288176
0.00333877
0.00378375
0.00420399
0.00458689
0.00492045
0.00519369
0.00539728
0.00552588
0.00555773
-1.97072e-05
2.34879e-06
0.000109463
0.0002817
0.000517325
0.000811234
0.00115678
0.001546
0.00196972
0.00241762
0.00287841
0.0033401
0.00379003
0.00421531
0.00460315
0.0049413
0.00521851
0.00542524
0.00555626
0.00558823
-0.000128541
-0.00010672
3.84116e-06
0.000181765
0.000425372
0.000729456
0.00108724
0.0014906
0.00193017
0.00239539
0.00287477
0.0033558
0.00382541
0.00427016
0.0046766
0.0050317
0.00532337
0.00554125
0.00567955
0.00571283
-0.000311214
-0.000288882
-0.000172408
1.52007e-05
0.000272311
0.000593525
0.000971822
0.00139881
0.00186477
0.00235876
0.00286879
0.00338185
0.00388407
0.00436113
0.00479846
0.0051818
0.00549767
0.00573428
0.00588485
0.0059213
-0.000572728
-0.000549448
-0.000424474
-0.000222973
5.34447e-05
0.000399097
0.000806604
0.00126716
0.00177059
0.00230542
0.00285902
0.00341764
0.00396641
0.00448976
0.00497162
0.0053959
0.00574706
0.00601119
0.00617993
0.00622136
-0.000919634
-0.00089508
-0.000758867
-0.000539036
-0.000237181
0.000140612
0.00058648
0.00109108
0.00164365
0.00223207
0.00284294
0.0034617
0.00407221
0.00465739
0.0051992
0.00567909
0.00607867
0.00638093
0.00657506
0.00662373
-0.00136035
-0.00133428
-0.00118389
-0.000940984
-0.000607145
-0.000189009
0.000304927
0.00086465
0.0014787
0.00213423
0.00281704
0.00351168
0.00420066
0.00486512
0.00548464
0.00603754
0.00650154
0.00685519
0.00708399
0.00714297
-0.00190568
-0.00187795
-0.00171018
-0.001439
-0.00106605
-0.000598706
-4.62809e-05
0.000580383
0.00126903
0.00200606
0.00277647
0.00356403
0.00434994
0.00511348
0.00583149
0.00647845
0.00702694
0.00744924
0.00772515
0.00779884
-0.00256915
-0.00253976
-0.00235098
-0.00204573
-0.00162574
-0.00109942
-0.000477176
0.000229121
0.00100632
0.00184009
0.00271474
0.00361353
0.00451664
0.00540169
0.00624268
0.00700955
0.00766829
0.0081824
0.00852274
0.00861797
-0.0033676
-0.00333666
-0.00312265
-0.00277659
-0.00230049
-0.00170422
-0.000999671
-0.000200018
0.000680569
0.00162707
0.0026234
0.00365272
0.00469487
0.00572657
0.0067193
0.00763809
0.00844075
0.0090787
0.00950851
0.00963664
-0.00432201
-0.00428972
-0.00404537
-0.00365037
-0.00310741
-0.00242849
-0.00162756
-0.000719568
0.000280098
0.00135589
0.0024918
0.0036712
0.00487524
0.00608098
0.0072587
0.00836895
0.00936
0.0101673
0.010724
0.0109055
-0.00545904
-0.00542537
-0.00514418
-0.00468987
-0.00406677
-0.00328993
-0.00237633
-0.0013434
-0.000208093
0.00101361
0.00230668
0.0036549
0.00504348
0.00645179
0.00785147
0.00920113
0.0104394
0.0114824
0.0122232
0.0124981
-0.00681348
-0.0067772
-0.00645063
-0.005923
-0.00520254
-0.00430859
-0.00326267
-0.00208585
-0.000797365
0.000586314
0.00205141
0.0035859
0.00517917
0.00681705
0.00847724
0.0101218
0.0116838
0.0130604
0.014075
0.0145252
-0.00843573
-0.00839018
-0.00800565
-0.00738438
-0.00654307
-0.00550646
-0.00430324
-0.0029601
-0.00149961
6.12066e-05
0.001711
0.0034431
0.00525459
0.00714243
0.00909802
0.0110968
0.0130758
0.0149342
0.0163659
0.0171584
-0.0103703
-0.0103139
-0.00986033
-0.00911729
-0.00812189
-0.00690659
-0.00551291
-0.003976
-0.00232281
-0.000570976
0.00127117
0.00320383
0.00523543
0.00737923
0.00965026
0.0120566
0.0145559
0.0171126
0.0191746
0.0207104
-0.0129095
-0.0126793
-0.0121098
-0.0111843
-0.00998032
-0.0085322
-0.0069025
-0.00513693
-0.00326752
-0.00131236
0.000723456
0.00284755
0.0050835
0.00746378
0.0100343
0.0128689
0.0159557
0.0194928
0.0224437
0.0256457
-0.0154034
-0.0154162
-0.0147833
-0.013648
-0.0121633
-0.0104025
-0.00847301
-0.00643409
-0.00432191
-0.00215376
6.88443e-05
0.00235481
0.0047608
0.00731398
0.0100692
0.0132522
0.0167356
0.0216733
0.0256318
0.0326815
-0.0212097
-0.0188727
-0.0181851
-0.0165319
-0.0146382
-0.0124791
-0.0101837
-0.00782232
-0.00543998
-0.00305134
-0.000645028
0.00181572
0.00436252
0.00707098
0.00998556
0.0136528
0.0176778
0.0244021
0.0301317
0.0425602
-0.0239259
-0.0248898
-0.0233267
-0.0211742
-0.018367
-0.0152925
-0.0122851
-0.00941003
-0.00666465
-0.00403303
-0.00146934
0.0010427
0.00351259
0.00622136
0.00775586
0.0119929
0.0124785
0.0223081
0.0228595
0.0520521
-0.0482644
-0.0251029
-0.0244682
-0.0218109
-0.0186452
-0.0156179
-0.0126894
-0.00981878
-0.00704333
-0.00437049
-0.0017836
0.000756697
0.00324409
0.00590493
0.00843874
0.0126202
0.0171286
0.0309115
0.0508621
0.108128
2.77787e-06
2.9395e-05
0.000136152
0.000307734
0.000541957
0.000833777
0.00117657
0.0015624
0.00198208
0.00242536
0.00288102
0.00333712
0.00378117
0.0042005
0.00458256
0.00491541
0.00518818
0.00539175
0.00552076
0.005557
-2.51113e-05
1.2039e-06
0.000108886
0.000281578
0.000517399
0.000811373
0.00115691
0.00154606
0.00196964
0.00241737
0.00287793
0.00333935
0.00378898
0.00421393
0.00460147
0.00493938
0.00521651
0.00542352
0.00555507
0.00559166
-0.000135118
-0.000108738
2.4475e-06
0.000180899
0.000424783
0.000729022
0.00108689
0.00149028
0.00192983
0.00239498
0.00287423
0.00335509
0.00382448
0.00426899
0.00467519
0.00503012
0.00532177
0.00553999
0.0056789
0.00571717
-0.000318863
-0.000291636
-0.000174485
1.37212e-05
0.00027117
0.000592603
0.000971055
0.00139814
0.00186415
0.00235814
0.00286811
0.00338106
0.00388312
0.00435997
0.00479711
0.0051803
0.00549618
0.00573319
0.00588445
0.00592632
-0.000581488
-0.000552873
-0.000427164
-0.000224998
5.18105e-05
0.000397729
0.000805436
0.00126614
0.00176966
0.00230452
0.00285807
0.00341662
0.00396524
0.0044884
0.00497006
0.00539419
0.00574537
0.00600995
0.00617946
0.00622692
-0.000929724
-0.000899259
-0.000762243
-0.000541667
-0.000239364
0.000138743
0.000584851
0.00108963
0.00164231
0.00223078
0.00284163
0.00346031
0.00407067
0.00465564
0.00519722
0.00567693
0.00607652
0.00637925
0.00657424
0.00662979
-0.00137215
-0.00133943
-0.00118815
-0.00094439
-0.000610023
-0.00019151
0.000302718
0.000862661
0.00147686
0.00213246
0.00281525
0.0035098
0.00419861
0.00486281
0.00548204
0.00603468
0.00649863
0.0068528
0.00708258
0.00714952
-0.00191974
-0.00188442
-0.00171563
-0.00144345
-0.00106985
-0.000602028
-4.92305e-05
0.000577718
0.00126656
0.00200368
0.00277406
0.00356152
0.00434722
0.00511043
0.00582803
0.00647459
0.0070229
0.00744571
0.00772272
0.00780579
-0.00258624
-0.00254806
-0.00235808
-0.00205159
-0.00163076
-0.00110381
-0.000481061
0.000225621
0.00100309
0.00183698
0.00271159
0.00361028
0.00451309
0.00539768
0.00623807
0.0070043
0.00766262
0.00817711
0.00851864
0.00862508
-0.00338885
-0.00334757
-0.00313208
-0.0027844
-0.00230715
-0.00170998
-0.00100471
-0.000204511
0.000676459
0.00162318
0.00261953
0.00364864
0.00469036
0.00572139
0.00671322
0.00763094
0.00843269
0.00907066
0.00950165
0.00964327
-0.00434918
-0.00430447
-0.00405814
-0.00366088
-0.00311624
-0.00243596
-0.00163397
-0.000725173
0.000275061
0.00135123
0.0024876
0.0036663
0.00486969
0.00607445
0.00725078
0.00835927
0.00934853
0.010155
0.0107126
0.0109101
-0.00549499
-0.00544593
-0.00516181
-0.00470414
-0.0040784
-0.00329946
-0.00238423
-0.0013501
-0.000213982
0.00100816
0.00230117
0.00364922
0.005037
0.0064439
0.00784148
0.00918825
0.0104232
0.0114633
0.0122042
0.0124967
-0.00686322
-0.00680695
-0.00647545
-0.00594241
-0.00521762
-0.00432032
-0.0032719
-0.00209332
-0.000803677
0.000580619
0.00204578
0.00358003
0.00517229
0.00680821
0.00846537
0.0101053
0.0116614
0.013031
0.0140437
0.0145089
-0.00850787
-0.00843464
-0.00804109
-0.00741051
-0.00656183
-0.00551985
-0.00431286
-0.0029672
-0.00150511
5.66524e-05
0.00170686
0.00343867
0.00524894
0.00713436
0.00908585
0.0110779
0.0130472
0.0148898
0.0163149
0.0171079
-0.0104898
-0.0103855
-0.00991208
-0.0091513
-0.00814286
-0.00691906
-0.00552006
-0.00397993
-0.00232477
-0.000571712
0.00127114
0.00320413
0.00523451
0.00737596
0.00964271
0.0120405
0.0145259
0.0170499
0.019096
0.0205806
-0.0130807
-0.0127912
-0.0121797
-0.0112219
-0.0099957
-0.00853566
-0.00689968
-0.00513116
-0.00326038
-0.00130437
0.000732642
0.00285924
0.00509373
0.00747358
0.0100444
0.0128734
0.0159533
0.0194314
0.0223656
0.0253611
-0.0157933
-0.0155966
-0.0148791
-0.0136696
-0.0121476
-0.010375
-0.00844314
-0.00640541
-0.00429502
-0.00212817
9.57668e-05
0.00239136
0.00479411
0.00735378
0.0101334
0.013327
0.0168699
0.0217093
0.0256847
0.0321385
-0.0218556
-0.0192701
-0.018308
-0.0165319
-0.0145651
-0.0123852
-0.0100909
-0.0077402
-0.00536971
-0.00299036
-0.000590271
0.00186254
0.00443198
0.00715402
0.0101408
0.0138461
0.0180804
0.0247638
0.0306953
0.0421844
-0.0253717
-0.024949
-0.0230846
-0.0206874
-0.0178797
-0.0148991
-0.0119855
-0.00918482
-0.00649178
-0.00388884
-0.00134703
0.00116059
0.00363036
0.00627148
0.00842733
0.0123333
0.0139679
0.0233714
0.0256102
0.0514677
-0.0504161
-0.0262298
-0.0247543
-0.0216475
-0.0183768
-0.0153536
-0.0124515
-0.00962009
-0.00687963
-0.00423025
-0.00165257
0.00089105
0.00342372
0.00613279
0.00891669
0.0132077
0.0182694
0.0316505
0.0492
0.102212
)
;

boundaryField
{
    movingWall
    {
        type            zeroGradient;
    }
    fixedWalls
    {
        type            zeroGradient;
    }
}


// ************************************************************************* //
